日期,股票代码,开盘,收盘,最高,最低,成交量,成交额,振幅,涨跌幅,涨跌额,换手率
1994-01-28,600821,1.44,1.24,1.45,1.21,60132,44747000.0,58.54,202.44,0.83,18.61
1994-01-31,600821,1.2,1.15,1.2,1.12,29211,18468000.0,6.45,-7.26,-0.09,9.04
1994-02-01,600821,1.13,1.12,1.17,1.11,11247,6989000.0,5.22,-2.61,-0.03,3.48
1994-02-02,600821,1.12,1.17,1.17,1.12,10585,6675000.0,4.46,4.46,0.05,3.28
1994-02-03,600821,1.17,1.19,1.22,1.17,28737,18853000.0,4.27,1.71,0.02,8.89
1994-02-04,600821,1.19,1.21,1.22,1.18,14153,9315000.0,3.36,1.68,0.02,4.38
1994-02-14,600821,1.23,1.18,1.25,1.15,11635,7720000.0,8.26,-2.48,-0.03,3.6
1994-02-15,600821,1.16,1.16,1.18,1.14,2893,1820000.0,3.39,-1.69,-0.02,0.9
1994-02-16,600821,1.17,1.16,1.18,1.15,1646,1050000.0,2.59,0.0,0.0,0.51
1994-02-17,600821,1.16,1.15,1.16,1.14,1261,922000.0,1.72,-0.86,-0.01,0.39
1994-02-18,600821,1.15,1.14,1.15,1.14,1431,895000.0,0.87,-0.87,-0.01,0.44
1994-02-21,600821,1.14,1.11,1.14,1.11,3318,2016000.0,2.63,-2.63,-0.03,1.03
1994-02-22,600821,1.11,1.13,1.17,1.09,3665,2256000.0,7.21,1.8,0.02,1.13
1994-02-23,600821,1.15,1.12,1.15,1.12,1540,942000.0,2.65,-0.88,-0.01,0.48
1994-02-24,600821,1.13,1.13,1.14,1.11,2807,1705000.0,2.68,0.89,0.01,0.87
1994-02-25,600821,1.14,1.14,1.16,1.12,5165,3185000.0,3.54,0.88,0.01,1.6
1994-02-28,600821,1.15,1.11,1.15,1.1,5473,3320000.0,4.39,-2.63,-0.03,1.69
1994-03-01,600821,1.11,1.09,1.12,1.08,2666,1579000.0,3.6,-1.8,-0.02,0.83
1994-03-02,600821,1.08,1.06,1.11,1.05,4686,2709000.0,5.5,-2.75,-0.03,1.45
1994-03-03,600821,1.03,1.03,1.05,1.03,3050,1692000.0,1.89,-2.83,-0.03,0.94
1994-03-04,600821,1.02,1.03,1.06,1.0,7265,3962000.0,5.83,0.0,0.0,2.25
1994-03-07,600821,1.03,1.02,1.03,1.02,1009,548000.0,0.97,-0.97,-0.01,0.31
1994-03-08,600821,1.02,0.98,1.02,0.96,4277,2248000.0,5.88,-3.92,-0.04,1.32
1994-03-09,600821,0.95,0.97,0.99,0.93,9292,4703000.0,6.12,-1.02,-0.01,2.88
1994-03-10,600821,0.98,0.94,0.99,0.92,6982,3511000.0,7.22,-3.09,-0.03,2.16
1994-03-11,600821,0.94,0.99,1.02,0.89,16296,8286000.0,13.83,5.32,0.05,5.04
1994-03-14,600821,1.11,1.22,1.27,1.08,68843,44608000.0,19.19,23.23,0.23,21.31
1994-03-15,600821,1.26,1.14,1.26,1.11,28135,18149000.0,12.3,-6.56,-0.08,8.71
1994-03-16,600821,1.12,1.2,1.21,1.11,20791,13085000.0,8.77,5.26,0.06,6.43
1994-03-17,600821,1.22,1.14,1.25,1.12,36948,24386000.0,10.83,-5.0,-0.06,11.43
1994-03-18,600821,1.12,1.12,1.16,1.08,15713,9531000.0,7.02,-1.75,-0.02,4.86
1994-03-21,600821,1.08,1.05,1.09,1.03,6952,3988000.0,5.36,-6.25,-0.07,2.15
1994-03-22,600821,1.03,1.09,1.09,1.02,5469,3096000.0,6.67,3.81,0.04,1.69
1994-03-23,600821,1.08,1.06,1.09,1.05,4638,2647000.0,3.67,-2.75,-0.03,1.44
1994-03-24,600821,1.06,1.08,1.12,1.05,11749,6919000.0,6.6,1.89,0.02,3.64
1994-03-25,600821,1.12,1.12,1.16,1.08,40303,24653000.0,7.41,3.7,0.04,12.47
1994-03-28,600821,1.12,1.09,1.2,1.06,84606,53898000.0,12.5,-2.68,-0.03,26.18
1994-03-29,600821,1.09,1.11,1.12,1.09,21713,12950000.0,2.75,1.83,0.02,6.72
1994-03-30,600821,1.12,1.12,1.16,1.11,26456,16386000.0,4.5,0.9,0.01,8.19
1994-03-31,600821,1.14,1.15,1.17,1.12,23435,14651000.0,4.46,2.68,0.03,7.25
1994-04-01,600821,1.17,1.12,1.18,1.11,29362,18381000.0,6.09,-2.61,-0.03,9.09
1994-04-04,600821,1.12,1.09,1.14,1.09,13565,8174000.0,4.46,-2.68,-0.03,4.2
1994-04-05,600821,1.08,1.09,1.11,1.08,7673,4514000.0,2.75,0.0,0.0,2.37
1994-04-06,600821,1.09,1.08,1.1,1.08,4058,2387000.0,1.83,-0.92,-0.01,1.26
1994-04-07,600821,1.08,1.08,1.1,1.08,4528,2647000.0,1.85,0.0,0.0,1.4
1994-04-08,600821,1.08,1.08,1.08,1.07,3765,2179000.0,0.93,0.0,0.0,1.17
1994-04-11,600821,1.07,1.05,1.07,1.05,2950,1666000.0,1.85,-2.78,-0.03,0.91
1994-04-12,600821,1.06,1.1,1.11,1.06,12829,7533000.0,4.76,4.76,0.05,3.97
1994-04-13,600821,1.11,1.07,1.12,1.05,9378,5507000.0,6.36,-2.73,-0.03,2.9
1994-04-14,600821,1.06,1.04,1.07,1.03,5046,2833000.0,3.74,-2.8,-0.03,1.56
1994-04-15,600821,1.03,1.05,1.06,0.96,6950,3724000.0,9.62,0.96,0.01,2.15
1994-04-18,600821,1.01,1.04,1.06,1.01,7387,4108000.0,4.76,-0.95,-0.01,2.29
1994-04-19,600821,1.0,0.98,1.05,0.98,5572,3017000.0,6.73,-5.77,-0.06,1.72
1994-04-20,600821,0.97,0.95,1.0,0.95,7853,3999000.0,5.1,-3.06,-0.03,2.43
1994-04-21,600821,0.94,1.01,1.02,0.94,10075,5185000.0,8.42,6.32,0.06,3.12
1994-04-22,600821,1.0,0.96,1.03,0.96,13678,7201000.0,6.93,-4.95,-0.05,4.23
1994-04-25,600821,0.97,0.96,0.99,0.95,3206,1623000.0,4.17,0.0,0.0,0.99
1994-04-26,600821,0.96,0.98,0.98,0.96,2537,1295000.0,2.08,2.08,0.02,0.79
1994-04-27,600821,0.99,0.99,1.0,0.97,5643,2941000.0,3.06,1.02,0.01,1.75
1994-04-28,600821,1.01,0.98,1.01,0.98,10370,5498000.0,3.03,-1.01,-0.01,3.21
1994-04-29,600821,0.98,0.96,0.99,0.96,5079,2601000.0,3.06,-2.04,-0.02,1.57
1994-05-03,600821,0.97,0.99,0.99,0.97,4425,2294000.0,2.08,3.13,0.03,1.37
1994-05-04,600821,1.01,1.03,1.04,1.0,23188,12627000.0,4.04,4.04,0.04,7.18
1994-05-05,600821,1.02,0.98,1.02,0.96,8306,4330000.0,5.83,-4.85,-0.05,2.57
1994-05-06,600821,0.98,0.97,0.99,0.95,6262,3175000.0,4.08,-1.02,-0.01,1.94
1994-05-09,600821,0.99,0.98,1.0,0.97,4185,2167000.0,3.09,1.03,0.01,1.3
1994-05-11,600821,1.0,0.97,1.01,0.97,7131,3776000.0,4.08,-1.02,-0.01,2.21
1994-05-12,600821,0.96,0.97,0.98,0.96,3140,1602000.0,2.06,0.0,0.0,0.97
1994-05-13,600821,0.97,0.98,0.98,0.96,3808,1940000.0,2.06,1.03,0.01,1.18
1994-05-16,600821,1.0,0.99,1.01,0.98,9302,4897000.0,3.06,1.02,0.01,2.88
1994-05-17,600821,0.99,0.98,1.0,0.98,2543,1321000.0,2.02,-1.01,-0.01,0.79
1994-05-18,600821,0.98,0.96,0.98,0.96,4409,2250000.0,2.04,-2.04,-0.02,1.36
1994-05-19,600821,0.96,0.97,0.97,0.96,3814,1934000.0,1.04,1.04,0.01,1.18
1994-05-20,600821,0.97,0.97,0.98,0.96,6049,3081000.0,2.06,0.0,0.0,1.87
1994-05-23,600821,0.99,0.99,0.99,0.98,10236,3970000.0,1.03,2.06,0.02,2.64
1994-05-24,600821,0.99,0.99,0.99,0.99,4901,1908000.0,0.0,0.0,0.0,1.26
1994-05-25,600821,0.99,0.97,1.0,0.96,4595,1764000.0,4.04,-2.02,-0.02,1.19
1994-05-26,600821,0.97,0.95,0.97,0.95,4421,1651000.0,2.06,-2.06,-0.02,1.14
1994-05-27,600821,0.93,0.93,0.95,0.93,4264,1566000.0,2.11,-2.11,-0.02,1.1
1994-05-30,600821,0.91,0.87,0.93,0.86,4191,1437000.0,7.53,-6.45,-0.06,1.08
1994-05-31,600821,0.85,0.9,0.9,0.85,2598,880000.0,5.75,3.45,0.03,0.67
1994-06-01,600821,0.89,0.87,0.89,0.86,2694,913000.0,3.33,-3.33,-0.03,0.69
1994-06-02,600821,0.87,0.86,0.88,0.86,1630,546000.0,2.3,-1.15,-0.01,0.42
1994-06-03,600821,0.87,0.87,0.88,0.86,2370,798000.0,2.33,1.16,0.01,0.61
1994-06-06,600821,0.85,0.83,0.85,0.83,3932,1267000.0,2.3,-4.6,-0.04,0.81
1994-06-07,600821,0.83,0.8,0.83,0.8,3122,969000.0,3.61,-3.61,-0.03,0.64
1994-06-08,600821,0.79,0.81,0.82,0.78,4324,1323000.0,5.0,1.25,0.01,0.89
1994-06-09,600821,0.81,0.79,0.81,0.78,2701,825000.0,3.7,-2.47,-0.02,0.56
1994-06-10,600821,0.78,0.78,0.79,0.77,2576,772000.0,2.53,-1.27,-0.01,0.53
1994-06-13,600821,0.77,0.75,0.77,0.74,3524,1014000.0,3.85,-3.85,-0.03,0.73
1994-06-14,600821,0.75,0.76,0.78,0.75,3609,1047000.0,4.0,1.33,0.01,0.74
1994-06-15,600821,0.76,0.78,0.78,0.76,3775,1114000.0,2.63,2.63,0.02,0.78
1994-06-16,600821,0.78,0.78,0.79,0.77,6852,2045000.0,2.56,0.0,0.0,1.41
1994-06-17,600821,0.79,0.84,0.85,0.79,23054,7272000.0,7.69,7.69,0.06,4.76
1994-06-20,600821,0.8,0.8,0.85,0.79,18586,5930000.0,7.14,-4.76,-0.04,3.83
1994-06-21,600821,0.79,0.78,0.8,0.78,6015,1814000.0,2.5,-2.5,-0.02,1.24
1994-06-22,600821,0.79,0.8,0.81,0.79,2719,831000.0,2.56,2.56,0.02,0.56
1994-06-23,600821,0.8,0.8,0.81,0.78,4204,1276000.0,3.75,0.0,0.0,0.87
1994-06-24,600821,0.8,0.78,0.8,0.78,3127,940000.0,2.5,-2.5,-0.02,0.65
1994-06-27,600821,0.77,0.76,0.77,0.75,3725,1078000.0,2.56,-2.56,-0.02,0.77
1994-06-28,600821,0.75,0.76,0.76,0.75,1307,378000.0,1.32,0.0,0.0,0.27
1994-06-29,600821,0.77,0.77,0.77,0.76,1678,490000.0,1.32,1.32,0.01,0.35
1994-06-30,600821,0.76,0.77,0.78,0.76,2125,619000.0,2.6,0.0,0.0,0.44
1994-07-01,600821,0.77,0.76,0.77,0.76,1464,428000.0,1.3,-1.3,-0.01,0.3
1994-07-04,600821,0.75,0.76,0.76,0.75,2322,669000.0,1.32,0.0,0.0,0.48
1994-07-05,600821,0.77,0.78,0.78,0.75,2533,744000.0,3.95,2.63,0.02,0.52
1994-07-06,600821,0.77,0.76,0.78,0.75,2070,606000.0,3.85,-2.56,-0.02,0.43
1994-07-07,600821,0.76,0.76,0.77,0.76,963,279000.0,1.32,0.0,0.0,0.2
1994-07-08,600821,0.76,0.78,0.78,0.76,2198,647000.0,2.63,2.63,0.02,0.45
1994-07-11,600821,0.77,0.76,0.77,0.76,1685,490000.0,1.28,-2.56,-0.02,0.35
1994-07-12,600821,0.76,0.77,0.77,0.76,525,153000.0,1.32,1.32,0.01,0.11
1994-07-13,600821,0.77,0.77,0.78,0.77,1261,372000.0,1.3,0.0,0.0,0.26
1994-07-14,600821,0.78,0.77,0.78,0.76,1233,361000.0,2.6,0.0,0.0,0.25
1994-07-15,600821,0.77,0.75,0.77,0.75,3395,978000.0,2.6,-2.6,-0.02,0.7
1994-07-18,600821,0.74,0.74,0.74,0.73,2576,714000.0,1.33,-1.33,-0.01,0.53
1994-07-19,600821,0.74,0.74,0.74,0.73,1540,429000.0,1.35,0.0,0.0,0.32
1994-07-20,600821,0.74,0.73,0.74,0.73,1076,300000.0,1.35,-1.35,-0.01,0.22
1994-07-21,600821,0.73,0.72,0.73,0.72,1752,477000.0,1.37,-1.37,-0.01,0.36
1994-07-22,600821,0.72,0.7,0.74,0.7,2913,781000.0,5.56,-2.78,-0.02,0.6
1994-07-25,600821,0.7,0.72,0.72,0.69,2625,693000.0,4.29,2.86,0.02,0.54
1994-07-26,600821,0.72,0.73,0.74,0.7,3656,992000.0,5.56,1.39,0.01,0.75
1994-07-27,600821,0.73,0.71,0.74,0.7,3835,1046000.0,5.48,-2.74,-0.02,0.79
1994-07-28,600821,0.7,0.65,0.7,0.64,4112,1032000.0,8.45,-8.45,-0.06,0.85
1994-07-29,600821,0.6,0.6,0.61,0.57,5286,1153000.0,6.15,-7.69,-0.05,1.09
1994-08-01,600821,0.7,0.77,0.78,0.67,25291,6918000.0,18.33,28.33,0.17,5.22
1994-08-02,600821,0.76,0.74,0.84,0.72,39487,11919000.0,15.58,-3.9,-0.03,8.15
1994-08-03,600821,0.72,0.87,0.87,0.72,39803,12172000.0,20.27,17.57,0.13,8.21
1994-08-04,600821,0.99,0.99,1.13,0.9,141976,54871000.0,26.44,13.79,0.12,29.29
1994-08-05,600821,1.03,1.28,1.32,1.02,128382,57137000.0,30.3,29.29,0.29,26.49
1994-08-08,600821,1.3,1.33,1.49,1.04,130539,69524000.0,35.16,3.91,0.05,26.93
1994-08-09,600821,1.34,1.16,1.35,1.13,70947,34948000.0,16.54,-12.78,-0.17,14.64
1994-08-10,600821,1.13,1.34,1.39,1.07,101469,50119000.0,27.59,15.52,0.18,20.94
1994-08-11,600821,1.42,1.26,1.43,1.22,123973,67566000.0,15.67,-5.97,-0.08,25.58
1994-08-12,600821,1.21,1.24,1.33,1.2,43729,22074000.0,10.32,-1.59,-0.02,9.02
1994-08-15,600821,1.2,1.2,1.24,1.18,23443,11310000.0,4.84,-3.23,-0.04,4.84
1994-08-16,600821,1.21,1.25,1.33,1.18,54531,27850000.0,12.5,4.17,0.05,11.25
1994-08-17,600821,1.29,1.29,1.29,1.26,24215,12410000.0,2.4,3.2,0.04,5.0
1994-08-18,600821,1.32,1.31,1.36,1.24,94604,50718000.0,9.3,1.55,0.02,19.52
1994-08-19,600821,1.31,1.27,1.33,1.26,44772,23197000.0,5.34,-3.05,-0.04,9.24
1994-08-22,600821,1.2,1.21,1.24,1.15,26692,12890000.0,7.09,-4.72,-0.06,5.51
1994-08-23,600821,1.21,1.24,1.24,1.18,13520,6535000.0,4.96,2.48,0.03,2.79
1994-08-24,600821,1.26,1.24,1.3,1.22,32385,16562000.0,6.45,0.0,0.0,6.68
1994-08-25,600821,1.27,1.25,1.27,1.24,16114,8068000.0,2.42,0.81,0.01,3.32
1994-08-26,600821,1.27,1.21,1.27,1.19,18417,9066000.0,6.4,-3.2,-0.04,3.8
1994-08-29,600821,1.19,1.2,1.21,1.13,12684,5942000.0,6.61,-0.83,-0.01,2.62
1994-08-30,600821,1.19,1.25,1.28,1.17,37422,18639000.0,9.17,4.17,0.05,6.17
1994-08-31,600821,1.27,1.36,1.43,1.25,274034,151541000.0,14.4,8.8,0.11,45.21
1994-09-01,600821,1.4,1.32,1.42,1.31,80922,44411000.0,8.09,-2.94,-0.04,13.35
1994-09-02,600821,1.33,1.34,1.35,1.29,42165,22429000.0,4.55,1.52,0.02,6.96
1994-09-05,600821,1.43,1.45,1.47,1.36,158032,91354000.0,8.21,8.21,0.11,26.07
1994-09-06,600821,1.52,1.51,1.59,1.48,189863,117900000.0,7.59,4.14,0.06,31.32
1994-09-07,600821,1.49,1.34,1.57,1.33,107089,65158000.0,15.89,-11.26,-0.17,17.67
1994-09-08,600821,1.4,1.36,1.43,1.36,45060,25258000.0,5.22,1.49,0.02,7.43
1994-09-09,600821,1.39,1.35,1.42,1.32,43151,24055000.0,7.35,-0.74,-0.01,7.12
1994-09-12,600821,1.39,1.44,1.45,1.36,43607,24927000.0,6.67,6.67,0.09,7.19
1994-09-13,600821,1.47,1.41,1.5,1.39,58664,34772000.0,7.64,-2.08,-0.03,9.68
1994-09-14,600821,1.42,1.41,1.47,1.35,47916,27389000.0,8.51,0.0,0.0,7.9
1994-09-15,600821,1.38,1.36,1.41,1.31,23491,12871000.0,7.09,-3.55,-0.05,3.88
1994-09-16,600821,1.4,1.4,1.46,1.37,93664,54203000.0,6.62,2.94,0.04,15.45
1994-09-19,600821,1.43,1.43,1.53,1.41,163184,98235000.0,8.57,2.14,0.03,26.92
1994-09-20,600821,1.45,1.39,1.47,1.39,39058,22470000.0,5.59,-2.8,-0.04,6.44
1994-09-21,600821,1.42,1.44,1.44,1.39,29457,16817000.0,3.6,3.6,0.05,4.86
1994-09-22,600821,1.46,1.36,1.46,1.35,30724,17355000.0,7.64,-5.56,-0.08,5.07
1994-09-23,600821,1.36,1.29,1.36,1.28,37591,20006000.0,5.88,-5.15,-0.07,6.2
1994-09-26,600821,1.27,1.28,1.31,1.25,16017,8196000.0,4.65,-0.78,-0.01,2.64
1994-09-27,600821,1.28,1.28,1.3,1.27,10613,5475000.0,2.34,0.0,0.0,1.75
1994-09-28,600821,1.3,1.29,1.33,1.28,15306,8014000.0,3.91,0.78,0.01,2.53
1994-09-29,600821,1.32,1.18,1.33,1.15,22158,11246000.0,13.95,-8.53,-0.11,3.66
1994-09-30,600821,1.15,1.1,1.18,1.1,26957,12053000.0,6.78,-6.78,-0.08,4.45
1994-10-05,600821,1.07,0.99,1.07,0.9,19659,7772000.0,15.45,-10.0,-0.11,3.24
1994-10-06,600821,1.03,0.93,1.03,0.93,17140,6697000.0,10.1,-6.06,-0.06,2.83
1994-10-07,600821,0.91,1.05,1.08,0.78,30718,10731000.0,32.26,12.9,0.12,5.07
1994-10-10,600821,0.99,0.99,1.03,0.93,22942,8949000.0,9.52,-5.71,-0.06,3.78
1994-10-11,600821,0.99,0.99,1.01,0.96,7905,3078000.0,5.05,0.0,0.0,1.3
1994-10-12,600821,1.0,0.98,1.01,0.96,9179,3586000.0,5.05,-1.01,-0.01,1.51
1994-10-13,600821,0.98,0.9,0.98,0.89,16386,5951000.0,9.18,-8.16,-0.08,2.7
1994-10-14,600821,0.85,0.92,0.92,0.83,16685,5730000.0,10.0,2.22,0.02,2.75
1994-10-17,600821,0.87,0.87,0.88,0.86,7112,2398000.0,2.17,-5.43,-0.05,1.17
1994-10-18,600821,0.87,0.87,0.88,0.87,4244,1427000.0,1.15,0.0,0.0,0.7
1994-10-19,600821,0.89,0.9,0.9,0.87,7377,2548000.0,3.45,3.45,0.03,1.22
1994-10-20,600821,0.91,0.97,0.98,0.91,17483,6483000.0,7.78,7.78,0.07,2.88
1994-10-21,600821,0.98,0.93,0.99,0.9,29286,11003000.0,9.28,-4.12,-0.04,4.83
1994-10-24,600821,0.98,1.03,1.03,0.94,34242,13208000.0,9.68,10.75,0.1,5.65
1994-10-25,600821,1.06,0.98,1.06,0.97,39986,16145000.0,8.74,-4.85,-0.05,6.6
1994-10-26,600821,0.95,0.91,0.96,0.89,17774,6406000.0,7.14,-7.14,-0.07,2.93
1994-10-27,600821,0.9,0.93,0.94,0.9,13005,4641000.0,4.4,2.2,0.02,2.15
1994-10-28,600821,0.94,0.92,0.98,0.9,26435,9781000.0,8.6,-1.08,-0.01,4.36
1994-10-31,600821,0.88,0.9,0.91,0.88,8212,2877000.0,3.26,-2.17,-0.02,1.35
1994-11-01,600821,0.91,0.92,0.93,0.9,5034,1796000.0,3.33,2.22,0.02,0.83
1994-11-02,600821,0.91,0.92,0.92,0.91,2579,923000.0,1.09,0.0,0.0,0.43
1994-11-03,600821,0.93,0.96,0.97,0.92,17358,6492000.0,5.43,4.35,0.04,2.86
1994-11-04,600821,0.97,0.91,0.97,0.9,8902,3201000.0,7.29,-5.21,-0.05,1.47
1994-11-07,600821,0.89,0.91,0.92,0.89,3245,1148000.0,3.3,0.0,0.0,0.54
1994-11-08,600821,0.95,0.93,0.96,0.92,11997,4420000.0,4.4,2.2,0.02,1.98
1994-11-09,600821,0.91,0.93,0.93,0.9,5677,2045000.0,3.23,0.0,0.0,0.94
1994-11-10,600821,0.94,0.92,0.95,0.91,6283,2285000.0,4.3,-1.08,-0.01,1.04
1994-11-11,600821,0.93,0.93,0.93,0.91,4365,1568000.0,2.17,1.09,0.01,0.72
1994-11-14,600821,0.94,0.94,0.95,0.92,8806,3247000.0,3.23,1.08,0.01,1.45
1994-11-15,600821,0.93,0.92,0.93,0.91,6264,2249000.0,2.13,-2.13,-0.02,1.03
1994-11-16,600821,0.91,0.92,0.93,0.91,2802,1000000.0,2.17,0.0,0.0,0.46
1994-11-17,600821,0.93,0.91,0.93,0.91,2682,958000.0,2.17,-1.09,-0.01,0.44
1994-11-18,600821,0.9,0.9,0.91,0.9,2471,869000.0,1.1,-1.1,-0.01,0.41
1994-11-21,600821,0.9,0.91,0.92,0.9,2378,844000.0,2.22,1.11,0.01,0.39
1994-11-22,600821,0.91,0.91,0.92,0.9,1285,455000.0,2.2,0.0,0.0,0.21
1994-11-23,600821,0.91,0.9,0.92,0.9,1489,524000.0,2.2,-1.1,-0.01,0.25
1994-11-24,600821,0.9,0.9,0.9,0.9,1139,400000.0,0.0,0.0,0.0,0.19
1994-11-25,600821,0.91,0.91,0.92,0.91,1995,708000.0,1.11,1.11,0.01,0.33
1994-11-28,600821,0.91,0.91,0.91,0.9,911,321000.0,1.1,0.0,0.0,0.15
1994-11-29,600821,0.9,0.91,0.91,0.9,1575,554000.0,1.1,0.0,0.0,0.26
1994-11-30,600821,0.91,0.91,0.91,0.91,887,314000.0,0.0,0.0,0.0,0.15
1994-12-01,600821,0.91,0.9,0.91,0.9,485,171000.0,1.1,-1.1,-0.01,0.08
1994-12-02,600821,0.91,0.91,0.91,0.9,605,214000.0,1.11,1.11,0.01,0.1
1994-12-05,600821,0.9,0.89,0.91,0.89,1095,381000.0,2.2,-2.2,-0.02,0.18
1994-12-06,600821,0.88,0.87,0.9,0.84,2406,806000.0,6.74,-2.25,-0.02,0.4
1994-12-07,600821,0.85,0.87,0.88,0.85,1323,442000.0,3.45,0.0,0.0,0.22
1994-12-08,600821,0.87,0.86,0.87,0.86,1018,340000.0,1.15,-1.15,-0.01,0.17
1994-12-09,600821,0.85,0.86,0.86,0.85,1649,545000.0,1.16,0.0,0.0,0.27
1994-12-12,600821,0.85,0.84,0.88,0.83,1861,603000.0,5.81,-2.33,-0.02,0.31
1994-12-13,600821,0.84,0.85,0.86,0.84,1314,429000.0,2.38,1.19,0.01,0.22
1994-12-14,600821,0.85,0.85,0.85,0.84,715,234000.0,1.18,0.0,0.0,0.12
1994-12-15,600821,0.86,0.9,0.91,0.85,3108,1054000.0,7.06,5.88,0.05,0.51
1994-12-16,600821,0.88,0.9,0.92,0.86,6992,2457000.0,6.67,0.0,0.0,1.15
1994-12-19,600821,0.89,0.87,0.91,0.87,2090,715000.0,4.44,-3.33,-0.03,0.34
1994-12-20,600821,0.87,0.87,0.88,0.85,1465,493000.0,3.45,0.0,0.0,0.24
1994-12-21,600821,0.86,0.87,0.88,0.85,3088,1038000.0,3.45,0.0,0.0,0.51
1994-12-22,600821,0.89,0.85,0.89,0.85,2009,668000.0,4.6,-2.3,-0.02,0.33
1994-12-23,600821,0.86,0.86,0.88,0.85,4254,1423000.0,3.53,1.18,0.01,0.7
1994-12-26,600821,0.86,0.97,0.98,0.85,40063,14635000.0,15.12,12.79,0.11,6.61
1994-12-27,600821,0.95,0.98,1.01,0.93,81033,30968000.0,8.25,1.03,0.01,13.37
1994-12-28,600821,0.98,0.93,0.98,0.93,12661,4731000.0,5.1,-5.1,-0.05,2.09
1994-12-29,600821,0.98,0.95,0.98,0.93,10359,3841000.0,5.38,2.15,0.02,1.71
1994-12-30,600821,0.95,0.96,1.0,0.94,29721,11354000.0,6.32,1.05,0.01,4.9
1995-01-03,600821,0.95,0.96,0.97,0.94,4446,1668000.0,3.13,0.0,0.0,0.73
1995-01-04,600821,0.95,0.96,0.96,0.93,4719,1746000.0,3.13,0.0,0.0,0.78
1995-01-05,600821,0.95,0.99,1.02,0.95,27527,10747000.0,7.29,3.13,0.03,4.54
1995-01-06,600821,0.97,1.0,1.01,0.96,23404,9168000.0,5.05,1.01,0.01,3.86
1995-01-09,600821,0.99,1.0,1.0,0.97,13118,5122000.0,3.0,0.0,0.0,2.16
1995-01-10,600821,0.98,1.04,1.04,0.98,56247,22636000.0,6.0,4.0,0.04,9.28
1995-01-11,600821,1.04,1.05,1.06,1.0,41311,16788000.0,5.77,0.96,0.01,6.82
1995-01-12,600821,1.03,1.01,1.03,1.0,11634,4656000.0,2.86,-3.81,-0.04,1.92
1995-01-13,600821,1.0,0.98,1.0,0.98,5249,2036000.0,1.98,-2.97,-0.03,0.87
1995-01-16,600821,0.97,0.98,0.98,0.93,5186,1937000.0,5.1,0.0,0.0,0.86
1995-01-17,600821,0.97,0.96,0.98,0.96,1359,514000.0,2.04,-2.04,-0.02,0.22
1995-01-18,600821,0.96,0.98,0.98,0.95,917,347000.0,3.13,2.08,0.02,0.15
1995-01-19,600821,0.97,0.93,0.97,0.92,3758,1371000.0,5.1,-5.1,-0.05,0.62
1995-01-20,600821,0.91,0.93,0.96,0.9,2119,766000.0,6.45,0.0,0.0,0.35
1995-01-23,600821,0.98,0.94,0.98,0.91,12657,4797000.0,7.53,1.08,0.01,2.09
1995-01-24,600821,0.97,0.93,0.97,0.92,8566,3192000.0,5.32,-1.06,-0.01,1.41
1995-01-25,600821,0.92,0.93,0.94,0.92,1669,606000.0,2.15,0.0,0.0,0.28
1995-01-26,600821,0.93,0.92,0.93,0.92,1189,429000.0,1.08,-1.08,-0.01,0.2
1995-01-27,600821,0.92,0.94,0.94,0.92,1249,456000.0,2.17,2.17,0.02,0.21
1995-02-06,600821,0.92,0.9,0.92,0.9,1278,450000.0,2.13,-4.26,-0.04,0.21
1995-02-07,600821,0.9,0.9,0.9,0.89,832,290000.0,1.11,0.0,0.0,0.14
1995-02-08,600821,0.9,0.9,0.91,0.9,754,264000.0,1.11,0.0,0.0,0.12
1995-02-09,600821,0.9,0.93,0.93,0.9,1097,392000.0,3.33,3.33,0.03,0.18
1995-02-10,600821,0.92,0.93,0.96,0.92,2673,978000.0,4.3,0.0,0.0,0.44
1995-02-13,600821,0.93,0.94,0.94,0.92,738,269000.0,2.15,1.08,0.01,0.12
1995-02-14,600821,0.94,0.94,0.94,0.92,638,257000.0,2.13,0.0,0.0,0.11
1995-02-15,600821,0.93,0.94,0.94,0.92,1158,423000.0,2.13,0.0,0.0,0.19
1995-02-16,600821,0.92,0.92,0.94,0.91,831,298000.0,3.19,-2.13,-0.02,0.14
1995-02-17,600821,0.93,0.92,0.93,0.91,643,230000.0,2.17,0.0,0.0,0.11
1995-02-20,600821,0.91,0.96,0.96,0.91,5861,2171000.0,5.43,4.35,0.04,0.97
1995-02-21,600821,0.94,0.95,0.96,0.93,1776,659000.0,3.13,-1.04,-0.01,0.29
1995-02-22,600821,0.95,1.04,1.04,0.95,16431,6516000.0,9.47,9.47,0.09,2.71
1995-02-23,600821,1.02,1.02,1.04,0.98,13789,5490000.0,5.77,-1.92,-0.02,2.27
1995-02-24,600821,1.01,0.95,1.01,0.93,6991,2643000.0,7.84,-6.86,-0.07,1.15
1995-02-27,600821,0.98,0.95,0.99,0.94,5595,2100000.0,5.26,0.0,0.0,0.92
1995-02-28,600821,0.93,0.94,0.95,0.93,3382,1236000.0,2.11,-1.05,-0.01,0.56
1995-03-01,600821,0.95,0.94,0.96,0.93,1692,629000.0,3.19,0.0,0.0,0.28
1995-03-02,600821,0.95,0.95,0.96,0.94,2173,803000.0,2.13,1.06,0.01,0.36
1995-03-03,600821,0.95,0.96,0.98,0.95,3506,1333000.0,3.16,1.05,0.01,0.58
1995-03-06,600821,0.97,1.0,1.03,0.97,11894,5923000.0,6.25,4.17,0.04,1.96
1995-03-07,600821,1.03,1.03,1.04,0.98,16944,6800000.0,6.0,3.0,0.03,2.8
1995-03-08,600821,1.01,1.07,1.08,0.98,57330,25814000.0,9.71,3.88,0.04,9.46
1995-03-09,600821,1.03,1.0,1.05,1.0,16962,6830000.0,4.67,-6.54,-0.07,2.8
1995-03-10,600821,0.99,1.0,1.02,0.99,19257,7602000.0,3.0,0.0,0.0,3.18
1995-03-13,600821,1.01,0.99,1.01,0.97,5326,2067000.0,4.0,-1.0,-0.01,0.88
1995-03-14,600821,0.98,0.99,1.0,0.98,5219,2023000.0,2.02,0.0,0.0,0.86
1995-03-15,600821,0.99,0.99,0.99,0.96,5377,2054000.0,3.03,0.0,0.0,0.89
1995-03-16,600821,0.97,0.98,0.98,0.97,1564,598000.0,1.01,-1.01,-0.01,0.26
1995-03-17,600821,0.99,0.99,1.0,0.98,3618,1406000.0,2.04,1.02,0.01,0.6
1995-03-20,600821,1.0,0.97,1.01,0.97,3360,1313000.0,4.04,-2.02,-0.02,0.55
1995-03-21,600821,0.97,0.98,0.99,0.97,2194,838000.0,2.06,1.03,0.01,0.36
1995-03-22,600821,0.99,1.01,1.01,0.99,5987,2362000.0,2.04,3.06,0.03,0.99
1995-03-23,600821,1.01,1.01,1.02,1.0,8042,3192000.0,1.98,0.0,0.0,1.33
1995-03-24,600821,1.01,1.01,1.03,0.98,5039,1972000.0,4.95,0.0,0.0,0.83
1995-03-27,600821,1.01,1.02,1.03,1.0,14315,5720000.0,2.97,0.99,0.01,2.36
1995-03-28,600821,1.01,1.0,1.02,1.0,2768,1096000.0,1.96,-1.96,-0.02,0.46
1995-03-29,600821,0.99,1.0,1.0,0.99,3371,1316000.0,1.0,0.0,0.0,0.56
1995-03-30,600821,1.0,0.99,1.01,0.99,5964,2340000.0,2.0,-1.0,-0.01,0.98
1995-03-31,600821,0.99,1.0,1.01,0.99,5639,2204000.0,2.02,1.01,0.01,0.93
1995-04-03,600821,1.01,1.02,1.03,0.99,7976,3181000.0,4.0,2.0,0.02,1.32
1995-04-04,600821,1.01,1.0,1.01,0.99,3120,1231000.0,1.96,-1.96,-0.02,0.51
1995-04-05,600821,1.0,0.97,1.0,0.97,7624,2942000.0,3.0,-3.0,-0.03,1.26
1995-04-06,600821,0.97,0.98,0.99,0.96,9373,3563000.0,3.09,1.03,0.01,1.55
1995-04-07,600821,0.98,0.99,1.0,0.98,9292,3610000.0,2.04,1.02,0.01,1.53
1995-04-10,600821,1.0,0.98,1.0,0.98,7369,2863000.0,2.02,-1.01,-0.01,1.22
1995-04-11,600821,0.97,0.96,0.99,0.95,12902,4886000.0,4.08,-2.04,-0.02,2.13
1995-04-12,600821,0.95,0.96,0.97,0.95,2592,973000.0,2.08,0.0,0.0,0.43
1995-04-13,600821,0.96,0.98,1.03,0.96,33949,13280000.0,7.29,2.08,0.02,5.6
1995-04-14,600821,0.99,0.98,0.99,0.97,4041,1556000.0,2.04,0.0,0.0,0.67
1995-04-17,600821,0.98,0.96,0.98,0.96,2323,884000.0,2.04,-2.04,-0.02,0.38
1995-04-18,600821,0.96,0.96,0.97,0.96,1704,643000.0,1.04,0.0,0.0,0.28
1995-04-19,600821,0.97,0.97,0.98,0.96,1673,638000.0,2.08,1.04,0.01,0.28
1995-04-20,600821,0.98,1.0,1.0,0.97,4692,1822000.0,3.09,3.09,0.03,0.77
1995-04-21,600821,1.0,0.98,1.0,0.98,5485,2134000.0,2.0,-2.0,-0.02,0.9
1995-04-24,600821,0.98,0.97,0.98,0.96,2553,973000.0,2.04,-1.02,-0.01,0.42
1995-04-25,600821,0.96,0.98,0.98,0.96,2858,1089000.0,2.06,1.03,0.01,0.47
1995-04-27,600821,0.9,0.96,0.97,0.86,11300,4078000.0,11.22,-2.04,-0.02,1.86
1995-04-28,600821,0.94,0.95,0.95,0.91,12364,4502000.0,4.17,-1.04,-0.01,2.04
1995-05-02,600821,0.96,0.94,0.96,0.93,2105,781000.0,3.16,-1.05,-0.01,0.35
1995-05-03,600821,0.93,0.93,0.96,0.93,2443,891000.0,3.19,-1.06,-0.01,0.4
1995-05-04,600821,0.93,0.92,0.93,0.91,2281,818000.0,2.15,-1.08,-0.01,0.38
1995-05-05,600821,0.91,0.92,0.93,0.91,1129,404000.0,2.17,0.0,0.0,0.19
1995-05-08,600821,0.92,0.93,0.93,0.91,788,283000.0,2.17,1.09,0.01,0.13
1995-05-09,600821,0.93,0.93,0.93,0.92,994,359000.0,1.08,0.0,0.0,0.16
1995-05-10,600821,0.92,0.93,0.93,0.91,1112,397000.0,2.15,0.0,0.0,0.18
1995-05-11,600821,0.93,0.93,0.93,0.92,1257,453000.0,1.08,0.0,0.0,0.21
1995-05-12,600821,0.92,0.94,0.97,0.92,2342,863000.0,5.38,1.08,0.01,0.39
1995-05-15,600821,0.94,0.94,0.95,0.94,1514,532000.0,1.06,0.0,0.0,0.25
1995-05-16,600821,0.94,0.94,0.94,0.94,1035,363000.0,0.0,0.0,0.0,0.17
1995-05-17,600821,0.94,0.95,0.95,0.94,1023,359000.0,1.06,1.06,0.01,0.17
1995-05-18,600821,1.05,1.14,1.23,1.05,54078,22861000.0,18.95,20.0,0.19,8.92
1995-05-19,600821,1.14,1.31,1.31,1.11,62478,29066000.0,17.54,14.91,0.17,10.31
1995-05-22,600821,1.42,1.6,1.75,1.42,124812,77712000.0,25.19,22.14,0.29,20.59
1995-05-23,600821,1.35,1.28,1.46,1.26,48763,26190000.0,12.5,-20.0,-0.32,8.04
1995-05-24,600821,1.28,1.23,1.35,1.15,43665,21075000.0,15.63,-3.91,-0.05,7.2
1995-05-25,600821,1.23,1.18,1.27,1.17,34620,16551000.0,8.13,-4.07,-0.05,5.71
1995-05-26,600821,1.19,1.21,1.43,1.15,49275,23364000.0,23.73,2.54,0.03,8.13
1995-05-29,600821,1.21,1.19,1.24,1.16,34418,15941000.0,6.61,-1.65,-0.02,5.68
1995-05-30,600821,1.19,1.17,1.2,1.16,13616,6204000.0,3.36,-1.68,-0.02,2.25
1995-05-31,600821,1.15,1.12,1.15,1.11,11388,4911000.0,3.42,-4.27,-0.05,1.88
1995-06-01,600821,1.13,1.15,1.16,1.13,6228,2738000.0,2.68,2.68,0.03,1.03
1995-06-02,600821,1.15,1.19,1.2,1.15,26527,12137000.0,4.35,3.48,0.04,4.38
1995-06-05,600821,1.19,1.19,1.24,1.16,32796,15226000.0,6.72,0.0,0.0,5.41
1995-06-06,600821,1.15,1.2,1.2,1.13,25050,11244000.0,5.88,0.84,0.01,4.13
1995-06-07,600821,1.19,1.32,1.33,1.18,165244,78592000.0,12.5,10.0,0.12,27.26
1995-06-08,600821,1.3,1.24,1.33,1.23,138759,69192000.0,7.58,-6.06,-0.08,22.89
1995-06-09,600821,1.24,1.23,1.26,1.21,40826,19471000.0,4.03,-0.81,-0.01,6.74
1995-06-12,600821,1.23,1.24,1.27,1.22,39382,19072000.0,4.07,0.81,0.01,6.5
1995-06-13,600821,1.26,1.23,1.26,1.22,18290,8779000.0,3.23,-0.81,-0.01,3.02
1995-06-14,600821,1.23,1.19,1.23,1.18,22019,10219000.0,4.07,-3.25,-0.04,3.63
1995-06-15,600821,1.18,1.12,1.18,1.08,50304,21457000.0,8.4,-5.88,-0.07,8.3
1995-06-16,600821,1.09,1.13,1.14,1.09,17734,8969000.0,4.46,0.89,0.01,2.93
1995-06-19,600821,1.09,1.11,1.12,1.08,10388,4384000.0,3.54,-1.77,-0.02,1.71
1995-06-20,600821,1.12,1.1,1.12,1.1,9304,3946000.0,1.8,-0.9,-0.01,1.53
1995-06-21,600821,1.1,1.14,1.15,1.1,15162,6563000.0,4.55,3.64,0.04,2.5
1995-06-22,600821,1.13,1.12,1.15,1.12,14568,6299000.0,2.63,-1.75,-0.02,2.4
1995-06-23,600821,1.12,1.14,1.14,1.12,12854,5591000.0,1.79,1.79,0.02,2.12
1995-06-26,600821,1.14,1.14,1.15,1.12,8275,3619000.0,2.63,0.0,0.0,1.37
1995-06-27,600821,1.17,1.2,1.23,1.17,78817,37008000.0,5.26,5.26,0.06,13.0
1995-06-28,600821,1.19,1.2,1.21,1.16,27439,12552000.0,4.17,0.0,0.0,4.53
1995-06-29,600821,1.2,1.18,1.21,1.17,20377,11996000.0,3.33,-1.67,-0.02,3.36
1995-06-30,600821,1.15,1.12,1.16,1.1,36405,15707000.0,5.08,-5.08,-0.06,6.01
1995-07-03,600821,1.08,1.07,1.1,1.07,17979,7408000.0,2.68,-4.46,-0.05,2.97
1995-07-04,600821,1.05,1.08,1.09,1.05,13393,5457000.0,3.74,0.93,0.01,2.21
1995-07-05,600821,1.08,1.11,1.11,1.08,15217,6360000.0,2.78,2.78,0.03,2.51
1995-07-06,600821,1.12,1.12,1.17,1.09,38079,16460000.0,7.21,0.9,0.01,6.28
1995-07-07,600821,1.12,1.16,1.16,1.1,27867,12125000.0,5.36,3.57,0.04,4.6
1995-07-10,600821,1.17,1.14,1.17,1.13,19848,8699000.0,3.45,-1.72,-0.02,3.27
1995-07-11,600821,1.14,1.1,1.15,1.1,10516,4512000.0,4.39,-3.51,-0.04,1.73
1995-07-12,600821,1.09,1.1,1.11,1.09,6546,2757000.0,1.82,0.0,0.0,1.08
1995-07-13,600821,1.11,1.12,1.12,1.1,4806,2038000.0,1.82,1.82,0.02,0.79
1995-07-14,600821,1.13,1.1,1.13,1.1,6643,2820000.0,2.68,-1.79,-0.02,1.1
1995-07-17,600821,1.09,1.15,1.16,1.09,22476,9850000.0,6.36,4.55,0.05,3.71
1995-07-18,600821,1.15,1.14,1.16,1.12,16751,7277000.0,3.48,-0.87,-0.01,2.76
1995-07-19,600821,1.13,1.12,1.21,1.12,31385,13999000.0,7.89,-1.75,-0.02,5.18
1995-07-20,600821,1.12,1.12,1.15,1.1,10294,4417000.0,4.46,0.0,0.0,1.7
1995-07-21,600821,1.12,1.12,1.13,1.11,6405,2740000.0,1.79,0.0,0.0,1.06
1995-07-24,600821,1.12,1.14,1.17,1.12,19110,8364000.0,4.46,1.79,0.02,3.15
1995-07-25,600821,1.15,1.15,1.17,1.13,18182,8064000.0,3.51,0.88,0.01,3.0
1995-07-26,600821,1.2,1.15,1.2,1.15,34345,15502000.0,4.35,0.0,0.0,5.67
1995-07-27,600821,1.15,1.17,1.17,1.15,15252,6793000.0,1.74,1.74,0.02,2.52
1995-07-28,600821,1.18,1.2,1.21,1.17,67844,31257000.0,3.42,2.56,0.03,11.19
1995-07-31,600821,1.22,1.19,1.23,1.18,34028,15870000.0,4.17,-0.83,-0.01,5.61
1995-08-01,600821,1.19,1.2,1.21,1.16,21582,9902000.0,4.2,0.84,0.01,3.56
1995-08-02,600821,1.21,1.17,1.23,1.16,42584,19813000.0,5.83,-2.5,-0.03,7.03
1995-08-03,600821,1.16,1.17,1.18,1.15,13649,6114000.0,2.56,0.0,0.0,2.25
1995-08-04,600821,1.17,1.17,1.18,1.16,6611,2981000.0,1.71,0.0,0.0,1.09
1995-08-07,600821,1.17,1.18,1.18,1.17,7236,3271000.0,0.85,0.85,0.01,1.19
1995-08-08,600821,1.19,1.17,1.2,1.16,9465,4296000.0,3.39,-0.85,-0.01,1.56
1995-08-09,600821,1.17,1.17,1.18,1.16,7636,3425000.0,1.71,0.0,0.0,1.26
1995-08-10,600821,1.18,1.2,1.22,1.18,37570,17434000.0,3.42,2.56,0.03,6.2
1995-08-11,600821,1.21,1.21,1.22,1.19,29596,13738000.0,2.5,0.83,0.01,4.88
1995-08-14,600821,1.23,1.31,1.32,1.23,112175,55675000.0,7.44,8.26,0.1,18.51
1995-08-15,600821,1.28,1.24,1.29,1.23,36152,17586000.0,4.58,-5.34,-0.07,5.96
1995-08-16,600821,1.24,1.29,1.3,1.24,60879,29992000.0,4.84,4.03,0.05,10.04
1995-08-17,600821,1.31,1.31,1.35,1.28,82447,42497000.0,5.43,1.55,0.02,13.6
1995-08-18,600821,1.32,1.24,1.33,1.23,35519,17520000.0,7.63,-5.34,-0.07,5.86
1995-08-21,600821,1.23,1.2,1.23,1.19,17478,8189000.0,3.23,-3.23,-0.04,2.88
1995-08-22,600821,1.2,1.21,1.21,1.19,11294,5224000.0,1.67,0.83,0.01,1.86
1995-08-23,600821,1.2,1.19,1.23,1.18,11106,5138000.0,4.13,-1.65,-0.02,1.83
1995-08-24,600821,1.18,1.18,1.2,1.16,9779,4448000.0,3.36,-0.84,-0.01,1.61
1995-08-25,600821,1.18,1.18,1.19,1.17,6572,2993000.0,1.69,0.0,0.0,1.08
1995-08-28,600821,1.18,1.2,1.21,1.17,6304,2902000.0,3.39,1.69,0.02,1.04
1995-08-29,600821,1.21,1.19,1.23,1.18,11084,5187000.0,4.17,-0.83,-0.01,1.83
1995-08-30,600821,1.18,1.18,1.2,1.17,5213,2377000.0,2.52,-0.84,-0.01,0.86
1995-08-31,600821,1.17,1.19,1.2,1.17,4674,2133000.0,2.54,0.85,0.01,0.77
1995-09-01,600821,1.2,1.2,1.2,1.18,4600,2114000.0,1.68,0.84,0.01,0.76
1995-09-04,600821,1.2,1.24,1.25,1.19,35397,16896000.0,5.0,3.33,0.04,5.84
1995-09-05,600821,1.25,1.25,1.27,1.23,38884,18801000.0,3.23,0.81,0.01,6.41
1995-09-06,600821,1.26,1.53,1.54,1.25,263830,147461000.0,23.2,22.4,0.28,43.52
1995-09-07,600821,1.51,1.43,1.57,1.42,187504,110643000.0,9.8,-6.54,-0.1,30.93
1995-09-08,600821,1.42,1.39,1.45,1.36,83091,45516000.0,6.29,-2.8,-0.04,13.71
1995-09-11,600821,1.39,1.43,1.46,1.38,64843,36323000.0,5.76,2.88,0.04,10.7
1995-09-12,600821,1.45,1.38,1.46,1.37,46422,25693000.0,6.29,-3.5,-0.05,7.66
1995-09-13,600821,1.38,1.41,1.43,1.38,34379,18937000.0,3.62,2.17,0.03,5.67
1995-09-14,600821,1.41,1.39,1.42,1.38,28229,15453000.0,2.84,-1.42,-0.02,4.66
1995-09-15,600821,1.31,1.37,1.4,1.31,20981,11196000.0,6.47,-1.44,-0.02,3.46
1995-09-18,600821,1.36,1.35,1.37,1.32,22755,11881000.0,3.65,-1.46,-0.02,3.75
1995-09-19,600821,1.35,1.34,1.37,1.33,23118,12190000.0,2.96,-0.74,-0.01,3.81
1995-09-20,600821,1.34,1.32,1.34,1.31,16566,8519000.0,2.24,-1.49,-0.02,2.73
1995-09-21,600821,1.33,1.37,1.37,1.33,23118,12265000.0,3.03,3.79,0.05,3.81
1995-09-22,600821,1.37,1.34,1.37,1.33,11181,5892000.0,2.92,-2.19,-0.03,1.84
1995-09-25,600821,1.33,1.32,1.34,1.31,7212,3736000.0,2.24,-1.49,-0.02,1.19
1995-09-26,600821,1.33,1.33,1.34,1.31,7152,3704000.0,2.27,0.76,0.01,1.18
1995-09-27,600821,1.29,1.29,1.32,1.29,21831,11083000.0,2.26,-3.01,-0.04,3.6
1995-09-28,600821,1.28,1.3,1.3,1.25,24315,12054000.0,3.88,0.78,0.01,4.01
1995-09-29,600821,1.31,1.35,1.37,1.3,37966,19938000.0,5.38,3.85,0.05,6.26
1995-10-04,600821,1.34,1.33,1.35,1.33,5020,5839000.0,1.48,-1.48,-0.02,0.83
1995-10-05,600821,1.36,1.37,1.39,1.34,23948,12852000.0,3.76,3.01,0.04,3.95
1995-10-06,600821,1.38,1.33,1.39,1.33,22720,12049000.0,4.38,-2.92,-0.04,3.75
1995-10-09,600821,1.31,1.3,1.32,1.3,17662,8993000.0,1.5,-2.26,-0.03,2.91
1995-10-10,600821,1.3,1.3,1.33,1.29,16147,8262000.0,3.08,0.0,0.0,2.66
1995-10-11,600821,1.3,1.34,1.35,1.29,24310,12547000.0,4.62,3.08,0.04,4.01
1995-10-12,600821,1.34,1.34,1.39,1.34,61518,32982000.0,3.73,0.0,0.0,10.15
1995-10-13,600821,1.35,1.33,1.35,1.29,32360,16587000.0,4.48,-0.75,-0.01,5.34
1995-10-17,600821,1.35,1.33,1.36,1.3,11380,5885000.0,4.51,0.0,0.0,1.88
1995-10-18,600821,1.32,1.34,1.36,1.3,20528,10594000.0,4.51,0.75,0.01,3.39
1995-10-19,600821,1.34,1.31,1.35,1.31,20653,10790000.0,2.99,-2.24,-0.03,3.41
1995-10-20,600821,1.31,1.33,1.35,1.3,17041,8770000.0,3.82,1.53,0.02,2.81
1995-10-23,600821,1.34,1.37,1.39,1.31,45863,24496000.0,6.02,3.01,0.04,7.57
1995-10-24,600821,1.38,1.36,1.38,1.35,18278,9770000.0,2.19,-0.73,-0.01,3.02
1995-10-25,600821,1.44,1.45,1.49,1.4,134839,76838000.0,6.62,6.62,0.09,22.24
1995-10-26,600821,1.41,1.37,1.44,1.36,52506,29007000.0,5.52,-5.52,-0.08,8.66
1995-10-27,600821,1.37,1.35,1.38,1.34,28416,15143000.0,2.92,-1.46,-0.02,4.69
1995-10-30,600821,1.35,1.35,1.37,1.34,14041,7454000.0,2.22,0.0,0.0,2.32
1995-10-31,600821,1.35,1.35,1.36,1.34,13394,7068000.0,1.48,0.0,0.0,2.21
1995-11-01,600821,1.35,1.35,1.37,1.33,9599,5084000.0,2.96,0.0,0.0,1.58
1995-11-02,600821,1.35,1.36,1.37,1.35,9635,5141000.0,1.48,0.74,0.01,1.59
1995-11-03,600821,1.37,1.37,1.37,1.36,9740,5214000.0,0.74,0.74,0.01,1.61
1995-11-06,600821,1.38,1.4,1.4,1.37,18589,10109000.0,2.19,2.19,0.03,3.07
1995-11-07,600821,1.39,1.37,1.39,1.37,8276,4485000.0,1.43,-2.14,-0.03,1.37
1995-11-08,600821,1.36,1.33,1.36,1.33,16124,8465000.0,2.19,-2.92,-0.04,2.66
1995-11-09,600821,1.33,1.33,1.34,1.31,10767,5556000.0,2.26,0.0,0.0,1.78
1995-11-10,600821,1.33,1.32,1.33,1.32,7056,3651000.0,0.75,-0.75,-0.01,1.16
1995-11-13,600821,1.33,1.29,1.33,1.29,9686,4910000.0,3.03,-2.27,-0.03,1.6
1995-11-14,600821,1.29,1.3,1.3,1.28,9053,4555000.0,1.55,0.78,0.01,1.49
1995-11-15,600821,1.3,1.31,1.31,1.28,6385,3222000.0,2.31,0.77,0.01,1.05
1995-11-16,600821,1.3,1.3,1.35,1.29,11407,5903000.0,4.58,-0.76,-0.01,1.88
1995-11-17,600821,1.29,1.3,1.31,1.29,5482,2776000.0,1.54,0.0,0.0,0.9
1995-11-20,600821,1.29,1.31,1.32,1.29,5441,2777000.0,2.31,0.77,0.01,0.9
1995-11-21,600821,1.32,1.31,1.32,1.31,2767,1418000.0,0.76,0.0,0.0,0.46
1995-11-22,600821,1.32,1.27,1.32,1.27,5108,2557000.0,3.82,-3.05,-0.04,0.84
1995-11-23,600821,1.27,1.26,1.28,1.25,6561,3219000.0,2.36,-0.79,-0.01,1.08
1995-11-24,600821,1.24,1.25,1.26,1.24,4277,2073000.0,1.59,-0.79,-0.01,0.71
1995-11-27,600821,1.24,1.23,1.25,1.23,4521,2169000.0,1.6,-1.6,-0.02,0.75
1995-11-28,600821,1.22,1.26,1.26,1.22,3647,1739000.0,3.25,2.44,0.03,0.6
1995-11-29,600821,1.25,1.23,1.25,1.22,3211,1536000.0,2.38,-2.38,-0.03,0.53
1995-11-30,600821,1.23,1.22,1.25,1.2,3301,1559000.0,4.07,-0.81,-0.01,0.54
1995-12-01,600821,1.2,1.19,1.21,1.17,3513,1629000.0,3.28,-2.46,-0.03,0.58
1995-12-04,600821,1.19,1.2,1.2,1.18,1662,767000.0,1.68,0.84,0.01,0.27
1995-12-05,600821,1.21,1.19,1.21,1.19,1266,590000.0,1.67,-0.83,-0.01,0.21
1995-12-06,600821,1.19,1.17,1.19,1.16,3103,1409000.0,2.52,-1.68,-0.02,0.51
1995-12-07,600821,1.17,1.17,1.18,1.15,3047,1369000.0,2.56,0.0,0.0,0.5
1995-12-08,600821,1.18,1.18,1.2,1.17,4787,2203000.0,2.56,0.85,0.01,0.79
1995-12-11,600821,1.18,1.15,1.19,1.15,3840,1734000.0,3.39,-2.54,-0.03,0.63
1995-12-12,600821,1.15,1.16,1.18,1.12,5019,2196000.0,5.22,0.87,0.01,0.83
1995-12-13,600821,1.16,1.13,1.16,1.13,3519,1539000.0,2.59,-2.59,-0.03,0.58
1995-12-14,600821,1.12,1.15,1.15,1.11,2483,1082000.0,3.54,1.77,0.02,0.41
1995-12-15,600821,1.12,1.13,1.14,1.12,3414,1482000.0,1.74,-1.74,-0.02,0.56
1995-12-18,600821,1.13,1.11,1.13,1.1,3086,1313000.0,2.65,-1.77,-0.02,0.51
1995-12-19,600821,1.11,1.12,1.14,1.11,1553,667000.0,2.7,0.9,0.01,0.26
1995-12-20,600821,1.12,1.14,1.14,1.12,1592,686000.0,1.79,1.79,0.02,0.26
1995-12-21,600821,1.14,1.15,1.16,1.13,4437,1952000.0,2.63,0.88,0.01,0.73
1995-12-22,600821,1.15,1.15,1.2,1.14,14138,6367000.0,5.22,0.0,0.0,2.33
1995-12-25,600821,1.14,1.12,1.15,1.12,6047,2635000.0,2.61,-2.61,-0.03,1.0
1995-12-26,600821,1.12,1.12,1.15,1.11,4306,1872000.0,3.57,0.0,0.0,0.71
1995-12-27,600821,1.12,1.13,1.15,1.11,5734,2478000.0,3.57,0.89,0.01,0.95
1995-12-28,600821,1.12,1.1,1.15,1.1,5713,2483000.0,4.42,-2.65,-0.03,0.94
1995-12-29,600821,1.09,1.07,1.11,1.06,6046,2489000.0,4.55,-2.73,-0.03,1.0
1996-01-02,600821,1.05,1.04,1.05,1.04,3412,1350000.0,0.93,-2.8,-0.03,0.56
1996-01-03,600821,1.02,1.04,1.05,1.01,3271,1279000.0,3.85,0.0,0.0,0.54
1996-01-04,600821,1.05,1.07,1.09,1.03,5937,2384000.0,5.77,2.88,0.03,0.98
1996-01-05,600821,1.07,1.02,1.09,1.02,6104,2451000.0,6.54,-4.67,-0.05,1.01
1996-01-08,600821,1.01,1.04,1.05,1.0,2238,873000.0,4.9,1.96,0.02,0.37
1996-01-09,600821,1.03,1.09,1.1,1.03,7680,3130000.0,6.73,4.81,0.05,1.27
1996-01-10,600821,1.07,1.06,1.07,1.04,7396,2977000.0,2.75,-2.75,-0.03,1.22
1996-01-11,600821,1.07,1.05,1.07,1.04,4364,1748000.0,2.83,-0.94,-0.01,0.72
1996-01-12,600821,1.05,1.05,1.06,1.05,4690,1885000.0,0.95,0.0,0.0,0.77
1996-01-15,600821,1.05,1.07,1.08,1.04,3078,1247000.0,3.81,1.9,0.02,0.51
1996-01-16,600821,1.06,1.07,1.1,1.05,5294,2164000.0,4.67,0.0,0.0,0.87
1996-01-17,600821,1.06,1.04,1.07,1.03,3138,1249000.0,3.74,-2.8,-0.03,0.52
1996-01-18,600821,1.03,1.0,1.04,0.99,8016,3049000.0,4.81,-3.85,-0.04,1.32
1996-01-19,600821,0.99,1.01,1.02,0.99,3855,1463000.0,3.0,1.0,0.01,0.64
1996-01-22,600821,1.01,0.99,1.01,0.96,2474,929000.0,4.95,-1.98,-0.02,0.41
1996-01-23,600821,0.99,1.01,1.02,0.99,3014,1153000.0,3.03,2.02,0.02,0.5
1996-01-24,600821,1.02,1.03,1.04,1.02,4942,1929000.0,1.98,1.98,0.02,0.82
1996-01-25,600821,1.03,1.01,1.07,1.01,12082,4807000.0,5.83,-1.94,-0.02,1.99
1996-01-26,600821,0.99,1.06,1.06,0.99,6933,2709000.0,6.93,4.95,0.05,1.14
1996-01-29,600821,1.06,1.11,1.13,1.06,54898,23330000.0,6.6,4.72,0.05,9.06
1996-01-30,600821,1.11,1.13,1.13,1.07,33723,14232000.0,5.41,1.8,0.02,5.56
1996-01-31,600821,1.11,1.14,1.15,1.11,58289,25435000.0,3.54,0.88,0.01,9.62
1996-02-01,600821,1.13,1.13,1.14,1.11,14931,6434000.0,2.63,-0.88,-0.01,2.46
1996-02-02,600821,1.09,1.09,1.1,1.07,23642,9808000.0,2.65,-3.54,-0.04,3.9
1996-02-05,600821,1.1,1.06,1.11,1.05,12484,5108000.0,5.5,-2.75,-0.03,2.06
1996-02-06,600821,1.05,1.06,1.06,1.04,8417,3368000.0,1.89,0.0,0.0,1.39
1996-02-07,600821,1.05,1.06,1.06,1.05,3702,1493000.0,0.94,0.0,0.0,0.61
1996-02-08,600821,1.06,1.05,1.06,1.05,3009,1209000.0,0.94,-0.94,-0.01,0.5
1996-02-09,600821,1.05,1.06,1.06,1.05,2913,1174000.0,0.95,0.95,0.01,0.48
1996-02-12,600821,1.06,1.07,1.07,1.05,1960,792000.0,1.89,0.94,0.01,0.32
1996-02-13,600821,1.07,1.09,1.09,1.06,5952,2449000.0,2.8,1.87,0.02,0.98
1996-02-14,600821,1.09,1.09,1.11,1.08,8599,3595000.0,2.75,0.0,0.0,1.42
1996-02-15,600821,1.09,1.11,1.12,1.09,12278,5197000.0,2.75,1.83,0.02,2.03
1996-02-16,600821,1.12,1.15,1.15,1.12,30584,13364000.0,2.7,3.6,0.04,5.05
1996-03-04,600821,1.23,1.23,1.23,1.15,47396,21897000.0,6.96,6.96,0.08,7.82
1996-03-05,600821,1.22,1.21,1.24,1.18,37822,17646000.0,4.88,-1.63,-0.02,6.24
1996-03-06,600821,1.19,1.14,1.2,1.11,19106,8522000.0,7.44,-5.79,-0.07,3.15
1996-03-07,600821,1.14,1.17,1.17,1.14,11462,5109000.0,2.63,2.63,0.03,1.89
1996-03-08,600821,1.17,1.17,1.17,1.15,9995,4466000.0,1.71,0.0,0.0,1.65
1996-03-11,600821,1.16,1.16,1.18,1.15,7669,3419000.0,2.56,-0.85,-0.01,1.27
1996-03-12,600821,1.17,1.18,1.18,1.15,19775,8919000.0,2.59,1.72,0.02,3.26
1996-03-13,600821,1.18,1.16,1.18,1.15,5158,2308000.0,2.54,-1.69,-0.02,0.85
1996-03-14,600821,1.16,1.15,1.17,1.15,7316,3243000.0,1.72,-0.86,-0.01,1.21
1996-03-15,600821,1.15,1.14,1.15,1.12,4802,2088000.0,2.61,-0.87,-0.01,0.79
1996-03-18,600821,1.13,1.15,1.15,1.12,4386,1919000.0,2.63,0.88,0.01,0.72
1996-03-19,600821,1.15,1.14,1.15,1.14,3073,1352000.0,0.87,-0.87,-0.01,0.51
1996-03-20,600821,1.14,1.15,1.15,1.14,2764,1217000.0,0.88,0.88,0.01,0.46
1996-03-21,600821,1.15,1.15,1.16,1.14,3508,1551000.0,1.74,0.0,0.0,0.58
1996-03-22,600821,1.15,1.15,1.15,1.14,3483,1526000.0,0.87,0.0,0.0,0.57
1996-03-25,600821,1.15,1.15,1.15,1.14,2138,943000.0,0.87,0.0,0.0,0.35
1996-03-26,600821,1.15,1.13,1.15,1.13,3586,1567000.0,1.74,-1.74,-0.02,0.59
1996-03-27,600821,1.13,1.13,1.13,1.12,4360,1876000.0,0.88,0.0,0.0,0.72
1996-03-28,600821,1.13,1.11,1.13,1.11,3168,1356000.0,1.77,-1.77,-0.02,0.52
1996-03-29,600821,1.1,1.11,1.11,1.09,5296,2229000.0,1.8,0.0,0.0,0.87
1996-04-01,600821,1.11,1.11,1.15,1.11,5460,2348000.0,3.6,0.0,0.0,0.9
1996-04-02,600821,1.11,1.1,1.11,1.1,2799,1180000.0,0.9,-0.9,-0.01,0.46
1996-04-03,600821,1.1,1.1,1.11,1.1,1207,509000.0,0.91,0.0,0.0,0.2
1996-04-04,600821,1.1,1.11,1.11,1.1,1554,657300.0,0.91,0.91,0.01,0.26
1996-04-05,600821,1.1,1.14,1.14,1.1,2489,1074000.0,3.6,2.7,0.03,0.41
1996-04-08,600821,1.14,1.13,1.14,1.12,3929,1706000.0,1.75,-0.88,-0.01,0.65
1996-04-09,600821,1.13,1.12,1.14,1.12,1547,669000.0,1.77,-0.88,-0.01,0.26
1996-04-10,600821,1.13,1.13,1.14,1.13,2658,1156000.0,0.89,0.89,0.01,0.44
1996-04-11,600821,1.13,1.13,1.13,1.12,2047,883000.0,0.88,0.0,0.0,0.34
1996-04-12,600821,1.13,1.13,1.14,1.13,3982,1732000.0,0.88,0.0,0.0,0.66
1996-04-15,600821,1.13,1.13,1.15,1.13,6210,2708000.0,1.77,0.0,0.0,1.02
1996-04-16,600821,1.13,1.15,1.15,1.13,12205,5367000.0,1.77,1.77,0.02,2.01
1996-04-17,600821,1.15,1.15,1.17,1.15,6579,2923000.0,1.74,0.0,0.0,1.09
1996-04-18,600821,1.15,1.16,1.16,1.14,5514,2441000.0,1.74,0.87,0.01,0.91
1996-04-19,600821,1.17,1.19,1.19,1.16,20013,9117000.0,2.59,2.59,0.03,3.3
1996-04-22,600821,1.19,1.2,1.27,1.19,37532,17831000.0,6.72,0.84,0.01,6.19
1996-04-23,600821,1.2,1.23,1.23,1.19,16712,7831000.0,3.33,2.5,0.03,2.76
1996-04-24,600821,1.26,1.31,1.31,1.25,53865,26926000.0,4.88,6.5,0.08,8.89
1996-04-25,600821,1.33,1.25,1.33,1.25,42191,21193000.0,6.11,-4.58,-0.06,6.96
1996-04-29,600821,1.36,1.38,1.44,1.33,50107,27054736.0,8.8,10.4,0.13,8.27
1996-04-30,600821,1.38,1.29,1.39,1.29,37014,19254000.0,7.25,-6.52,-0.09,6.11
1996-05-02,600821,1.35,1.23,1.38,1.22,22066,11091000.0,12.4,-4.65,-0.06,3.64
1996-05-03,600821,1.22,1.24,1.27,1.22,12579,6082000.0,4.07,0.81,0.01,2.08
1996-05-06,600821,1.24,1.3,1.31,1.24,17859,8986000.0,5.65,4.84,0.06,2.95
1996-05-07,600821,1.3,1.31,1.36,1.26,35593,18455000.0,7.69,0.77,0.01,5.87
1996-05-08,600821,1.31,1.31,1.32,1.28,12605,6406000.0,3.05,0.0,0.0,2.08
1996-05-09,600821,1.3,1.29,1.32,1.27,10000,5058000.0,3.82,-1.53,-0.02,1.65
1996-05-10,600821,1.29,1.3,1.3,1.27,9139,4574000.0,2.33,0.78,0.01,1.51
1996-05-13,600821,1.3,1.3,1.32,1.3,8293,4231000.0,1.54,0.0,0.0,1.37
1996-05-14,600821,1.3,1.3,1.33,1.3,9339,4783000.0,2.31,0.0,0.0,1.54
1996-05-15,600821,1.29,1.32,1.32,1.29,9141,4677000.0,2.31,1.54,0.02,1.51
1996-05-16,600821,1.33,1.3,1.34,1.29,20408,10588000.0,3.79,-1.52,-0.02,3.37
1996-05-17,600821,1.31,1.34,1.34,1.3,15477,8031000.0,3.08,3.08,0.04,2.55
1996-05-20,600821,1.35,1.3,1.37,1.17,22779,11923000.0,14.93,-2.99,-0.04,3.76
1996-05-21,600821,1.3,1.26,1.31,1.25,20183,10099000.0,4.62,-3.08,-0.04,3.33
1996-05-22,600821,1.26,1.27,1.28,1.25,6352,3113604.0,2.38,0.79,0.01,1.05
1996-05-23,600821,1.27,1.22,1.27,1.21,7078,3396000.0,4.72,-3.94,-0.05,1.17
1996-05-24,600821,1.21,1.23,1.25,1.18,3934,1863000.0,5.74,0.82,0.01,0.65
1996-05-27,600821,1.24,1.23,1.24,1.21,3381,1610000.0,2.44,0.0,0.0,0.56
1996-05-28,600821,1.23,1.24,1.25,1.23,2555,1226000.0,1.63,0.81,0.01,0.42
1996-05-29,600821,1.26,1.26,1.26,1.24,1907,928000.0,1.61,1.61,0.02,0.31
1996-05-30,600821,1.24,1.23,1.25,1.22,4319,2060000.0,2.38,-2.38,-0.03,0.71
1996-05-31,600821,1.22,1.22,1.25,1.22,3652,1668000.0,2.44,-0.81,-0.01,0.6
1996-06-03,600821,1.22,1.21,1.22,1.21,6193,2779000.0,0.82,-0.82,-0.01,1.02
1996-06-04,600821,1.21,1.21,1.23,1.21,7125,3212000.0,1.65,0.0,0.0,1.18
1996-06-05,600821,1.2,1.29,1.29,1.2,12104,5719000.0,7.44,6.61,0.08,2.0
1996-06-06,600821,1.3,1.3,1.32,1.28,22954,11172000.0,3.1,0.78,0.01,3.79
1996-06-07,600821,1.33,1.35,1.38,1.33,46027,23518000.0,3.85,3.85,0.05,7.59
1996-06-10,600821,1.38,1.43,1.46,1.36,73211,39450000.0,7.41,5.93,0.08,12.08
1996-06-11,600821,1.43,1.38,1.43,1.36,33110,17328000.0,4.9,-3.5,-0.05,5.46
1996-06-12,600821,1.4,1.37,1.44,1.37,30474,16055000.0,5.07,-0.72,-0.01,5.03
1996-06-13,600821,1.37,1.38,1.39,1.33,18418,9479000.0,4.38,0.73,0.01,3.04
1996-06-14,600821,1.41,1.4,1.43,1.39,45926,24548000.0,2.9,1.45,0.02,7.58
1996-06-17,600821,1.4,1.33,1.4,1.33,16755,8639000.0,5.0,-5.0,-0.07,2.76
1996-06-18,600821,1.34,1.39,1.39,1.34,15645,8006000.0,3.76,4.51,0.06,2.58
1996-06-19,600821,1.4,1.37,1.42,1.36,21668,11253000.0,4.32,-1.44,-0.02,3.57
1996-06-20,600821,1.37,1.36,1.37,1.34,16817,8610000.0,2.19,-0.73,-0.01,2.77
1996-06-21,600821,1.37,1.37,1.39,1.36,16178,8350408.0,2.21,0.74,0.01,2.67
1996-06-24,600821,1.38,1.4,1.44,1.36,12650,6123000.0,5.84,2.19,0.03,1.61
1996-06-25,600821,1.33,1.37,1.38,1.31,9263,4372000.0,5.0,-2.14,-0.03,1.18
1996-06-26,600821,1.36,1.42,1.43,1.36,16351,7938000.0,5.11,3.65,0.05,2.07
1996-06-27,600821,1.45,1.49,1.5,1.43,34467,17448000.0,4.93,4.93,0.07,4.37
1996-06-28,600821,1.5,1.44,1.5,1.43,19479,9872000.0,4.7,-3.36,-0.05,2.47
1996-07-01,600821,1.41,1.35,1.41,1.3,12455,5860000.0,7.64,-6.25,-0.09,1.58
1996-07-02,600821,1.34,1.34,1.35,1.32,8550,3951000.0,2.22,-0.74,-0.01,1.08
1996-07-03,600821,1.34,1.35,1.37,1.33,7355,3422000.0,2.99,0.75,0.01,0.93
1996-07-04,600821,1.35,1.3,1.36,1.3,10767,4932000.0,4.44,-3.7,-0.05,1.37
1996-07-05,600821,1.33,1.37,1.39,1.31,17429,8241000.0,6.15,5.38,0.07,2.21
1996-07-08,600821,1.37,1.37,1.39,1.33,13047,6154000.0,4.38,0.0,0.0,1.66
1996-07-09,600821,1.37,1.38,1.38,1.34,14532,6840000.0,2.92,0.73,0.01,1.84
1996-07-10,600821,1.38,1.47,1.49,1.38,51472,25883000.0,7.97,6.52,0.09,6.53
1996-07-11,600821,1.47,1.4,1.51,1.39,27181,13692000.0,8.16,-4.76,-0.07,3.45
1996-07-12,600821,1.38,1.4,1.4,1.36,12658,6028000.0,2.86,0.0,0.0,1.61
1996-07-15,600821,1.4,1.41,1.43,1.37,10608,5105000.0,4.29,0.71,0.01,1.35
1996-07-16,600821,1.43,1.46,1.47,1.41,15269,7580000.0,4.26,3.55,0.05,1.94
1996-07-17,600821,1.49,1.45,1.53,1.43,51773,26724000.0,6.85,-0.68,-0.01,6.57
1996-07-18,600821,1.45,1.47,1.47,1.44,14748,7390000.0,2.07,1.38,0.02,1.87
1996-07-19,600821,1.47,1.53,1.54,1.45,47083,24428000.0,6.12,4.08,0.06,5.97
1996-07-22,600821,1.58,1.69,1.74,1.58,115462,65940000.0,10.46,10.46,0.16,14.65
1996-07-23,600821,1.67,1.63,1.68,1.58,45552,25498000.0,5.92,-3.55,-0.06,5.78
1996-07-24,600821,1.63,1.65,1.67,1.6,43999,24719000.0,4.29,1.23,0.02,5.58
1996-07-25,600821,1.63,1.67,1.74,1.63,60899,35122000.0,6.67,1.21,0.02,7.73
1996-07-26,600821,1.63,1.58,1.67,1.56,46454,25820000.0,6.59,-5.39,-0.09,5.89
1996-07-29,600821,1.56,1.62,1.62,1.55,25953,14115000.0,4.43,2.53,0.04,3.29
1996-07-30,600821,1.63,1.56,1.66,1.55,22086,12084000.0,6.79,-3.7,-0.06,2.8
1996-07-31,600821,1.56,1.57,1.62,1.56,32412,17689000.0,3.85,0.64,0.01,4.11
1996-08-01,600821,1.57,1.59,1.62,1.54,25677,13934000.0,5.1,1.27,0.02,3.26
1996-08-02,600821,1.63,1.64,1.7,1.6,79202,45063000.0,6.29,3.14,0.05,10.05
1996-08-05,600821,1.68,1.79,1.8,1.68,153034,91508000.0,7.32,9.15,0.15,19.42
1996-08-06,600821,1.78,1.72,1.78,1.7,75241,44870000.0,4.47,-3.91,-0.07,9.55
1996-08-07,600821,1.74,1.79,1.83,1.74,94058,57628000.0,5.23,4.07,0.07,11.94
1996-08-08,600821,1.78,1.75,1.81,1.71,49002,29386000.0,5.59,-2.23,-0.04,6.22
1996-08-09,600821,1.75,1.72,1.76,1.68,35888,21222000.0,4.57,-1.71,-0.03,4.55
1996-08-12,600821,1.75,1.78,1.81,1.73,51273,31250000.0,4.65,3.49,0.06,6.51
1996-08-13,600821,1.8,1.75,1.8,1.74,22042,13299000.0,3.37,-1.69,-0.03,2.8
1996-08-14,600821,1.75,1.75,1.77,1.73,25729,15437000.0,2.29,0.0,0.0,3.26
1996-08-15,600821,1.75,1.8,1.85,1.74,78916,49010000.0,6.29,2.86,0.05,10.01
1996-08-16,600821,1.77,1.81,1.83,1.74,52399,32042000.0,5.0,0.56,0.01,6.65
1996-08-19,600821,1.84,1.85,1.89,1.82,97838,62363000.0,3.87,2.21,0.04,12.42
1996-08-20,600821,1.85,1.77,1.85,1.77,36948,22793000.0,4.32,-4.32,-0.08,4.69
1996-08-21,600821,1.8,1.83,1.87,1.79,61240,38199000.0,4.52,3.39,0.06,7.77
1996-08-22,600821,1.86,1.78,1.86,1.77,37266,23137000.0,4.92,-2.73,-0.05,4.73
1996-08-23,600821,1.8,1.77,1.83,1.71,48612,29300000.0,6.74,-0.56,-0.01,6.17
1996-08-26,600821,1.75,1.77,1.8,1.74,27674,16824000.0,3.39,0.0,0.0,3.51
1996-08-27,600821,1.78,1.83,1.83,1.77,33765,20884000.0,3.39,3.39,0.06,4.28
1996-08-28,600821,1.83,1.83,1.86,1.8,43505,27306000.0,3.28,0.0,0.0,5.52
1996-08-29,600821,1.81,1.8,1.82,1.75,28901,17701000.0,3.83,-1.64,-0.03,3.67
1996-08-30,600821,1.78,1.88,1.9,1.77,85050,54318000.0,7.22,4.44,0.08,10.79
1996-09-02,600821,1.9,1.93,1.94,1.88,60240,39437000.0,3.19,2.66,0.05,7.64
1996-09-03,600821,1.93,1.85,1.96,1.83,58124,37798000.0,6.74,-4.15,-0.08,7.38
1996-09-04,600821,1.81,1.87,1.88,1.81,40644,25752000.0,3.78,1.08,0.02,5.16
1996-09-05,600821,1.88,1.89,2.0,1.88,87467,58037000.0,6.42,1.07,0.02,11.1
1996-09-06,600821,1.88,1.87,1.92,1.83,40177,25593000.0,4.76,-1.06,-0.02,5.1
1996-09-09,600821,1.85,1.85,1.86,1.83,19429,12292000.0,1.6,-1.07,-0.02,2.47
1996-09-10,600821,1.81,1.77,1.84,1.75,31968,19549000.0,4.86,-4.32,-0.08,4.06
1996-09-11,600821,1.75,1.81,1.83,1.72,28708,17515000.0,6.21,2.26,0.04,3.64
1996-09-12,600821,1.81,1.75,1.83,1.73,22596,13706000.0,5.52,-3.31,-0.06,2.87
1996-09-13,600821,1.73,1.78,1.79,1.71,14088,8435000.0,4.57,1.71,0.03,1.79
1996-09-16,600821,1.78,1.75,1.78,1.74,10970,6587000.0,2.25,-1.69,-0.03,1.39
1996-09-17,600821,1.75,1.75,1.78,1.74,12847,7731000.0,2.29,0.0,0.0,1.63
1996-09-18,600821,1.75,1.69,1.78,1.68,14623,8669000.0,5.71,-3.43,-0.06,1.86
1996-09-19,600821,1.68,1.7,1.7,1.66,11005,6319000.0,2.37,0.59,0.01,1.4
1996-09-20,600821,1.7,1.8,1.81,1.69,18332,10977000.0,7.06,5.88,0.1,2.33
1996-09-23,600821,1.81,1.86,1.88,1.78,54139,34065000.0,5.56,3.33,0.06,6.87
1996-09-24,600821,1.88,1.88,1.92,1.85,68891,44440000.0,3.76,1.08,0.02,8.74
1996-09-25,600821,1.89,1.81,1.92,1.8,25750,16180000.0,6.38,-3.72,-0.07,3.27
1996-09-26,600821,1.84,1.83,1.88,1.81,29060,18436000.0,3.87,1.1,0.02,3.69
1996-09-27,600821,1.84,1.85,1.88,1.83,30090,19111000.0,2.73,1.09,0.02,3.82
1996-10-03,600821,1.88,1.85,1.9,1.84,29643,18996000.0,3.24,0.0,0.0,3.76
1996-10-04,600821,1.85,1.85,1.86,1.81,18761,11725000.0,2.7,0.0,0.0,2.38
1996-10-07,600821,1.85,1.88,1.93,1.82,42334,27188000.0,5.95,1.62,0.03,5.37
1996-10-08,600821,1.9,1.88,1.9,1.86,21597,13863000.0,2.13,0.0,0.0,2.74
1996-10-09,600821,1.89,1.83,1.89,1.83,21683,13698000.0,3.19,-2.66,-0.05,2.75
1996-10-10,600821,1.85,1.94,1.98,1.84,85344,56388000.0,7.65,6.01,0.11,10.83
1996-10-11,600821,1.98,1.96,1.99,1.95,78036,52540000.0,2.06,1.03,0.02,9.9
1996-10-14,600821,2.04,2.06,2.1,1.99,90865,63421000.0,5.61,5.1,0.1,11.53
1996-10-15,600821,2.06,1.99,2.06,1.97,49362,33659000.0,4.37,-3.4,-0.07,6.26
1996-10-16,600821,2.02,1.96,2.05,1.93,45130,30546000.0,6.03,-1.51,-0.03,5.73
1996-10-17,600821,1.96,2.0,2.0,1.92,44735,30037000.0,4.08,2.04,0.04,5.68
1996-10-18,600821,2.03,1.95,2.07,1.94,48911,33230000.0,6.5,-2.5,-0.05,6.21
1996-10-21,600821,1.95,1.98,1.99,1.94,28667,19198000.0,2.56,1.54,0.03,3.64
1996-10-22,600821,1.98,1.97,2.0,1.91,29182,19556000.0,4.55,-0.51,-0.01,3.7
1996-10-23,600821,1.98,2.06,2.07,1.97,67907,47422000.0,5.08,4.57,0.09,8.62
1996-10-24,600821,2.11,2.04,2.14,2.01,54087,38075000.0,6.31,-0.97,-0.02,6.86
1996-10-25,600821,2.02,2.07,2.07,1.98,67333,46781000.0,4.41,1.47,0.03,8.54
1996-10-28,600821,2.05,2.22,2.25,2.05,111238,83277000.0,9.66,7.25,0.15,14.12
1996-10-29,600821,2.25,2.15,2.25,2.13,63113,47177000.0,5.41,-3.15,-0.07,8.01
1996-10-30,600821,2.14,1.99,2.15,1.98,59004,41321000.0,7.91,-7.44,-0.16,7.49
1996-10-31,600821,2.0,2.03,2.04,1.96,31044,21206000.0,4.02,2.01,0.04,3.94
1996-11-01,600821,1.95,1.93,1.98,1.87,42204,27917000.0,5.42,-4.93,-0.1,5.36
1996-11-04,600821,1.93,1.96,1.98,1.9,16773,11171000.0,4.15,1.55,0.03,2.13
1996-11-05,600821,1.96,1.92,1.97,1.9,13274,8796000.0,3.57,-2.04,-0.04,1.68
1996-11-06,600821,1.9,1.9,1.93,1.89,16286,10607000.0,2.08,-1.04,-0.02,2.07
1996-11-07,600821,1.93,1.95,1.95,1.9,11657,7647000.0,2.63,2.63,0.05,1.48
1996-11-08,600821,1.95,1.92,1.95,1.9,8415,5541000.0,2.56,-1.54,-0.03,1.07
1996-11-11,600821,1.92,1.97,1.98,1.92,15130,10130000.0,3.13,2.6,0.05,1.92
1996-11-12,600821,1.98,1.96,2.0,1.93,15491,10388000.0,3.55,-0.51,-0.01,1.97
1996-11-13,600821,1.98,1.94,1.98,1.93,16707,11123000.0,2.55,-1.02,-0.02,2.12
1996-11-14,600821,1.95,2.0,2.02,1.94,25218,17093000.0,4.12,3.09,0.06,3.2
1996-11-15,600821,2.0,1.98,2.0,1.95,18539,12466000.0,2.5,-1.0,-0.02,2.35
1996-11-18,600821,1.95,2.05,2.08,1.93,44682,30874000.0,7.58,3.54,0.07,5.67
1996-11-19,600821,2.11,2.11,2.18,2.08,86547,62887000.0,4.88,2.93,0.06,10.98
1996-11-20,600821,2.1,2.07,2.1,2.02,34209,24102000.0,3.79,-1.9,-0.04,4.34
1996-11-21,600821,2.07,1.93,2.09,1.93,37072,25613000.0,7.73,-6.76,-0.14,4.7
1996-11-22,600821,1.9,1.91,1.93,1.86,20464,13188000.0,3.63,-1.04,-0.02,2.6
1996-11-25,600821,1.9,1.96,1.96,1.87,19460,12792000.0,4.71,2.62,0.05,2.47
1996-11-26,600821,1.98,1.93,1.99,1.9,15001,9978000.0,4.59,-1.53,-0.03,1.9
1996-11-27,600821,1.93,1.96,2.0,1.92,16736,11225000.0,4.15,1.55,0.03,2.12
1996-11-28,600821,1.97,2.03,2.08,1.96,54308,37765000.0,6.12,3.57,0.07,6.89
1996-11-29,600821,2.08,2.27,2.31,2.07,188186,140666000.0,11.82,11.82,0.24,23.88
1996-12-02,600821,2.41,2.65,2.7,2.41,220793,193831000.0,12.78,16.74,0.38,28.02
1996-12-03,600821,2.77,2.62,2.82,2.59,162692,149373000.0,8.68,-1.13,-0.03,20.65
1996-12-04,600821,2.64,2.93,2.93,2.62,137009,127813000.0,11.83,11.83,0.31,17.39
1996-12-05,600821,3.04,3.01,3.1,2.89,110111,111430000.0,7.17,2.73,0.08,13.97
1996-12-06,600821,2.97,3.09,3.16,2.8,99239,102017000.0,11.96,2.66,0.08,12.59
1996-12-09,600821,3.14,3.14,3.19,3.1,84389,90023000.0,2.91,1.62,0.05,10.71
1996-12-10,600821,3.1,3.01,3.13,2.82,61541,63065000.0,9.87,-4.14,-0.13,7.81
1996-12-11,600821,2.95,3.0,3.07,2.89,48485,49182000.0,5.98,-0.33,-0.01,6.15
1996-12-12,600821,2.95,2.76,3.01,2.65,56924,55270000.0,12.0,-8.0,-0.24,7.22
1996-12-13,600821,2.66,2.61,2.8,2.59,41689,38233000.0,7.61,-5.43,-0.15,5.29
1996-12-16,600821,2.34,2.34,2.34,2.34,4163,3317000.0,0.0,-10.34,-0.27,0.53
1996-12-17,600821,2.1,2.1,2.34,2.1,39548,28623000.0,10.26,-10.26,-0.24,5.02
1996-12-18,600821,2.04,2.32,2.32,2.02,69265,51974000.0,14.29,10.48,0.22,8.79
1996-12-19,600821,2.34,2.16,2.47,2.08,82492,64562000.0,16.81,-6.9,-0.16,10.47
1996-12-20,600821,2.14,2.2,2.23,2.08,48171,35563000.0,6.94,1.85,0.04,6.11
1996-12-23,600821,2.26,2.28,2.35,2.22,39142,30384000.0,5.91,3.64,0.08,4.97
1996-12-24,600821,2.28,2.11,2.3,2.11,25321,18940000.0,8.33,-7.46,-0.17,3.21
1996-12-25,600821,2.11,2.22,2.23,2.08,29620,21893000.0,7.11,5.21,0.11,3.76
1996-12-26,600821,2.23,2.32,2.35,2.17,42984,33280000.0,8.11,4.5,0.1,5.45
1996-12-27,600821,2.29,2.26,2.32,2.2,33955,26066000.0,5.17,-2.59,-0.06,4.31
1996-12-30,600821,2.26,2.28,2.3,2.23,27731,21342000.0,3.1,0.88,0.02,3.52
1996-12-31,600821,2.26,2.2,2.29,2.18,23517,17763000.0,4.82,-3.51,-0.08,2.98
1997-01-02,600821,2.2,2.2,2.24,2.17,10619,7916000.0,3.18,0.0,0.0,1.35
1997-01-03,600821,2.21,2.14,2.23,2.13,13142,9694000.0,4.55,-2.73,-0.06,1.67
1997-01-06,600821,2.11,2.08,2.14,2.07,12060,8610000.0,3.27,-2.8,-0.06,1.53
1997-01-07,600821,2.08,2.14,2.17,2.05,14966,10747000.0,5.77,2.88,0.06,1.9
1997-01-08,600821,2.12,2.11,2.15,2.09,6579,4733000.0,2.8,-1.4,-0.03,0.83
1997-01-09,600821,2.11,2.14,2.17,2.11,7170,5240000.0,2.84,1.42,0.03,0.91
1997-01-10,600821,2.14,2.16,2.17,2.11,9895,7219000.0,2.8,0.93,0.02,1.26
1997-01-13,600821,2.17,2.2,2.22,2.17,17124,12820000.0,2.31,1.85,0.04,2.17
1997-01-14,600821,2.2,2.13,2.21,2.11,10419,7625000.0,4.55,-3.18,-0.07,1.32
1997-01-15,600821,2.12,2.15,2.16,2.1,12004,8695000.0,2.82,0.94,0.02,1.52
1997-01-16,600821,2.14,2.13,2.15,2.1,7564,5464000.0,2.33,-0.93,-0.02,0.96
1997-01-17,600821,2.14,2.14,2.15,2.12,5969,4344000.0,1.41,0.47,0.01,0.76
1997-01-20,600821,2.13,2.15,2.16,2.13,9044,6599000.0,1.4,0.47,0.01,1.15
1997-01-21,600821,2.16,2.16,2.21,2.14,10854,8048000.0,3.26,0.47,0.01,1.38
1997-01-22,600821,2.14,2.19,2.19,2.14,10940,8038000.0,2.31,1.39,0.03,1.39
1997-01-23,600821,2.18,2.24,2.28,2.17,29719,22559000.0,5.02,2.28,0.05,3.77
1997-01-24,600821,2.24,2.22,2.26,2.17,12157,9137000.0,4.02,-0.89,-0.02,1.54
1997-01-27,600821,2.21,2.22,2.24,2.19,13347,10060000.0,2.25,0.0,0.0,1.69
1997-01-28,600821,2.22,2.2,2.22,2.17,9788,7285000.0,2.25,-0.9,-0.02,1.24
1997-01-29,600821,2.17,2.24,2.3,2.17,22159,16969000.0,5.91,1.82,0.04,2.81
1997-01-30,600821,2.25,2.22,2.25,2.2,12097,9150000.0,2.23,-0.89,-0.02,1.54
1997-01-31,600821,2.22,2.23,2.24,2.22,15311,11639000.0,0.9,0.45,0.01,1.94
1997-02-17,600821,2.23,2.26,2.26,2.21,13511,10304000.0,2.24,1.35,0.03,1.71
1997-02-18,600821,2.26,2.02,2.27,2.02,26188,19045000.0,11.06,-10.62,-0.24,3.32
1997-02-19,600821,2.08,2.17,2.2,2.08,15312,11108000.0,5.94,7.43,0.15,1.94
1997-02-20,600821,1.95,2.13,2.14,1.95,29542,20848000.0,8.76,-1.84,-0.04,3.75
1997-02-21,600821,2.13,2.35,2.35,2.11,73979,57172000.0,11.27,10.33,0.22,9.39
1997-02-24,600821,2.41,2.37,2.49,2.37,84956,69621000.0,5.11,0.85,0.02,10.78
1997-02-25,600821,2.38,2.33,2.4,2.31,30688,24533000.0,3.8,-1.69,-0.04,3.89
1997-02-26,600821,2.35,2.37,2.39,2.29,23812,18992000.0,4.29,1.72,0.04,3.02
1997-02-27,600821,2.38,2.32,2.41,2.29,22029,17624000.0,5.06,-2.11,-0.05,2.8
1997-02-28,600821,2.29,2.37,2.38,2.26,22777,17961000.0,5.17,2.16,0.05,2.89
1997-03-03,600821,2.37,2.41,2.44,2.36,38412,31204000.0,3.38,1.69,0.04,4.87
1997-03-04,600821,2.41,2.38,2.41,2.34,26880,21723000.0,2.9,-1.24,-0.03,3.41
1997-03-05,600821,2.38,2.38,2.47,2.35,36963,30342000.0,5.04,0.0,0.0,4.69
1997-03-06,600821,2.37,2.48,2.5,2.34,57737,48051000.0,6.72,4.2,0.1,7.33
1997-03-07,600821,2.53,2.56,2.68,2.5,113444,99372000.0,7.26,3.23,0.08,14.4
1997-03-10,600821,2.56,2.56,2.59,2.52,45444,39397000.0,2.73,0.0,0.0,5.77
1997-03-11,600821,2.56,2.53,2.57,2.5,35378,30275000.0,2.73,-1.17,-0.03,4.49
1997-03-12,600821,2.52,2.56,2.6,2.5,36183,31226000.0,3.95,1.19,0.03,4.59
1997-03-13,600821,2.56,2.51,2.59,2.5,35762,30785000.0,3.52,-1.95,-0.05,4.54
1997-03-14,600821,2.51,2.52,2.55,2.44,28051,23792000.0,4.38,0.4,0.01,3.56
1997-03-17,600821,2.53,2.55,2.58,2.5,43848,37787000.0,3.17,1.19,0.03,5.56
1997-03-18,600821,2.56,2.61,2.68,2.53,74096,65754000.0,5.88,2.35,0.06,9.4
1997-03-19,600821,2.64,2.58,2.67,2.55,28211,24749000.0,4.6,-1.15,-0.03,3.58
1997-03-20,600821,2.58,2.47,2.6,2.45,23984,20672000.0,5.81,-4.26,-0.11,3.04
1997-03-21,600821,2.45,2.58,2.61,2.44,25932,22205000.0,6.88,4.45,0.11,3.29
1997-03-24,600821,2.65,2.66,2.73,2.61,67067,60545000.0,4.65,3.1,0.08,8.51
1997-03-25,600821,2.68,2.61,2.69,2.57,31722,28221000.0,4.51,-1.88,-0.05,4.03
1997-03-26,600821,2.63,2.65,2.65,2.59,29134,25795000.0,2.3,1.53,0.04,3.7
1997-03-27,600821,2.67,2.71,2.76,2.63,65087,59642000.0,4.91,2.26,0.06,8.26
1997-03-28,600821,2.71,2.68,2.82,2.67,51719,48156000.0,5.54,-1.11,-0.03,6.56
1997-03-31,600821,2.73,2.78,2.79,2.71,37097,34795000.0,2.99,3.73,0.1,4.71
1997-04-01,600821,2.81,2.77,2.86,2.74,42878,41013000.0,4.32,-0.36,-0.01,5.44
1997-04-02,600821,2.76,2.71,2.79,2.7,23524,21842000.0,3.25,-2.17,-0.06,2.99
1997-04-03,600821,2.68,2.71,2.72,2.61,26075,23713000.0,4.06,0.0,0.0,3.31
1997-04-04,600821,2.73,2.71,2.74,2.67,33831,30946000.0,2.58,0.0,0.0,4.29
1997-04-07,600821,2.69,2.66,2.71,2.63,28229,25463000.0,2.95,-1.85,-0.05,3.58
1997-04-08,600821,2.65,2.61,2.66,2.59,22720,20244000.0,2.63,-1.88,-0.05,2.88
1997-04-09,600821,2.61,2.69,2.7,2.61,25585,23127000.0,3.45,3.07,0.08,3.25
1997-04-10,600821,2.69,2.68,2.77,2.67,31512,29047000.0,3.72,-0.37,-0.01,4.0
1997-04-11,600821,2.68,2.64,2.71,2.55,24713,22061000.0,5.97,-1.49,-0.04,3.14
1997-04-14,600821,2.65,2.77,2.82,2.65,68433,63931000.0,6.44,4.92,0.13,8.68
1997-04-15,600821,2.77,2.94,2.95,2.73,87328,84150000.0,7.94,6.14,0.17,11.08
1997-04-16,600821,2.98,2.98,3.04,2.87,105371,105927000.0,5.78,1.36,0.04,13.37
1997-04-17,600821,2.98,3.05,3.13,2.97,91127,94672000.0,5.37,2.35,0.07,11.56
1997-04-18,600821,3.07,3.06,3.1,2.96,50282,51536000.0,4.59,0.33,0.01,6.38
1997-04-21,600821,3.1,3.21,3.21,3.1,64510,68825000.0,3.59,4.9,0.15,8.19
1997-04-22,600821,3.21,3.07,3.21,3.04,58070,61286000.0,5.3,-4.36,-0.14,7.37
1997-04-23,600821,3.01,2.96,3.05,2.89,64584,64912000.0,5.21,-3.58,-0.11,8.2
1997-04-24,600821,2.95,2.89,2.95,2.83,58107,56488000.0,4.05,-2.36,-0.07,7.37
1997-04-25,600821,2.86,2.85,2.86,2.79,45923,43949000.0,2.42,-1.38,-0.04,5.83
1997-04-28,600821,2.85,2.93,3.01,2.83,62000,61642000.0,6.32,2.81,0.08,7.87
1997-04-29,600821,2.95,2.94,3.0,2.83,27287,26903000.0,5.8,0.34,0.01,3.46
1997-04-30,600821,2.96,2.95,2.98,2.89,29350,29133000.0,3.06,0.34,0.01,3.72
1997-05-05,600821,2.89,3.02,3.07,2.89,52298,53237000.0,6.1,2.37,0.07,6.64
1997-05-06,600821,3.03,3.16,3.19,3.02,85591,90661000.0,5.63,4.64,0.14,10.86
1997-05-07,600821,3.22,3.06,3.25,3.04,75664,80190000.0,6.65,-3.16,-0.1,9.6
1997-05-08,600821,3.07,2.85,3.1,2.83,48320,48764000.0,8.82,-6.86,-0.21,6.13
1997-05-09,600821,2.85,2.99,3.0,2.79,36154,35593000.0,7.37,4.91,0.14,4.59
1997-05-12,600821,3.01,3.13,3.13,3.01,61701,64716000.0,4.01,4.68,0.14,7.83
1997-05-13,600821,3.19,3.02,3.21,2.95,43956,45437000.0,8.31,-3.51,-0.11,5.58
1997-05-14,600821,3.01,2.83,3.01,2.8,28045,27555000.0,6.95,-6.29,-0.19,3.56
1997-05-15,600821,2.81,2.94,2.98,2.8,23374,23028000.0,6.36,3.89,0.11,2.97
1997-05-16,600821,2.64,2.64,2.89,2.64,37114,34340000.0,8.5,-10.2,-0.3,4.71
1997-05-19,600821,2.65,2.66,2.74,2.61,14141,12750000.0,4.92,0.76,0.02,1.79
1997-05-20,600821,2.68,2.72,2.74,2.67,11982,11006000.0,2.63,2.26,0.06,1.52
1997-05-21,600821,2.74,2.62,2.74,2.59,13281,11884000.0,5.51,-3.68,-0.1,1.69
1997-05-22,600821,2.35,2.35,2.5,2.35,16204,13112000.0,5.73,-10.31,-0.27,2.06
1997-05-23,600821,2.35,2.34,2.41,2.28,14363,11344000.0,5.53,-0.43,-0.01,1.82
1997-05-26,600821,2.32,2.3,2.41,2.23,8348,6571000.0,7.69,-1.71,-0.04,1.06
1997-05-27,600821,2.29,2.38,2.38,2.29,10478,8382000.0,3.91,3.48,0.08,1.33
1997-05-28,600821,2.38,2.36,2.41,2.35,9121,7356000.0,2.52,-0.84,-0.02,1.16
1997-05-29,600821,2.35,2.36,2.41,2.32,7333,5897000.0,3.81,0.0,0.0,0.93
1997-05-30,600821,2.29,2.38,2.38,2.29,5493,4397000.0,3.81,0.85,0.02,0.7
1997-06-02,600821,2.41,2.53,2.55,2.41,16546,14050000.0,5.88,6.3,0.15,2.1
1997-06-03,600821,2.53,2.5,2.55,2.44,13449,11377000.0,4.35,-1.19,-0.03,1.71
1997-06-04,600821,2.5,2.52,2.55,2.46,14505,12334000.0,3.6,0.8,0.02,1.84
1997-06-05,600821,2.5,2.5,2.52,2.47,13479,11428000.0,1.98,-0.79,-0.02,1.71
1997-06-06,600821,2.32,2.34,2.4,2.27,21321,16971000.0,5.2,-6.4,-0.16,2.71
1997-06-09,600821,2.35,2.36,2.38,2.33,5498,4395000.0,2.14,0.85,0.02,0.7
1997-06-10,600821,2.37,2.29,2.43,2.29,7677,6220000.0,5.93,-2.97,-0.07,0.97
1997-06-11,600821,2.35,2.41,2.43,2.26,13650,10839000.0,7.42,5.24,0.12,1.73
1997-06-12,600821,2.44,2.35,2.46,2.31,11852,9642000.0,6.22,-2.49,-0.06,1.5
1997-06-13,600821,2.29,2.39,2.41,2.29,12105,9749000.0,5.11,1.7,0.04,1.54
1997-06-16,600821,2.43,2.5,2.59,2.41,22586,19169000.0,7.53,4.6,0.11,2.87
1997-06-17,600821,2.53,2.52,2.59,2.47,19454,16742000.0,4.8,0.8,0.02,2.47
1997-06-19,600821,2.52,2.38,2.53,2.35,11220,9133000.0,7.14,-5.56,-0.14,1.42
1997-06-20,600821,2.38,2.47,2.47,2.38,13437,11102000.0,3.78,3.78,0.09,1.71
1997-06-23,600821,2.5,2.38,2.51,2.35,15262,12444000.0,6.48,-3.64,-0.09,1.94
1997-06-24,600821,2.35,2.39,2.41,2.35,8271,6674000.0,2.52,0.42,0.01,1.05
1997-06-25,600821,2.44,2.35,2.44,2.35,9795,7889000.0,3.77,-1.67,-0.04,1.24
1997-06-26,600821,2.35,2.35,2.38,2.34,9264,7450000.0,1.7,0.0,0.0,1.18
1997-06-27,600821,2.36,2.28,2.38,2.27,11002,8630000.0,4.68,-2.98,-0.07,1.4
1997-07-02,600821,2.29,2.13,2.35,2.05,7415,5427000.0,13.16,-6.58,-0.15,0.94
1997-07-03,600821,2.13,2.02,2.13,1.98,7599,5230000.0,7.04,-5.16,-0.11,0.96
1997-07-04,600821,2.02,2.06,2.09,1.95,4666,3243000.0,6.93,1.98,0.04,0.59
1997-07-07,600821,2.08,1.92,2.08,1.9,4788,3228000.0,8.74,-6.8,-0.14,0.61
1997-07-08,600821,1.9,1.96,2.01,1.87,4473,2939000.0,7.29,2.08,0.04,0.57
1997-07-09,600821,1.96,1.94,2.01,1.92,3267,2169000.0,4.59,-1.02,-0.02,0.41
1997-07-10,600821,1.95,1.95,1.98,1.9,4366,2895000.0,4.12,0.52,0.01,0.55
1997-07-11,600821,1.93,2.0,2.0,1.92,5580,3728000.0,4.1,2.56,0.05,0.71
1997-07-14,600821,2.01,2.05,2.07,1.97,8420,5846000.0,5.0,2.5,0.05,1.07
1997-07-15,600821,2.07,2.08,2.1,2.04,8301,5848000.0,2.93,1.46,0.03,1.05
1997-07-16,600821,2.05,2.16,2.2,2.02,18336,13291000.0,8.65,3.85,0.08,2.33
1997-07-17,600821,2.17,2.28,2.32,2.17,30244,23266000.0,6.94,5.56,0.12,3.84
1997-07-18,600821,2.28,2.28,2.28,2.22,13848,10620000.0,2.63,0.0,0.0,1.76
1997-07-21,600821,2.32,2.27,2.41,2.23,18523,14771000.0,7.89,-0.44,-0.01,2.35
1997-07-22,600821,2.26,2.34,2.34,2.22,12069,9339000.0,5.29,3.08,0.07,1.53
1997-07-23,600821,2.35,2.32,2.38,2.29,14262,11390000.0,3.85,-0.85,-0.02,1.81
1997-07-24,600821,2.29,2.23,2.32,2.2,7815,5995000.0,5.17,-3.88,-0.09,0.99
1997-07-25,600821,2.26,2.22,2.26,2.17,7758,5848000.0,4.04,-0.45,-0.01,0.98
1997-07-28,600821,2.26,2.24,2.29,2.22,6592,5049000.0,3.15,0.9,0.02,0.84
1997-07-29,600821,2.23,2.23,2.27,2.19,4654,3544000.0,3.57,-0.45,-0.01,0.59
1997-07-30,600821,2.24,2.3,2.32,2.23,7854,6091000.0,4.04,3.14,0.07,1.0
1997-07-31,600821,2.32,2.29,2.32,2.27,4720,3683000.0,2.17,-0.43,-0.01,0.6
1997-08-01,600821,2.29,2.32,2.32,2.26,4490,3496000.0,2.62,1.31,0.03,0.57
1997-08-04,600821,2.35,2.37,2.37,2.31,8848,7029000.0,2.59,2.16,0.05,1.12
1997-08-05,600821,2.38,2.35,2.39,2.32,6895,5521000.0,2.95,-0.84,-0.02,0.87
1997-08-06,600821,2.35,2.31,2.38,2.29,6004,4752000.0,3.83,-1.7,-0.04,0.76
1997-08-07,600821,2.29,2.34,2.35,2.23,5936,4616000.0,5.19,1.3,0.03,0.75
1997-08-08,600821,2.35,2.35,2.37,2.29,11424,9093000.0,3.42,0.43,0.01,1.45
1997-08-11,600821,2.35,2.3,2.37,2.27,8491,6676000.0,4.26,-2.13,-0.05,1.08
1997-08-12,600821,2.32,2.26,2.32,2.24,5315,4127000.0,3.48,-1.74,-0.04,0.67
1997-08-13,600821,2.23,2.2,2.27,2.18,4870,3702000.0,3.98,-2.65,-0.06,0.62
1997-08-14,600821,2.3,2.43,2.43,2.24,27056,21843000.0,8.64,10.45,0.23,3.43
1997-08-15,600821,2.53,2.38,2.56,2.34,26009,21031000.0,9.05,-2.06,-0.05,3.3
1997-08-18,600821,2.36,2.32,2.37,2.29,9151,7258000.0,3.36,-2.52,-0.06,1.16
1997-08-19,600821,2.36,2.35,2.38,2.32,7073,5658000.0,2.59,1.29,0.03,0.9
1997-08-20,600821,2.37,2.41,2.41,2.35,7198,5812000.0,2.55,2.55,0.06,0.91
1997-08-21,600821,2.41,2.44,2.47,2.39,19881,16455000.0,3.32,1.24,0.03,2.52
1997-08-22,600821,2.43,2.42,2.44,2.39,12554,10308000.0,2.05,-0.82,-0.02,1.59
1997-08-25,600821,2.45,2.49,2.5,2.44,20091,16902000.0,2.48,2.89,0.07,2.55
1997-08-26,600821,2.5,2.54,2.56,2.49,31878,27426000.0,2.81,2.01,0.05,4.05
1997-08-27,600821,2.54,2.53,2.55,2.49,15317,13079000.0,2.36,-0.39,-0.01,1.94
1997-08-28,600821,2.53,2.55,2.58,2.5,14870,12832000.0,3.16,0.79,0.02,1.89
1997-08-29,600821,2.56,2.52,2.56,2.49,13555,11583000.0,2.75,-1.18,-0.03,1.72
1997-09-01,600821,2.5,2.55,2.58,2.5,13570,11738000.0,3.17,1.19,0.03,1.72
1997-09-02,600821,2.55,2.51,2.56,2.49,10665,9132000.0,2.75,-1.57,-0.04,1.35
1997-09-03,600821,2.53,2.61,2.62,2.5,18256,15836000.0,4.78,3.98,0.1,2.32
1997-09-04,600821,2.59,2.59,2.62,2.56,13195,11604000.0,2.3,-0.77,-0.02,1.67
1997-09-05,600821,2.59,2.56,2.59,2.53,9537,8292000.0,2.32,-1.16,-0.03,1.21
1997-09-08,600821,2.55,2.57,2.58,2.5,15214,13019000.0,3.13,0.39,0.01,1.93
1997-09-09,600821,2.59,2.5,2.61,2.49,6961,5995000.0,4.67,-2.72,-0.07,0.88
1997-09-10,600821,2.5,2.57,2.62,2.47,13101,11243000.0,6.0,2.8,0.07,1.66
1997-09-11,600821,2.58,2.5,2.59,2.47,11013,9480000.0,4.67,-2.72,-0.07,1.4
1997-09-12,600821,2.5,2.41,2.51,2.4,7892,6584000.0,4.4,-3.6,-0.09,1.0
1997-09-15,600821,2.4,2.32,2.4,2.3,5937,4749000.0,4.15,-3.73,-0.09,0.75
1997-09-16,600821,2.32,2.31,2.35,2.29,4529,3569000.0,2.59,-0.43,-0.01,0.57
1997-09-17,600821,2.32,2.28,2.33,2.26,3320,2603000.0,3.03,-1.3,-0.03,0.42
1997-09-18,600821,2.29,2.27,2.31,2.26,4331,3358000.0,2.19,-0.44,-0.01,0.55
1997-09-19,600821,2.31,2.34,2.34,2.28,2767,2176000.0,2.64,3.08,0.07,0.35
1997-09-22,600821,2.34,2.14,2.34,2.14,5133,3864000.0,8.55,-8.55,-0.2,0.65
1997-09-23,600821,2.14,2.0,2.14,1.94,9311,6510000.0,9.35,-6.54,-0.14,1.18
1997-09-24,600821,2.14,2.17,2.18,2.08,7864,5691000.0,5.0,8.5,0.17,1.0
1997-09-25,600821,2.2,2.17,2.21,2.14,8876,6579000.0,3.23,0.0,0.0,1.13
1997-09-26,600821,2.19,2.14,2.2,2.11,3636,2650000.0,4.15,-1.38,-0.03,0.46
1997-09-29,600821,2.11,2.07,2.12,2.05,3106,2203000.0,3.27,-3.27,-0.07,0.39
1997-09-30,600821,2.11,2.11,2.11,2.1,2434,1747000.0,0.48,1.93,0.04,0.31
1997-10-06,600821,2.16,2.14,2.16,2.11,1900,1383000.0,2.37,1.42,0.03,0.24
1997-10-07,600821,2.14,2.14,2.14,2.08,1284,922000.0,2.8,0.0,0.0,0.16
1997-10-08,600821,2.17,2.2,2.22,2.16,3382,2526000.0,2.8,2.8,0.06,0.43
1997-10-09,600821,2.2,2.15,2.2,2.14,2228,1644000.0,2.73,-2.27,-0.05,0.28
1997-10-10,600821,2.17,2.18,2.18,2.14,1816,1339000.0,1.86,1.4,0.03,0.23
1997-10-13,600821,2.2,2.14,2.2,2.11,1669,1224000.0,4.13,-1.83,-0.04,0.21
1997-10-14,600821,2.13,2.13,2.15,2.08,2144,1546000.0,3.27,-0.47,-0.01,0.27
1997-10-15,600821,2.16,2.14,2.16,2.11,2100,1525000.0,2.35,0.47,0.01,0.27
1997-10-16,600821,2.14,2.18,2.19,2.14,3030,2249000.0,2.34,1.87,0.04,0.38
1997-10-17,600821,2.19,2.23,2.25,2.19,7173,5417000.0,2.75,2.29,0.05,0.91
1997-10-20,600821,2.28,2.25,2.3,2.2,7408,5699000.0,4.48,0.9,0.02,0.94
1997-10-21,600821,2.27,2.23,2.27,2.21,6183,4690000.0,2.67,-0.89,-0.02,0.78
1997-10-22,600821,2.23,2.2,2.27,2.18,8405,6362000.0,4.04,-1.35,-0.03,1.07
1997-10-23,600821,2.21,2.23,2.25,2.21,7354,5581000.0,1.82,1.36,0.03,0.93
1997-10-27,600821,2.34,2.37,2.38,2.32,15254,12199000.0,2.69,6.28,0.14,1.94
1997-10-28,600821,2.38,2.24,2.39,2.23,9667,7547000.0,6.75,-5.49,-0.13,1.23
1997-10-29,600821,2.23,2.23,2.25,2.19,6142,4639000.0,2.68,-0.45,-0.01,0.78
1997-10-30,600821,2.24,2.2,2.26,2.2,6759,5124000.0,2.69,-1.35,-0.03,0.86
1997-10-31,600821,2.17,2.27,2.27,2.14,6659,4995000.0,5.91,3.18,0.07,0.85
1997-11-03,600821,2.29,2.28,2.29,2.25,4787,3696000.0,1.76,0.44,0.01,0.61
1997-11-04,600821,2.23,2.26,2.28,2.23,2452,1882000.0,2.19,-0.88,-0.02,0.31
1997-11-05,600821,2.26,2.25,2.29,2.21,1687,1291704.0,3.54,-0.44,-0.01,0.21
1997-11-06,600821,2.27,2.21,2.28,2.21,4522,3430000.0,3.11,-1.78,-0.04,0.57
1997-11-07,600821,2.23,2.24,2.28,2.2,4255,3225000.0,3.62,1.36,0.03,0.54
1997-11-10,600821,2.2,2.21,2.27,2.19,4911,3743000.0,3.57,-1.34,-0.03,0.62
1997-11-11,600821,2.23,2.19,2.23,2.17,3947,2935000.0,2.71,-0.9,-0.02,0.5
1997-11-12,600821,2.2,2.16,2.2,2.16,3583,2655000.0,1.83,-1.37,-0.03,0.45
1997-11-13,600821,2.15,2.17,2.17,2.12,3381,2470000.0,2.31,0.46,0.01,0.43
1997-11-14,600821,2.17,2.18,2.23,2.16,3970,2957000.0,3.23,0.46,0.01,0.5
1997-11-17,600821,2.2,2.15,2.23,2.14,2712,2012000.0,4.13,-1.38,-0.03,0.34
1997-11-18,600821,2.15,2.13,2.17,2.13,2894,2111000.0,1.86,-0.93,-0.02,0.37
1997-11-19,600821,2.12,2.15,2.16,2.11,3925,2845000.0,2.35,0.94,0.02,0.5
1997-11-20,600821,2.16,2.1,2.16,2.08,5602,4018000.0,3.72,-2.33,-0.05,0.71
1997-11-21,600821,2.1,2.14,2.14,2.08,3887,2783000.0,2.86,1.9,0.04,0.49
1997-11-24,600821,2.08,2.06,2.12,2.04,4895,3450000.0,3.74,-3.74,-0.08,0.62
1997-11-25,600821,2.06,2.04,2.08,2.02,3265,2278000.0,2.91,-0.97,-0.02,0.41
1997-11-26,600821,2.05,2.08,2.08,2.04,2574,1811000.0,1.96,1.96,0.04,0.33
1997-11-27,600821,2.08,2.01,2.08,2.01,2713,1885000.0,3.37,-3.37,-0.07,0.34
1997-11-28,600821,2.01,2.08,2.08,2.01,3861,2694000.0,3.48,3.48,0.07,0.49
1997-12-01,600821,2.08,2.05,2.08,2.03,1744,1222000.0,2.4,-1.44,-0.03,0.22
1997-12-02,600821,2.06,2.04,2.07,2.04,1889,1324000.0,1.46,-0.49,-0.01,0.24
1997-12-03,600821,2.07,2.04,2.1,2.04,1319,923000.0,2.94,0.0,0.0,0.17
1997-12-04,600821,2.05,2.05,2.05,2.02,1682,1170000.0,1.47,0.49,0.01,0.21
1997-12-05,600821,2.04,2.06,2.08,2.04,3299,2316000.0,1.95,0.49,0.01,0.42
1997-12-08,600821,2.07,2.04,2.07,2.04,1843,1289000.0,1.46,-0.97,-0.02,0.23
1997-12-09,600821,2.05,2.09,2.11,2.02,3290,2312000.0,4.41,2.45,0.05,0.42
1997-12-10,600821,2.1,2.1,2.12,2.09,3631,2602000.0,1.44,0.48,0.01,0.46
1997-12-11,600821,2.14,2.14,2.18,2.11,7116,5203000.0,3.33,1.9,0.04,0.9
1997-12-12,600821,2.13,2.1,2.16,2.1,2982,2149000.0,2.8,-1.87,-0.04,0.38
1997-12-15,600821,2.08,2.11,2.11,2.08,4400,3129000.0,1.43,0.48,0.01,0.56
1997-12-16,600821,2.11,2.09,2.11,2.08,3184,2268000.0,1.42,-0.95,-0.02,0.4
1997-12-17,600821,2.09,2.04,2.09,2.04,4436,3116000.0,2.39,-2.39,-0.05,0.56
1997-12-18,600821,2.04,2.07,2.09,2.01,4726,3283000.0,3.92,1.47,0.03,0.6
1997-12-19,600821,2.07,2.05,2.07,2.04,3344,2343000.0,1.45,-0.97,-0.02,0.42
1997-12-22,600821,2.05,2.09,2.11,2.02,5902,4179000.0,4.39,1.95,0.04,0.75
1997-12-23,600821,2.08,2.11,2.12,2.06,6112,4366000.0,2.87,0.96,0.02,0.78
1997-12-24,600821,2.1,2.13,2.14,2.07,6076,4379000.0,3.32,0.95,0.02,0.77
1997-12-25,600821,2.13,2.14,2.15,2.11,4705,3411000.0,1.88,0.47,0.01,0.6
1997-12-26,600821,2.14,2.18,2.2,2.13,12962,9605000.0,3.27,1.87,0.04,1.64
1997-12-29,600821,2.2,2.17,2.23,2.17,7519,5621000.0,2.75,-0.46,-0.01,0.95
1997-12-30,600821,2.14,2.13,2.16,2.13,3864,2814000.0,1.38,-1.84,-0.04,0.49
1997-12-31,600821,2.13,2.16,2.16,2.13,4421,3229000.0,1.41,1.41,0.03,0.56
1998-01-05,600821,2.17,2.17,2.19,2.13,5728,4191000.0,2.78,0.46,0.01,0.73
1998-01-06,600821,2.17,2.15,2.17,2.13,6651,4863000.0,1.84,-0.92,-0.02,0.84
1998-01-07,600821,2.15,2.16,2.18,2.13,7777,5705000.0,2.33,0.47,0.01,0.99
1998-01-08,600821,2.17,2.21,2.29,2.17,12961,9831000.0,5.56,2.31,0.05,1.64
1998-01-09,600821,2.22,2.17,2.23,2.11,11275,8325000.0,5.43,-1.81,-0.04,1.43
1998-01-12,600821,2.18,2.14,2.18,2.12,8908,6524000.0,2.76,-1.38,-0.03,1.13
1998-01-13,600821,1.99,2.08,2.14,1.96,7730,5407000.0,8.41,-2.8,-0.06,0.98
1998-01-14,600821,2.11,2.1,2.12,2.08,7655,5475000.0,1.92,0.96,0.02,0.97
1998-01-15,600821,2.11,2.17,2.17,2.11,8625,6286000.0,2.86,3.33,0.07,1.09
1998-01-16,600821,2.16,2.21,2.26,2.16,18977,14352000.0,4.61,1.84,0.04,2.41
1998-01-19,600821,2.23,2.23,2.28,2.21,9688,7403000.0,3.17,0.9,0.02,1.23
1998-01-20,600821,2.23,2.2,2.24,2.19,5900,4443000.0,2.24,-1.35,-0.03,0.75
1998-01-21,600821,2.2,2.19,2.22,2.18,2976,2227000.0,1.82,-0.45,-0.01,0.38
1998-01-22,600821,2.19,2.17,2.2,2.14,5465,4041000.0,2.74,-0.91,-0.02,0.69
1998-01-23,600821,2.2,2.21,2.22,2.19,5954,4470000.0,1.38,1.84,0.04,0.76
1998-02-09,600821,2.29,2.26,2.32,2.24,10354,7974000.0,3.62,2.26,0.05,1.31
1998-02-10,600821,2.26,2.23,2.26,2.22,7077,5387000.0,1.77,-1.33,-0.03,0.9
1998-02-11,600821,2.23,2.29,2.31,2.22,20566,15879000.0,4.04,2.69,0.06,2.61
1998-02-12,600821,2.29,2.23,2.29,2.22,16413,12569000.0,3.06,-2.62,-0.06,2.08
1998-02-13,600821,2.23,2.26,2.31,2.23,40824,31431000.0,3.59,1.35,0.03,5.18
1998-02-16,600821,2.35,2.35,2.39,2.33,22497,16583000.0,2.65,3.98,0.09,2.2
1998-02-17,600821,2.35,2.32,2.37,2.29,8158,5950000.0,3.4,-1.28,-0.03,0.8
1998-02-18,600821,2.34,2.33,2.38,2.31,7244,5292000.0,3.02,0.43,0.01,0.71
1998-02-19,600821,2.33,2.34,2.37,2.32,6895,5039000.0,2.15,0.43,0.01,0.67
1998-02-20,600821,2.37,2.3,2.37,2.3,5684,4140000.0,2.99,-1.71,-0.04,0.55
1998-02-23,600821,2.28,2.24,2.29,2.21,5920,4189000.0,3.48,-2.61,-0.06,0.58
1998-02-24,600821,2.26,2.24,2.3,2.23,5271,3758000.0,3.13,0.0,0.0,0.51
1998-02-25,600821,2.26,2.22,2.26,2.22,6466,4562000.0,1.79,-0.89,-0.02,0.63
1998-02-26,600821,2.22,2.19,2.23,2.17,7215,5009000.0,2.7,-1.35,-0.03,0.7
1998-02-27,600821,2.21,2.2,2.24,2.18,10437,7284000.0,2.74,0.46,0.01,1.02
1998-03-02,600821,2.2,2.29,2.35,2.19,16126,11661000.0,7.27,4.09,0.09,1.57
1998-03-03,600821,2.29,2.41,2.41,2.29,34703,25699000.0,5.24,5.24,0.12,3.39
1998-03-04,600821,2.46,2.48,2.5,2.41,53696,41063000.0,3.73,2.9,0.07,5.24
1998-03-05,600821,2.51,2.6,2.67,2.47,78903,62603000.0,8.06,4.84,0.12,7.7
1998-03-06,600821,2.91,2.72,2.91,2.64,140949,118547000.0,10.38,4.62,0.12,13.76
1998-03-09,600821,2.72,2.78,2.83,2.69,68241,57771000.0,5.15,2.21,0.06,6.66
1998-03-10,600821,2.78,2.79,2.83,2.71,28178,23680000.0,4.32,0.36,0.01,2.75
1998-03-11,600821,2.8,2.79,2.88,2.73,34246,29320000.0,5.38,0.0,0.0,3.34
1998-03-12,600821,2.78,2.71,2.78,2.71,18823,15664000.0,2.51,-2.87,-0.08,1.84
1998-03-13,600821,2.68,2.75,2.82,2.68,14547,12187000.0,5.17,1.48,0.04,1.42
1998-03-16,600821,2.72,2.76,2.8,2.71,14941,12540000.0,3.27,0.36,0.01,1.46
1998-03-17,600821,2.79,2.74,2.79,2.71,20910,17450000.0,2.9,-0.72,-0.02,2.04
1998-03-18,600821,2.7,2.67,2.71,2.66,40401,33063000.0,1.82,-2.55,-0.07,3.94
1998-03-19,600821,2.65,2.68,2.69,2.64,19338,15770000.0,1.87,0.37,0.01,1.89
1998-03-20,600821,2.68,2.64,2.68,2.62,18208,14743000.0,2.24,-1.49,-0.04,1.78
1998-03-23,600821,2.64,2.56,2.64,2.56,20246,16095000.0,3.03,-3.03,-0.08,1.98
1998-03-24,600821,2.55,2.68,2.68,2.55,13619,10936000.0,5.08,4.69,0.12,1.33
1998-03-25,600821,2.7,2.6,2.71,2.58,17208,13902000.0,4.85,-2.99,-0.08,1.68
1998-03-26,600821,2.6,2.59,2.64,2.56,12431,9902000.0,3.08,-0.38,-0.01,1.21
1998-03-27,600821,2.59,2.67,2.68,2.57,19132,15494000.0,4.25,3.09,0.08,1.87
1998-03-30,600821,2.7,2.74,2.75,2.66,30486,25267000.0,3.37,2.62,0.07,2.98
1998-03-31,600821,2.74,2.74,2.77,2.7,27997,23407000.0,2.55,0.0,0.0,2.73
1998-04-01,600821,2.76,2.77,2.83,2.74,27377,23178000.0,3.28,1.09,0.03,2.67
1998-04-02,600821,2.78,2.74,2.8,2.73,36857,31035000.0,2.53,-1.08,-0.03,3.6
1998-04-03,600821,2.74,2.73,2.76,2.67,26797,22101000.0,3.28,-0.36,-0.01,2.62
1998-04-06,600821,2.7,2.8,2.82,2.66,39148,32818000.0,5.86,2.56,0.07,3.82
1998-04-07,600821,2.81,2.76,2.82,2.75,20259,17075000.0,2.5,-1.43,-0.04,1.98
1998-04-08,600821,2.76,2.94,2.96,2.72,63085,54134000.0,8.7,6.52,0.18,6.16
1998-04-09,600821,2.94,2.78,2.96,2.76,37040,31785000.0,6.8,-5.44,-0.16,3.62
1998-04-10,600821,2.78,2.84,2.88,2.76,31096,26690000.0,4.32,2.16,0.06,3.04
1998-04-13,600821,2.88,2.97,3.04,2.88,62096,55721000.0,5.63,4.58,0.13,6.06
1998-04-14,600821,2.97,2.95,3.01,2.9,36806,32806000.0,3.7,-0.67,-0.02,3.59
1998-04-15,600821,2.96,2.97,3.03,2.96,35392,31706000.0,2.37,0.68,0.02,3.45
1998-04-17,600821,2.99,2.8,2.99,2.76,27593,23637000.0,7.74,-5.72,-0.17,2.69
1998-04-20,600821,2.82,2.82,2.92,2.8,28365,24412000.0,4.29,0.71,0.02,2.77
1998-04-21,600821,2.83,2.75,2.86,2.71,29371,24645000.0,5.32,-2.48,-0.07,2.87
1998-04-22,600821,2.76,2.79,2.84,2.74,47524,40331000.0,3.64,1.45,0.04,4.64
1998-04-23,600821,2.79,2.78,2.83,2.72,25519,15467000.0,3.94,-0.36,-0.01,1.8
1998-04-24,600821,2.78,2.67,2.79,2.66,25752,15426000.0,4.68,-3.96,-0.11,1.82
1998-04-27,600821,2.67,2.64,2.67,2.56,23948,13780000.0,4.12,-1.12,-0.03,1.69
1998-04-28,600821,2.61,2.66,2.72,2.6,14022,8280000.0,4.55,0.76,0.02,0.99
1998-04-29,600821,2.66,2.63,2.7,2.61,16041,9365000.0,3.38,-1.13,-0.03,1.13
1998-04-30,600821,2.63,2.64,2.66,2.61,14163,8246000.0,1.9,0.38,0.01,1.0
1998-05-04,600821,2.66,2.58,2.66,2.56,21577,12407000.0,3.79,-2.27,-0.06,1.52
1998-05-05,600821,2.59,2.6,2.65,2.56,13920,8026000.0,3.49,0.78,0.02,0.98
1998-05-06,600821,2.6,2.58,2.6,2.56,16833,9632000.0,1.54,-0.77,-0.02,1.19
1998-05-07,600821,2.58,2.52,2.59,2.51,21723,12336000.0,3.1,-2.33,-0.06,1.53
1998-05-08,600821,2.48,2.63,2.64,2.45,23747,13454000.0,7.54,4.37,0.11,1.67
1998-05-11,600821,2.63,2.55,2.64,2.52,16336,9317000.0,4.56,-3.04,-0.08,1.15
1998-05-12,600821,2.55,2.53,2.56,2.51,14401,8113000.0,1.96,-0.78,-0.02,1.02
1998-05-13,600821,2.51,2.55,2.61,2.51,13450,7624000.0,3.95,0.79,0.02,0.95
1998-05-14,600821,2.55,2.54,2.55,2.51,15282,8598000.0,1.57,-0.39,-0.01,1.08
1998-05-15,600821,2.54,2.57,2.6,2.53,14530,8301000.0,2.76,1.18,0.03,1.02
1998-05-18,600821,2.57,2.54,2.59,2.51,10376,5895000.0,3.11,-1.17,-0.03,0.73
1998-05-19,600821,2.56,2.51,2.56,2.48,10180,5713000.0,3.15,-1.18,-0.03,0.72
1998-05-20,600821,2.51,2.52,2.57,2.46,10472,5853000.0,4.38,0.4,0.01,0.74
1998-05-21,600821,2.52,2.51,2.55,2.48,9391,5260000.0,2.78,-0.4,-0.01,0.66
1998-05-22,600821,2.51,2.54,2.58,2.51,16292,9224000.0,2.79,1.2,0.03,1.15
1998-05-25,600821,2.51,2.55,2.58,2.51,16302,9227000.0,2.76,0.39,0.01,1.15
1998-05-26,600821,2.57,2.86,2.86,2.51,43543,25764000.0,13.73,12.16,0.31,3.07
1998-05-27,600821,2.99,2.77,2.99,2.72,48172,29543000.0,9.44,-3.15,-0.09,3.4
1998-05-28,600821,2.77,2.72,2.79,2.66,30426,18251000.0,4.69,-1.81,-0.05,2.15
1998-05-29,600821,2.72,2.71,2.78,2.67,22746,13640000.0,4.04,-0.37,-0.01,1.6
1998-06-01,600821,2.71,2.7,2.73,2.64,20301,12032000.0,3.32,-0.37,-0.01,1.43
1998-06-02,600821,2.71,2.73,2.78,2.7,17917,10789000.0,2.96,1.11,0.03,1.26
1998-06-03,600821,2.73,2.69,2.75,2.67,12391,7384000.0,2.93,-1.47,-0.04,0.87
1998-06-04,600821,2.71,2.73,2.78,2.69,20250,12148000.0,3.35,1.49,0.04,1.43
1998-06-05,600821,2.73,2.66,2.75,2.63,12808,7590000.0,4.4,-2.56,-0.07,0.9
1998-06-08,600821,2.66,2.6,2.67,2.58,11031,6425000.0,3.38,-2.26,-0.06,0.78
1998-06-09,600821,2.59,2.51,2.59,2.47,14279,8040000.0,4.62,-3.46,-0.09,1.01
1998-06-10,600821,2.51,2.52,2.56,2.51,8716,4904000.0,1.99,0.4,0.01,0.61
1998-06-11,600821,2.52,2.48,2.54,2.48,6257,3486000.0,2.38,-1.59,-0.04,0.44
1998-06-12,600821,2.54,2.54,2.56,2.51,7296,4123000.0,2.02,2.42,0.06,0.51
1998-06-15,600821,2.56,2.48,2.58,2.48,6698,3756000.0,3.94,-2.36,-0.06,0.47
1998-06-16,600821,2.48,2.45,2.48,2.37,9209,5045000.0,4.44,-1.21,-0.03,0.65
1998-06-17,600821,2.45,2.42,2.48,2.41,8696,4746000.0,2.86,-1.22,-0.03,0.61
1998-06-18,600821,2.44,2.46,2.48,2.43,6334,3494000.0,2.07,1.65,0.04,0.45
1998-06-19,600821,2.48,2.51,2.51,2.44,8728,4827000.0,2.85,2.03,0.05,0.62
1998-06-22,600821,2.51,2.53,2.58,2.51,7532,4262000.0,2.79,0.8,0.02,0.53
1998-06-23,600821,2.52,2.46,2.53,2.46,6790,3760000.0,2.77,-2.77,-0.07,0.48
1998-06-24,600821,2.46,2.47,2.51,2.46,7589,4199000.0,2.03,0.41,0.01,0.54
1998-06-25,600821,2.47,2.43,2.49,2.41,7596,4160000.0,3.24,-1.62,-0.04,0.54
1998-06-26,600821,2.44,2.44,2.47,2.43,4641,2542000.0,1.65,0.41,0.01,0.33
1998-06-29,600821,2.44,2.39,2.45,2.38,7120,3845000.0,2.87,-2.05,-0.05,0.5
1998-06-30,600821,2.38,2.31,2.43,2.3,8383,4446000.0,5.44,-3.35,-0.08,0.59
1998-07-01,600821,2.37,2.31,2.42,2.31,5324,2817000.0,4.76,0.0,0.0,0.38
1998-07-02,600821,2.32,2.32,2.34,2.28,6282,3278000.0,2.6,0.43,0.01,0.44
1998-07-03,600821,2.33,2.36,2.37,2.31,4642,2457000.0,2.59,1.72,0.04,0.33
1998-07-06,600821,2.36,2.31,2.36,2.31,3722,1958000.0,2.12,-2.12,-0.05,0.26
1998-07-07,600821,2.29,2.31,2.33,2.29,3667,1914000.0,1.73,0.0,0.0,0.26
1998-07-08,600821,2.34,2.34,2.36,2.32,3928,2079000.0,1.73,1.3,0.03,0.28
1998-07-09,600821,2.37,2.36,2.37,2.34,3865,2060000.0,1.28,0.85,0.02,0.27
1998-07-10,600821,2.36,2.47,2.47,2.36,8124,4418000.0,4.66,4.66,0.11,0.57
1998-07-13,600821,2.47,2.43,2.47,2.39,5725,3120000.0,3.24,-1.62,-0.04,0.4
1998-07-14,600821,2.45,2.39,2.45,2.39,5593,3031000.0,2.47,-1.65,-0.04,0.39
1998-07-15,600821,2.37,2.36,2.4,2.35,3593,1923000.0,2.09,-1.26,-0.03,0.25
1998-07-16,600821,2.37,2.4,2.41,2.36,6398,3436000.0,2.12,1.69,0.04,0.45
1998-07-17,600821,2.39,2.46,2.52,2.38,11081,6099000.0,5.83,2.5,0.06,0.78
1998-07-20,600821,2.48,2.53,2.54,2.44,13998,7817000.0,4.07,2.85,0.07,0.99
1998-07-21,600821,2.53,2.6,2.64,2.52,29724,17184000.0,4.74,2.77,0.07,2.1
1998-07-22,600821,2.59,2.61,2.64,2.53,16038,9180000.0,4.23,0.38,0.01,1.13
1998-07-23,600821,2.6,2.59,2.63,2.57,9548,5500000.0,2.3,-0.77,-0.02,0.67
1998-07-24,600821,2.59,2.57,2.67,2.56,19009,11034000.0,4.25,-0.77,-0.02,1.34
1998-07-27,600821,2.58,2.54,2.59,2.52,6434,3636000.0,2.72,-1.17,-0.03,0.45
1998-07-28,600821,2.54,2.56,2.57,2.51,4444,2511000.0,2.36,0.79,0.02,0.31
1998-07-29,600821,2.58,2.53,2.59,2.52,3789,2141000.0,2.73,-1.17,-0.03,0.27
1998-07-30,600821,2.51,2.5,2.52,2.47,4272,2381000.0,1.98,-1.19,-0.03,0.3
1998-07-31,600821,2.48,2.5,2.52,2.48,4659,2606000.0,1.6,0.0,0.0,0.33
1998-08-03,600821,2.51,2.59,2.63,2.48,9943,5699000.0,6.0,3.6,0.09,0.7
1998-08-04,600821,2.59,2.55,2.6,2.53,5488,3132000.0,2.7,-1.54,-0.04,0.39
1998-08-05,600821,2.53,2.61,2.61,2.53,8775,5059000.0,3.14,2.35,0.06,0.62
1998-08-06,600821,2.61,2.57,2.61,2.56,5964,3430000.0,1.92,-1.53,-0.04,0.42
1998-08-07,600821,2.56,2.45,2.56,2.44,11358,6286000.0,4.67,-4.67,-0.12,0.8
1998-08-10,600821,2.43,2.39,2.43,2.34,6030,3219000.0,3.67,-2.45,-0.06,0.43
1998-08-11,600821,2.35,2.33,2.44,2.33,4787,2554000.0,4.6,-2.51,-0.06,0.34
1998-08-12,600821,2.34,2.31,2.39,2.2,7447,3876000.0,8.15,-0.86,-0.02,0.53
1998-08-13,600821,2.31,2.35,2.37,2.29,5902,3112000.0,3.46,1.73,0.04,0.42
1998-08-14,600821,2.34,2.28,2.34,2.24,6793,3544000.0,4.26,-2.98,-0.07,0.48
1998-08-17,600821,2.24,2.04,2.24,2.02,15009,7388000.0,9.65,-10.53,-0.24,1.06
1998-08-18,600821,2.23,2.29,2.29,2.18,27245,14103000.0,5.39,12.25,0.25,1.92
1998-08-19,600821,2.34,2.44,2.44,2.32,28578,15465000.0,5.24,6.55,0.15,2.02
1998-08-20,600821,2.43,2.46,2.46,2.35,17635,9611000.0,4.51,0.82,0.02,1.24
1998-08-21,600821,2.44,2.46,2.48,2.33,17539,9525000.0,6.1,0.0,0.0,1.24
1998-08-24,600821,2.44,2.55,2.59,2.4,31439,17734000.0,7.72,3.66,0.09,2.22
1998-08-25,600821,2.51,2.54,2.55,2.48,15370,8646000.0,2.75,-0.39,-0.01,1.08
1998-08-26,600821,2.53,2.51,2.64,2.5,25731,14749000.0,5.51,-1.18,-0.03,1.81
1998-08-27,600821,2.48,2.49,2.55,2.44,11036,6122000.0,4.38,-0.8,-0.02,0.78
1998-08-28,600821,2.46,2.44,2.51,2.44,9616,5317000.0,2.81,-2.01,-0.05,0.68
1998-08-31,600821,2.39,2.52,2.53,2.28,12159,6522000.0,10.25,3.28,0.08,0.86
1998-09-01,600821,2.51,2.46,2.54,2.4,12246,6838000.0,5.56,-2.38,-0.06,0.86
1998-09-02,600821,2.45,2.43,2.48,2.4,5461,2984000.0,3.25,-1.22,-0.03,0.39
1998-09-03,600821,2.42,2.42,2.47,2.41,5007,2737000.0,2.47,-0.41,-0.01,0.35
1998-09-04,600821,2.44,2.49,2.51,2.44,8050,4475000.0,2.89,2.89,0.07,0.57
1998-09-07,600821,2.52,2.51,2.53,2.46,8494,4741000.0,2.81,0.8,0.02,0.6
1998-09-08,600821,2.52,2.5,2.6,2.5,16271,9241000.0,3.98,-0.4,-0.01,1.15
1998-09-09,600821,2.52,2.53,2.53,2.46,8692,4869000.0,2.8,1.2,0.03,0.61
1998-09-10,600821,2.55,2.64,2.7,2.52,55834,32563000.0,7.11,4.35,0.11,3.94
1998-09-11,600821,2.64,2.6,2.67,2.6,24725,14401000.0,2.65,-1.52,-0.04,1.74
1998-09-14,600821,2.6,2.68,2.7,2.6,31926,18848000.0,3.85,3.08,0.08,2.25
1998-09-15,600821,2.68,2.56,2.7,2.55,23279,13554000.0,5.6,-4.48,-0.12,1.64
1998-09-16,600821,2.56,2.59,2.61,2.52,18243,10399000.0,3.52,1.17,0.03,1.29
1998-09-17,600821,2.61,2.5,2.64,2.48,22860,13011000.0,6.18,-3.47,-0.09,1.61
1998-09-18,600821,2.48,2.47,2.53,2.45,14220,7940000.0,3.2,-1.2,-0.03,1.0
1998-09-21,600821,2.45,2.5,2.51,2.43,7246,4007000.0,3.24,1.21,0.03,0.51
1998-09-22,600821,2.5,2.52,2.55,2.47,7447,4154000.0,3.2,0.8,0.02,0.53
1998-09-23,600821,2.52,2.51,2.55,2.48,5922,3329000.0,2.78,-0.4,-0.01,0.42
1998-09-24,600821,2.51,2.44,2.51,2.43,10464,5759000.0,3.19,-2.79,-0.07,0.74
1998-09-25,600821,2.43,2.48,2.48,2.43,7472,4095000.0,2.05,1.64,0.04,0.53
1998-09-28,600821,2.45,2.5,2.53,2.44,7561,4193000.0,3.63,0.81,0.02,0.53
1998-09-29,600821,2.51,2.47,2.51,2.46,4889,2718000.0,2.0,-1.2,-0.03,0.34
1998-09-30,600821,2.47,2.48,2.5,2.45,5981,3316000.0,2.02,0.4,0.01,0.42
1998-10-05,600821,2.48,2.49,2.55,2.46,4558,2541000.0,3.63,0.4,0.01,0.32
1998-10-06,600821,2.49,2.45,2.52,2.44,5421,2996000.0,3.21,-1.61,-0.04,0.38
1998-10-07,600821,2.45,2.51,2.51,2.44,8856,4906000.0,2.86,2.45,0.06,0.62
1998-10-08,600821,2.51,2.57,2.59,2.51,21492,12284000.0,3.19,2.39,0.06,1.52
1998-10-09,600821,2.58,2.57,2.64,2.51,21293,12215000.0,5.06,0.0,0.0,1.5
1998-10-12,600821,2.59,2.58,2.59,2.52,13297,7578000.0,2.72,0.39,0.01,0.94
1998-10-13,600821,2.59,2.51,2.63,2.51,14643,8386000.0,4.65,-2.71,-0.07,1.03
1998-10-14,600821,2.52,2.49,2.53,2.46,8299,4605000.0,2.79,-0.8,-0.02,0.59
1998-10-15,600821,2.51,2.48,2.51,2.46,7431,4123000.0,2.01,-0.4,-0.01,0.52
1998-10-16,600821,2.51,2.5,2.52,2.46,7849,4358000.0,2.42,0.81,0.02,0.55
1998-10-19,600821,2.5,2.46,2.51,2.44,11441,6305000.0,2.8,-1.6,-0.04,0.81
1998-10-20,600821,2.46,2.46,2.48,2.44,7087,3897000.0,1.63,0.0,0.0,0.5
1998-10-21,600821,2.46,2.38,2.46,2.38,11774,6366000.0,3.25,-3.25,-0.08,0.83
1998-10-22,600821,2.37,2.39,2.39,2.32,10463,5561000.0,2.94,0.42,0.01,0.74
1998-10-23,600821,2.4,2.37,2.4,2.37,5774,3101000.0,1.26,-0.84,-0.02,0.41
1998-10-26,600821,2.34,2.31,2.34,2.28,7655,3996000.0,2.53,-2.53,-0.06,0.54
1998-10-27,600821,2.3,2.37,2.39,2.28,5253,2765000.0,4.76,2.6,0.06,0.37
1998-10-28,600821,2.36,2.33,2.37,2.31,4805,2537000.0,2.53,-1.69,-0.04,0.34
1998-10-29,600821,2.34,2.35,2.4,2.33,4374,2331000.0,3.0,0.86,0.02,0.31
1998-10-30,600821,2.34,2.34,2.37,2.33,5744,3044000.0,1.7,-0.43,-0.01,0.41
1998-11-02,600821,2.34,2.34,2.34,2.3,5232,2757000.0,1.71,0.0,0.0,0.37
1998-11-03,600821,2.34,2.35,2.37,2.32,4289,2271000.0,2.14,0.43,0.01,0.3
1998-11-04,600821,2.34,2.33,2.35,2.32,4850,2558000.0,1.28,-0.85,-0.02,0.34
1998-11-05,600821,2.34,2.37,2.38,2.32,7290,3850000.0,2.58,1.72,0.04,0.51
1998-11-06,600821,2.37,2.37,2.39,2.35,6290,3365000.0,1.69,0.0,0.0,0.44
1998-11-09,600821,2.38,2.43,2.44,2.38,7258,3944000.0,2.53,2.53,0.06,0.51
1998-11-10,600821,2.43,2.41,2.44,2.39,6690,3631000.0,2.06,-0.82,-0.02,0.47
1998-11-11,600821,2.43,2.47,2.48,2.38,10113,5520000.0,4.15,2.49,0.06,0.71
1998-11-12,600821,2.5,2.55,2.59,2.5,39670,22537000.0,3.64,3.24,0.08,2.8
1998-11-13,600821,2.55,2.51,2.55,2.48,10088,5649000.0,2.75,-1.57,-0.04,0.71
1998-11-16,600821,2.5,2.47,2.5,2.45,9338,5158000.0,1.99,-1.59,-0.04,0.66
1998-11-17,600821,2.51,2.46,2.51,2.45,5230,2891000.0,2.43,-0.4,-0.01,0.37
1998-11-18,600821,2.46,2.42,2.48,2.41,6544,3587000.0,2.85,-1.63,-0.04,0.46
1998-11-19,600821,2.42,2.4,2.44,2.39,4319,2343000.0,2.07,-0.83,-0.02,0.3
1998-11-20,600821,2.4,2.39,2.43,2.39,5523,2984000.0,1.67,-0.42,-0.01,0.39
1998-11-23,600821,2.4,2.39,2.43,2.38,3705,1997000.0,2.09,0.0,0.0,0.26
1998-11-24,600821,2.39,2.4,2.41,2.39,3126,1690000.0,0.84,0.42,0.01,0.22
1998-11-25,600821,2.4,2.38,2.41,2.36,3806,2046000.0,2.08,-0.83,-0.02,0.27
1998-11-26,600821,2.35,2.34,2.38,2.33,6035,3202000.0,2.1,-1.68,-0.04,0.43
1998-11-27,600821,2.34,2.34,2.37,2.33,4475,2374000.0,1.71,0.0,0.0,0.32
1998-11-30,600821,2.34,2.35,2.36,2.32,4012,2125000.0,1.71,0.43,0.01,0.28
1998-12-01,600821,2.35,2.37,2.37,2.34,3434,1825000.0,1.28,0.85,0.02,0.24
1998-12-02,600821,2.37,2.43,2.44,2.36,7873,4270000.0,3.38,2.53,0.06,0.56
1998-12-03,600821,2.44,2.4,2.47,2.4,5042,2738000.0,2.88,-1.23,-0.03,0.36
1998-12-04,600821,2.4,2.34,2.4,2.33,5275,2797000.0,2.92,-2.5,-0.06,0.37
1998-12-07,600821,2.39,2.34,2.4,2.33,2814,1497000.0,2.99,0.0,0.0,0.2
1998-12-08,600821,2.33,2.37,2.37,2.33,1844,981000.0,1.71,1.28,0.03,0.13
1998-12-09,600821,2.37,2.37,2.37,2.35,1363,725000.0,0.84,0.0,0.0,0.1
1998-12-10,600821,2.37,2.33,2.37,2.32,3157,1670000.0,2.11,-1.69,-0.04,0.22
1998-12-11,600821,2.32,2.33,2.33,2.29,2346,1228000.0,1.72,0.0,0.0,0.17
1998-12-14,600821,2.33,2.31,2.33,2.3,2073,1086000.0,1.29,-0.86,-0.02,0.15
1998-12-15,600821,2.29,2.3,2.3,2.27,3577,1854000.0,1.3,-0.43,-0.01,0.25
1998-12-16,600821,2.3,2.27,2.31,2.26,2885,1493000.0,2.17,-1.3,-0.03,0.2
1998-12-17,600821,2.27,2.21,2.27,2.21,3867,1971000.0,2.64,-2.64,-0.06,0.27
1998-12-18,600821,2.2,2.21,2.24,2.19,2443,1234000.0,2.26,0.0,0.0,0.17
1998-12-21,600821,2.19,2.2,2.23,2.19,2657,1338000.0,1.81,-0.45,-0.01,0.19
1998-12-22,600821,2.2,2.27,2.28,2.2,3003,1541000.0,3.64,3.18,0.07,0.21
1998-12-23,600821,2.27,2.29,2.33,2.25,4168,2169000.0,3.52,0.88,0.02,0.29
1998-12-24,600821,2.27,2.26,2.31,2.25,2096,1082000.0,2.62,-1.31,-0.03,0.15
1998-12-25,600821,2.26,2.26,2.28,2.25,1578,811000.0,1.33,0.0,0.0,0.11
1998-12-28,600821,2.26,2.21,2.26,2.21,2699,1370000.0,2.21,-2.21,-0.05,0.19
1998-12-29,600821,2.2,2.19,2.23,2.19,3212,1617000.0,1.81,-0.9,-0.02,0.23
1998-12-30,600821,2.2,2.19,2.21,2.13,4837,2409000.0,3.65,0.0,0.0,0.34
1998-12-31,600821,2.2,2.19,2.25,2.18,1804,908000.0,3.2,0.0,0.0,0.13
1999-01-04,600821,2.18,2.14,2.18,2.13,2058,1018000.0,2.28,-2.28,-0.05,0.15
1999-01-05,600821,2.14,2.12,2.14,2.07,2229,1081000.0,3.27,-0.93,-0.02,0.16
1999-01-06,600821,2.13,2.13,2.15,2.08,2123,1036000.0,3.3,0.47,0.01,0.15
1999-01-07,600821,2.23,2.15,2.23,2.13,1679,832000.0,4.69,0.94,0.02,0.12
1999-01-08,600821,2.16,2.2,2.21,2.15,3191,1597000.0,2.79,2.33,0.05,0.23
1999-01-11,600821,2.19,2.24,2.26,2.17,3850,1944000.0,4.09,1.82,0.04,0.27
1999-01-12,600821,2.25,2.2,2.25,2.2,2147,1089000.0,2.23,-1.79,-0.04,0.15
1999-01-13,600821,2.18,2.18,2.2,2.17,2226,1111000.0,1.36,-0.91,-0.02,0.16
1999-01-14,600821,2.17,2.19,2.24,2.17,2359,1182000.0,3.21,0.46,0.01,0.17
1999-01-15,600821,2.23,2.18,2.23,2.18,2577,1290000.0,2.28,-0.46,-0.01,0.18
1999-01-18,600821,2.15,2.2,2.21,2.15,3999,1994000.0,2.75,0.92,0.02,0.28
1999-01-19,600821,2.21,2.22,2.26,2.2,4030,2058000.0,2.73,0.91,0.02,0.28
1999-01-20,600821,2.23,2.23,2.26,2.2,2593,1321000.0,2.7,0.45,0.01,0.18
1999-01-21,600821,2.23,2.29,2.29,2.21,3799,1949000.0,3.59,2.69,0.06,0.27
1999-01-22,600821,2.28,2.27,2.32,2.26,3787,1962000.0,2.62,-0.87,-0.02,0.27
1999-01-25,600821,2.21,2.22,2.27,2.21,3372,1721000.0,2.64,-2.2,-0.05,0.24
1999-01-26,600821,2.22,2.2,2.23,2.19,2627,1324000.0,1.8,-0.9,-0.02,0.19
1999-01-27,600821,2.2,2.23,2.25,2.19,2698,1368000.0,2.73,1.36,0.03,0.19
1999-01-28,600821,2.24,2.2,2.24,2.2,2492,1259000.0,1.79,-1.35,-0.03,0.18
1999-01-29,600821,2.2,2.2,2.23,2.18,2777,1394000.0,2.27,0.0,0.0,0.2
1999-02-01,600821,2.19,2.21,2.23,2.16,4277,2146000.0,3.18,0.45,0.01,0.3
1999-02-02,600821,2.21,2.21,2.24,2.2,2219,1123000.0,1.81,0.0,0.0,0.16
1999-02-03,600821,2.23,2.27,2.32,2.21,8340,4303000.0,4.98,2.71,0.06,0.59
1999-02-04,600821,2.27,2.31,2.35,2.25,16838,8837000.0,4.41,1.76,0.04,1.19
1999-02-05,600821,2.31,2.18,2.31,2.17,6803,3453000.0,6.06,-5.63,-0.13,0.48
1999-02-08,600821,2.17,2.17,2.24,2.14,5060,2541000.0,4.59,-0.46,-0.01,0.36
1999-02-09,600821,2.18,2.26,2.26,2.17,5458,2790000.0,4.15,4.15,0.09,0.38
1999-03-01,600821,2.26,2.26,2.28,2.19,3236,1654000.0,3.98,0.0,0.0,0.23
1999-03-02,600821,2.26,2.26,2.26,2.22,2524,1287000.0,1.77,0.0,0.0,0.18
1999-03-03,600821,2.26,2.31,2.33,2.24,6814,3559000.0,3.98,2.21,0.05,0.48
1999-03-04,600821,2.31,2.28,2.32,2.24,4963,2567000.0,3.46,-1.3,-0.03,0.35
1999-03-05,600821,2.28,2.35,2.37,2.26,11734,6202000.0,4.82,3.07,0.07,0.83
1999-03-08,600821,2.37,2.43,2.5,2.37,30378,16674000.0,5.53,3.4,0.08,2.14
1999-03-09,600821,2.43,2.4,2.45,2.39,8862,4803000.0,2.47,-1.23,-0.03,0.63
1999-03-10,600821,2.4,2.35,2.4,2.34,7615,4053000.0,2.5,-2.08,-0.05,0.54
1999-03-11,600821,2.34,2.39,2.45,2.34,6663,3604000.0,4.68,1.7,0.04,0.47
1999-03-12,600821,2.4,2.42,2.42,2.36,8083,4356000.0,2.51,1.26,0.03,0.57
1999-03-15,600821,2.44,2.4,2.45,2.39,8476,4604000.0,2.48,-0.83,-0.02,0.6
1999-03-16,600821,2.41,2.4,2.41,2.37,5503,2951000.0,1.67,0.0,0.0,0.39
1999-03-17,600821,2.4,2.35,2.41,2.35,6008,3221000.0,2.5,-2.08,-0.05,0.42
1999-03-18,600821,2.36,2.33,2.36,2.32,4829,2552000.0,1.7,-0.85,-0.02,0.34
1999-03-19,600821,2.3,2.38,2.39,2.3,4174,2206000.0,3.86,2.15,0.05,0.29
1999-03-22,600821,2.39,2.35,2.43,2.34,4585,2454000.0,3.78,-1.26,-0.03,0.32
1999-03-23,600821,2.33,2.34,2.34,2.32,4264,2247000.0,0.85,-0.43,-0.01,0.3
1999-03-24,600821,2.34,2.34,2.37,2.32,3253,1726000.0,2.14,0.0,0.0,0.23
1999-03-25,600821,2.33,2.31,2.34,2.3,3614,1893000.0,1.71,-1.28,-0.03,0.25
1999-03-26,600821,2.3,2.3,2.33,2.29,3777,1973000.0,1.73,-0.43,-0.01,0.27
1999-03-29,600821,2.3,2.31,2.32,2.28,2883,1503000.0,1.74,0.43,0.01,0.2
1999-03-30,600821,2.33,2.31,2.34,2.31,2538,1335000.0,1.3,0.0,0.0,0.18
1999-03-31,600821,2.3,2.3,2.31,2.28,2713,1412000.0,1.3,-0.43,-0.01,0.19
1999-04-01,600821,2.3,2.34,2.34,2.3,4060,2130000.0,1.74,1.74,0.04,0.29
1999-04-02,600821,2.34,2.35,2.38,2.33,5092,2706000.0,2.14,0.43,0.01,0.36
1999-04-05,600821,2.35,2.37,2.39,2.34,5172,2762000.0,2.13,0.85,0.02,0.36
1999-04-06,600821,2.36,2.41,2.43,2.35,9628,5206000.0,3.38,1.69,0.04,0.68
1999-04-07,600821,2.48,2.42,2.48,2.38,11329,6149000.0,4.15,0.41,0.01,0.8
1999-04-08,600821,2.43,2.4,2.46,2.39,14086,7676000.0,2.89,-0.83,-0.02,0.99
1999-04-09,600821,2.4,2.38,2.43,2.37,8351,4483000.0,2.5,-0.83,-0.02,0.59
1999-04-12,600821,2.38,2.41,2.43,2.33,11675,6240000.0,4.2,1.26,0.03,0.82
1999-04-13,600821,2.4,2.35,2.4,2.35,6779,3628000.0,2.07,-2.49,-0.06,0.48
1999-04-14,600821,2.35,2.33,2.36,2.32,5327,2818000.0,1.7,-0.85,-0.02,0.38
1999-04-15,600821,2.34,2.29,2.34,2.29,5955,3116000.0,2.15,-1.72,-0.04,0.42
1999-04-16,600821,2.28,2.28,2.32,2.27,6864,3565000.0,2.18,-0.44,-0.01,0.48
1999-04-19,600821,2.28,2.28,2.3,2.26,5059,2619000.0,1.75,0.0,0.0,0.36
1999-04-20,600821,2.27,2.31,2.33,2.27,4354,2277000.0,2.63,1.32,0.03,0.31
1999-04-21,600821,2.31,2.28,2.35,2.28,5500,2888000.0,3.03,-1.3,-0.03,0.39
1999-04-22,600821,2.25,2.24,2.26,2.18,7843,3979000.0,3.51,-1.75,-0.04,0.55
1999-04-23,600821,2.25,2.27,2.33,2.24,6002,3120000.0,4.02,1.34,0.03,0.42
1999-04-26,600821,2.27,2.25,2.3,2.25,5304,2739453.0,2.2,-0.88,-0.02,0.37
1999-04-27,600821,2.24,2.2,2.27,2.19,6287,3190000.0,3.56,-2.22,-0.05,0.44
1999-04-28,600821,2.21,2.18,2.24,2.17,4938,2485000.0,3.18,-0.91,-0.02,0.35
1999-04-29,600821,2.19,2.23,2.24,2.18,3345,1686000.0,2.75,2.29,0.05,0.24
1999-04-30,600821,2.24,2.21,2.24,2.2,2693,1361000.0,1.79,-0.9,-0.02,0.19
1999-05-04,600821,2.23,2.25,2.3,2.23,3711,1910000.0,3.17,1.81,0.04,0.26
1999-05-05,600821,2.25,2.22,2.25,2.2,1952,989000.0,2.22,-1.33,-0.03,0.14
1999-05-06,600821,2.24,2.25,2.28,2.21,3461,1763000.0,3.15,1.35,0.03,0.24
1999-05-07,600821,2.25,2.21,2.27,2.2,2228,1132000.0,3.11,-1.78,-0.04,0.16
1999-05-10,600821,2.18,2.11,2.19,2.1,6512,3208000.0,4.07,-4.52,-0.1,0.46
1999-05-11,600821,2.1,2.15,2.18,2.1,3279,1611000.0,3.79,1.9,0.04,0.23
1999-05-12,600821,2.15,2.15,2.18,2.12,3444,1700000.0,2.79,0.0,0.0,0.24
1999-05-13,600821,2.15,2.12,2.15,2.11,2350,1151000.0,1.86,-1.4,-0.03,0.17
1999-05-14,600821,2.13,2.05,2.13,2.04,4420,2118000.0,4.25,-3.3,-0.07,0.31
1999-05-17,600821,2.03,2.02,2.07,1.99,3048,1432000.0,3.9,-1.46,-0.03,0.21
1999-05-18,600821,2.04,1.99,2.05,1.98,2316,1089000.0,3.47,-1.49,-0.03,0.16
1999-05-19,600821,1.99,2.11,2.12,1.98,3696,1760000.0,7.04,6.03,0.12,0.26
1999-05-20,600821,2.11,2.16,2.17,2.07,6549,3204000.0,4.74,2.37,0.05,0.46
1999-05-21,600821,2.16,2.13,2.2,2.12,7185,3539000.0,3.7,-1.39,-0.03,0.51
1999-05-24,600821,2.13,2.22,2.22,2.07,13047,6423000.0,7.04,4.23,0.09,0.92
1999-05-25,600821,2.24,2.17,2.27,2.14,15680,8004000.0,5.86,-2.25,-0.05,1.11
1999-05-26,600821,2.15,2.2,2.23,2.13,8822,4397000.0,4.61,1.38,0.03,0.62
1999-05-27,600821,2.23,2.28,2.29,2.19,21343,10932000.0,4.55,3.64,0.08,1.51
1999-05-28,600821,2.32,2.28,2.4,2.27,27229,14346000.0,5.7,0.0,0.0,1.92
1999-05-31,600821,2.29,2.23,2.32,2.19,15280,7827000.0,5.7,-2.19,-0.05,1.08
1999-06-01,600821,2.23,2.27,2.27,2.21,13191,6727000.0,2.69,1.79,0.04,0.93
1999-06-03,600821,2.21,2.16,2.23,2.13,9552,4761000.0,4.41,-4.85,-0.11,0.67
1999-06-04,600821,2.19,2.2,2.24,2.16,10418,5213000.0,3.7,1.85,0.04,0.73
1999-06-07,600821,2.15,2.37,2.39,2.15,36411,19145000.0,10.91,7.73,0.17,2.57
1999-06-08,600821,2.43,2.46,2.5,2.39,99587,54630000.0,4.64,3.8,0.09,7.02
1999-06-09,600821,2.47,2.43,2.48,2.39,28036,15233000.0,3.66,-1.22,-0.03,1.98
1999-06-10,600821,2.45,2.46,2.55,2.43,49518,27407000.0,4.94,1.23,0.03,3.49
1999-06-11,600821,2.46,2.44,2.48,2.43,23284,12763000.0,2.03,-0.81,-0.02,1.64
1999-06-14,600821,2.46,2.55,2.58,2.45,47590,26819000.0,5.33,4.51,0.11,3.36
1999-06-15,600821,2.61,2.4,2.66,2.37,57323,32763000.0,11.37,-5.88,-0.15,4.04
1999-06-16,600821,2.4,2.5,2.51,2.39,28122,15445000.0,5.0,4.17,0.1,1.98
1999-06-17,600821,2.56,2.59,2.61,2.5,53309,30394000.0,4.4,3.6,0.09,3.76
1999-06-18,600821,2.61,2.74,2.83,2.56,99694,59507000.0,10.42,5.79,0.15,7.03
1999-06-21,600821,2.78,2.88,2.94,2.78,76262,47670000.0,5.84,5.11,0.14,5.38
1999-06-22,600821,2.88,2.86,2.9,2.75,57899,35749000.0,5.21,-0.69,-0.02,4.08
1999-06-23,600821,2.87,3.2,3.2,2.86,124271,81602000.0,11.89,11.89,0.34,8.76
1999-06-24,600821,3.2,3.47,3.57,3.2,214107,157276000.0,11.56,8.44,0.27,15.1
1999-06-25,600821,3.48,3.08,3.52,3.07,132478,94217000.0,12.97,-11.24,-0.39,9.34
1999-06-28,600821,3.05,3.45,3.45,3.05,127063,89383000.0,12.99,12.01,0.37,8.96
1999-06-29,600821,3.53,3.76,3.78,3.45,181788,139830000.0,9.57,8.99,0.31,12.82
1999-06-30,600821,3.72,3.48,3.91,3.43,80977,61916000.0,12.77,-7.45,-0.28,5.71
1999-07-01,600821,3.48,3.24,3.48,3.08,108748,74630000.0,11.49,-6.9,-0.24,7.67
1999-07-02,600821,3.24,3.31,3.4,3.1,59562,41786000.0,9.26,2.16,0.07,4.2
1999-07-05,600821,3.32,3.24,3.34,3.11,44925,30995000.0,6.95,-2.11,-0.07,3.17
1999-07-06,600821,3.2,3.0,3.25,2.99,27058,18132000.0,8.02,-7.41,-0.24,1.91
1999-07-07,600821,3.0,3.2,3.24,2.99,49599,33683000.0,8.33,6.67,0.2,3.5
1999-07-08,600821,3.21,3.33,3.37,3.21,40605,28801734.0,5.0,4.06,0.13,2.86
1999-07-09,600821,3.32,3.26,3.32,3.21,29599,20727000.0,3.3,-2.1,-0.07,2.09
1999-07-12,600821,3.27,3.43,3.61,3.15,66939,49257937.0,14.11,5.21,0.17,4.72
1999-07-13,600821,3.37,3.43,3.51,3.3,40314,29150000.0,6.12,0.0,0.0,2.84
1999-07-14,600821,3.43,3.53,3.56,3.39,73507,54592000.0,4.96,2.92,0.1,5.18
1999-07-15,600821,3.59,3.58,3.63,3.51,95239,72344000.0,3.4,1.42,0.05,6.72
1999-07-16,600821,3.58,3.34,3.58,3.32,43196,31463000.0,7.26,-6.7,-0.24,3.05
1999-07-19,600821,3.26,3.26,3.39,3.1,33784,23647000.0,8.68,-2.4,-0.08,2.38
1999-07-20,600821,3.26,3.43,3.47,3.19,39080,28015000.0,8.59,5.21,0.17,2.76
1999-07-21,600821,3.41,3.53,3.68,3.37,132694,101083000.0,9.04,2.92,0.1,9.36
1999-07-22,600821,3.56,3.54,3.74,3.48,111311,85273000.0,7.37,0.28,0.01,7.85
1999-07-23,600821,3.61,3.72,3.8,3.6,96092,75494000.0,5.65,5.08,0.18,6.78
1999-07-26,600821,3.75,3.99,4.13,3.73,155055,129091000.0,10.75,7.26,0.27,10.94
1999-07-27,600821,3.99,3.95,4.05,3.83,63435,52208000.0,5.51,-1.0,-0.04,4.47
1999-07-28,600821,3.94,4.03,4.1,3.88,60819,50698000.0,5.57,2.03,0.08,4.29
1999-07-29,600821,4.07,4.1,4.17,4.02,75910,64842000.0,3.72,1.74,0.07,5.35
1999-07-30,600821,4.1,3.8,4.1,3.75,72366,59395771.0,8.54,-7.32,-0.3,5.1
1999-08-02,600821,3.75,3.86,3.91,3.65,61671,49489000.0,6.84,1.58,0.06,4.35
1999-08-03,600821,3.95,4.05,4.07,3.86,76704,63888000.0,5.44,4.92,0.19,5.41
1999-08-04,600821,4.06,3.97,4.1,3.94,41264,34491000.0,3.95,-1.98,-0.08,2.91
1999-08-05,600821,4.01,4.01,4.11,3.86,61577,51563000.0,6.3,1.01,0.04,4.34
1999-08-06,600821,4.02,3.99,4.07,3.86,59348,49531000.0,5.24,-0.5,-0.02,4.19
1999-08-09,600821,4.02,4.23,4.44,3.99,122559,108408000.0,11.28,6.02,0.24,8.64
1999-08-10,600821,4.24,4.05,4.32,4.01,47146,40907000.0,7.33,-4.26,-0.18,3.33
1999-08-11,600821,3.99,3.91,4.12,3.87,32959,27445000.0,6.17,-3.46,-0.14,2.32
1999-08-12,600821,3.93,3.88,4.02,3.85,27312,22378000.0,4.35,-0.77,-0.03,1.93
1999-08-13,600821,3.89,3.88,4.01,3.87,27378,22509000.0,3.61,0.0,0.0,1.93
1999-08-16,600821,3.87,3.7,3.92,3.7,31593,25116000.0,5.67,-4.64,-0.18,2.23
1999-08-17,600821,3.7,3.72,3.89,3.69,24621,19682000.0,5.41,0.54,0.02,1.74
1999-08-18,600821,3.72,3.52,3.85,3.41,52497,39665000.0,11.83,-5.38,-0.2,3.7
1999-08-19,600821,3.53,3.87,3.89,3.44,57186,44967000.0,12.78,9.94,0.35,4.03
1999-08-20,600821,3.95,3.91,4.1,3.89,57892,48421000.0,5.43,1.03,0.04,4.08
1999-08-23,600821,3.93,3.99,4.06,3.91,25344,21077000.0,3.84,2.05,0.08,1.79
1999-08-24,600821,4.01,3.93,4.06,3.9,23522,19447000.0,4.01,-1.5,-0.06,1.66
1999-08-25,600821,3.91,3.76,3.91,3.73,30796,24577000.0,4.58,-4.33,-0.17,2.17
1999-08-26,600821,3.74,3.78,3.85,3.7,17455,13882000.0,3.99,0.53,0.02,1.23
1999-08-27,600821,3.8,3.73,3.83,3.7,15520,12231000.0,3.44,-1.32,-0.05,1.09
1999-08-30,600821,3.7,3.64,3.76,3.59,20075,15517000.0,4.56,-2.41,-0.09,1.42
1999-08-31,600821,3.68,3.85,3.91,3.64,23646,18814000.0,7.42,5.77,0.21,1.67
1999-09-01,600821,3.87,3.7,3.91,3.7,18365,14686000.0,5.45,-3.9,-0.15,1.3
1999-09-02,600821,3.7,3.8,3.83,3.65,18523,14629000.0,4.86,2.7,0.1,1.31
1999-09-03,600821,3.83,3.78,3.85,3.74,13252,10594000.0,2.89,-0.53,-0.02,0.93
1999-09-06,600821,3.67,3.7,3.83,3.66,11618,9198000.0,4.5,-2.12,-0.08,0.82
1999-09-07,600821,3.67,3.74,3.79,3.67,4791,3770000.0,3.24,1.08,0.04,0.34
1999-09-08,600821,3.7,3.74,3.8,3.64,6769,5318000.0,4.28,0.0,0.0,0.48
1999-09-09,600821,3.74,3.97,3.99,3.74,33734,27695000.0,6.68,6.15,0.23,2.38
1999-09-10,600821,3.97,3.83,3.99,3.8,36950,30008000.0,4.79,-3.53,-0.14,2.61
1999-09-13,600821,3.88,3.79,3.88,3.73,19357,15368000.0,3.92,-1.04,-0.04,1.37
1999-09-14,600821,3.83,3.85,3.88,3.75,19013,15305000.0,3.43,1.58,0.06,1.34
1999-09-15,600821,3.86,3.98,4.11,3.86,68055,57172000.0,6.49,3.38,0.13,4.8
1999-09-16,600821,3.98,3.87,4.07,3.87,23294,19328000.0,5.03,-2.76,-0.11,1.64
1999-09-17,600821,3.88,3.88,3.95,3.84,10624,8650000.0,2.84,0.26,0.01,0.75
1999-09-20,600821,3.9,3.81,3.91,3.8,9114,7338000.0,2.84,-1.8,-0.07,0.64
1999-09-21,600821,3.81,3.75,3.81,3.7,10145,8021000.0,2.89,-1.57,-0.06,0.72
1999-09-22,600821,3.79,3.71,3.79,3.68,11303,8875000.0,2.93,-1.07,-0.04,0.8
1999-09-23,600821,3.71,3.7,3.79,3.66,8080,6312068.0,3.5,-0.27,-0.01,0.57
1999-09-24,600821,3.71,3.72,3.79,3.7,4303,3381000.0,2.43,0.54,0.02,0.3
1999-09-27,600821,3.75,3.64,3.76,3.59,8304,6429000.0,4.57,-2.15,-0.08,0.59
1999-09-28,600821,3.63,3.64,3.73,3.61,4973,3824000.0,3.3,0.0,0.0,0.35
1999-09-29,600821,3.64,3.65,3.71,3.59,8050,6202000.0,3.3,0.27,0.01,0.57
1999-09-30,600821,3.7,3.58,3.7,3.58,7693,5865000.0,3.29,-1.92,-0.07,0.54
1999-10-08,600821,3.59,3.43,3.63,3.37,5997,4417000.0,7.26,-4.19,-0.15,0.42
1999-10-11,600821,3.38,3.33,3.41,3.32,5836,4178000.0,2.62,-2.92,-0.1,0.41
1999-10-12,600821,3.29,3.37,3.4,3.29,2377,1708000.0,3.3,1.2,0.04,0.17
1999-10-13,600821,3.38,3.27,3.4,3.26,6248,4433000.0,4.15,-2.97,-0.1,0.44
1999-10-14,600821,3.27,3.29,3.37,3.26,6742,4757000.0,3.36,0.61,0.02,0.48
1999-10-15,600821,3.32,3.4,3.44,3.26,21349,15305000.0,5.47,3.34,0.11,1.51
1999-10-18,600821,3.38,3.26,3.41,3.25,6380,4509000.0,4.71,-4.12,-0.14,0.45
1999-10-19,600821,3.26,3.1,3.26,3.09,9916,6721000.0,5.21,-4.91,-0.16,0.7
1999-10-20,600821,3.1,3.1,3.18,3.07,6560,4411000.0,3.55,0.0,0.0,0.46
1999-10-21,600821,3.1,3.0,3.11,2.94,11483,7472000.0,5.48,-3.23,-0.1,0.81
1999-10-22,600821,3.0,3.15,3.25,3.0,12104,8227000.0,8.33,5.0,0.15,0.85
1999-10-25,600821,3.15,3.07,3.18,3.05,5224,3488000.0,4.13,-2.54,-0.08,0.37
1999-10-26,600821,3.09,3.09,3.18,3.07,6437,4337000.0,3.58,0.65,0.02,0.45
1999-10-27,600821,3.2,3.28,3.37,3.17,13795,9667000.0,6.47,6.15,0.19,0.97
1999-10-28,600821,3.26,3.21,3.32,3.17,8063,5585000.0,4.57,-2.13,-0.07,0.57
1999-10-29,600821,3.21,3.15,3.22,3.09,5568,3759000.0,4.05,-1.87,-0.06,0.39
1999-11-01,600821,3.15,3.1,3.15,3.06,4602,3070000.0,2.86,-1.59,-0.05,0.32
1999-11-02,600821,3.09,3.06,3.13,3.05,4526,3016000.0,2.58,-1.29,-0.04,0.32
1999-11-03,600821,3.1,3.01,3.1,2.99,5385,3522000.0,3.59,-1.63,-0.05,0.38
1999-11-04,600821,3.02,2.96,3.02,2.94,6842,4402000.0,2.66,-1.66,-0.05,0.48
1999-11-05,600821,2.97,2.98,3.05,2.93,5185,3355000.0,4.05,0.68,0.02,0.37
1999-11-08,600821,2.99,3.1,3.15,2.98,15422,10293000.0,5.7,4.03,0.12,1.09
1999-11-09,600821,3.1,3.21,3.23,3.07,22430,15357000.0,5.16,3.55,0.11,1.58
1999-11-10,600821,3.06,3.18,3.24,3.05,18319,12567000.0,5.92,-0.93,-0.03,1.29
1999-11-11,600821,3.14,3.15,3.2,3.09,11625,7908000.0,3.46,-0.94,-0.03,0.82
1999-11-12,600821,3.15,3.18,3.22,3.13,17010,11638000.0,2.86,0.95,0.03,1.2
1999-11-15,600821,3.19,3.31,3.32,3.18,26024,18162000.0,4.4,4.09,0.13,1.84
1999-11-16,600821,3.33,3.26,3.34,3.21,11758,8232000.0,3.93,-1.51,-0.05,0.83
1999-11-17,600821,3.26,3.26,3.29,3.21,11162,7798000.0,2.45,0.0,0.0,0.79
1999-11-18,600821,3.31,3.44,3.48,3.26,30521,22159000.0,6.75,5.52,0.18,2.15
1999-11-19,600821,3.44,3.41,3.51,3.37,23856,17451000.0,4.07,-0.87,-0.03,1.68
1999-11-22,600821,3.4,3.41,3.45,3.37,5201,3783000.0,2.35,0.0,0.0,0.37
1999-11-23,600821,3.4,3.38,3.44,3.32,5818,4221000.0,3.52,-0.88,-0.03,0.41
1999-11-24,600821,3.43,3.53,3.6,3.38,38403,28754000.0,6.51,4.44,0.15,2.71
1999-11-25,600821,3.52,3.5,3.58,3.48,18141,13599000.0,2.83,-0.85,-0.03,1.28
1999-11-26,600821,3.5,3.5,3.55,3.46,16773,12500000.0,2.57,0.0,0.0,1.18
1999-11-29,600821,3.52,3.51,3.62,3.48,19697,14837000.0,4.0,0.29,0.01,1.39
1999-11-30,600821,3.51,3.45,3.52,3.38,11783,8647000.0,3.99,-1.71,-0.06,0.83
1999-12-01,600821,3.44,3.44,3.47,3.34,21884,15842000.0,3.77,-0.29,-0.01,1.54
1999-12-02,600821,3.44,3.4,3.49,3.39,9384,6891000.0,2.91,-1.16,-0.04,0.66
1999-12-03,600821,3.4,3.41,3.46,3.37,5901,4295000.0,2.65,0.29,0.01,0.42
1999-12-06,600821,3.43,3.5,3.52,3.37,10182,7527000.0,4.4,2.64,0.09,0.72
1999-12-07,600821,3.48,3.47,3.5,3.41,6385,4700000.0,2.57,-0.86,-0.03,0.45
1999-12-08,600821,3.48,3.4,3.51,3.4,4851,3540000.0,3.17,-2.02,-0.07,0.34
1999-12-09,600821,3.38,3.38,3.45,3.33,7980,5719000.0,3.53,-0.59,-0.02,0.56
1999-12-10,600821,3.32,3.35,3.44,3.32,12529,9028000.0,3.55,-0.89,-0.03,0.88
1999-12-13,600821,3.37,3.33,3.43,3.32,9117,6585000.0,3.28,-0.6,-0.02,0.64
1999-12-14,600821,3.34,3.43,3.47,3.33,13559,9883000.0,4.2,3.0,0.1,0.96
1999-12-15,600821,3.47,3.47,3.67,3.44,51530,38735000.0,6.71,1.17,0.04,3.63
1999-12-16,600821,3.5,3.44,3.54,3.42,12214,9034000.0,3.46,-0.86,-0.03,0.86
1999-12-17,600821,3.45,3.35,3.45,3.33,7875,5669000.0,3.49,-2.62,-0.09,0.56
1999-12-21,600821,3.33,3.25,3.33,3.18,10080,7011000.0,4.48,-2.99,-0.1,0.71
1999-12-22,600821,3.21,3.15,3.26,3.13,5779,3935000.0,4.0,-3.08,-0.1,0.41
1999-12-23,600821,3.13,3.14,3.14,2.99,13577,8968000.0,4.76,-0.32,-0.01,0.96
1999-12-24,600821,3.13,3.11,3.29,3.09,16409,11318000.0,6.37,-0.96,-0.03,1.16
1999-12-27,600821,3.1,3.1,3.23,3.08,9809,6659000.0,4.82,-0.32,-0.01,0.69
1999-12-28,600821,3.13,3.07,3.18,2.94,8210,5384000.0,7.74,-0.97,-0.03,0.58
1999-12-29,600821,3.08,3.06,3.08,2.94,7014,4562000.0,4.56,-0.33,-0.01,0.49
1999-12-30,600821,3.07,3.05,3.11,2.99,3331,2206000.0,3.92,-0.33,-0.01,0.23
2000-01-04,600821,3.06,3.16,3.17,2.99,10373,6982000.0,5.9,3.61,0.11,0.73
2000-01-05,600821,3.17,3.11,3.21,3.1,9840,6691000.0,3.48,-1.58,-0.05,0.69
2000-01-06,600821,3.1,3.18,3.19,3.05,11910,8036000.0,4.5,2.25,0.07,0.84
2000-01-07,600821,3.27,3.44,3.47,3.27,35476,25720000.0,6.29,8.18,0.26,2.5
2000-01-10,600821,3.48,3.48,3.58,3.38,33356,24675000.0,5.81,1.16,0.04,2.35
2000-01-11,600821,3.47,3.31,3.48,3.21,22003,15822000.0,7.76,-4.89,-0.17,1.55
2000-01-12,600821,3.32,3.15,3.39,3.15,11391,7956000.0,7.25,-4.83,-0.16,0.8
2000-01-13,600821,3.11,3.11,3.2,3.05,10782,7237000.0,4.76,-1.27,-0.04,0.76
2000-01-14,600821,3.15,3.11,3.2,3.07,10410,7007000.0,4.18,0.0,0.0,0.73
2000-01-17,600821,3.13,3.18,3.19,3.07,8700,5884000.0,3.86,2.25,0.07,0.61
2000-01-18,600821,3.2,3.36,3.48,3.11,26782,18925000.0,11.64,5.66,0.18,1.89
2000-01-19,600821,3.34,3.48,3.52,3.32,52943,39076000.0,5.95,3.57,0.12,3.73
2000-01-20,600821,3.51,3.66,3.71,3.45,104152,79701000.0,7.47,5.17,0.18,7.35
2000-01-21,600821,3.67,3.68,3.85,3.61,119138,94013000.0,6.56,0.55,0.02,8.4
2000-01-24,600821,3.68,3.85,3.88,3.64,97311,77615000.0,6.52,4.62,0.17,6.86
2000-01-25,600821,3.85,4.01,4.24,3.81,184123,156310000.0,11.17,4.16,0.16,12.99
2000-01-26,600821,4.01,3.87,4.15,3.74,148611,121794000.0,10.22,-3.49,-0.14,10.48
2000-01-27,600821,4.01,4.05,4.12,3.9,129258,108727000.0,5.68,4.65,0.18,9.12
2000-01-28,600821,4.07,4.51,4.51,4.07,166446,152338000.0,10.86,11.36,0.46,11.74
2000-02-14,600821,5.01,5.01,5.01,5.01,15645,16004000.0,0.0,11.09,0.5,1.1
2000-02-15,600821,5.56,5.56,5.56,5.56,13697,15409000.0,0.0,10.98,0.55,0.97
2000-02-16,600821,6.17,6.17,6.17,6.17,14903,18450000.0,0.0,10.97,0.61,1.05
2000-02-17,600821,6.84,6.49,6.84,5.97,506004,676627000.0,14.1,5.19,0.32,35.69
2000-02-18,600821,6.28,7.19,7.19,5.79,353060,445020000.0,21.57,10.79,0.7,24.9
2000-02-21,600821,7.31,7.24,7.91,6.51,298691,429292000.0,19.47,0.7,0.05,21.07
2000-02-22,600821,6.99,6.47,7.35,6.46,209494,285813000.0,12.29,-10.64,-0.77,14.78
2000-02-23,600821,6.24,5.77,6.37,5.77,145394,174374000.0,9.27,-10.82,-0.7,10.25
2000-02-24,600821,5.56,5.97,6.02,5.51,103825,120356000.0,8.84,3.47,0.2,7.32
2000-02-25,600821,5.95,5.62,6.01,5.53,97570,112649000.0,8.04,-5.86,-0.35,6.88
2000-02-28,600821,5.54,6.24,6.24,5.41,137603,164356000.0,14.77,11.03,0.62,9.71
2000-02-29,600821,6.26,5.87,6.33,5.67,119303,142354000.0,10.58,-5.93,-0.37,8.41
2000-03-01,600821,5.95,5.63,5.95,5.53,66374,75777000.0,7.16,-4.09,-0.24,4.68
2000-03-02,600821,5.64,5.74,5.91,5.5,61221,70128000.0,7.28,1.95,0.11,4.32
2000-03-03,600821,5.8,5.8,5.97,5.64,75179,88122000.0,5.75,1.05,0.06,5.3
2000-03-06,600821,5.85,5.17,5.9,5.17,75537,84176000.0,12.59,-10.86,-0.63,5.33
2000-03-07,600821,5.05,5.04,5.15,4.78,66136,67223000.0,7.16,-2.51,-0.13,4.66
2000-03-08,600821,5.05,5.32,5.41,4.9,57283,60709000.0,10.12,5.56,0.28,4.04
2000-03-09,600821,5.26,5.22,5.37,5.09,41917,44416000.0,5.26,-1.88,-0.1,2.96
2000-03-10,600821,5.18,5.26,5.59,5.15,48034,52148000.0,8.43,0.77,0.04,3.39
2000-03-13,600821,5.26,5.1,5.37,5.04,33092,34687000.0,6.27,-3.04,-0.16,2.33
2000-03-14,600821,4.83,4.91,5.05,4.75,47132,47102000.0,5.88,-3.73,-0.19,3.32
2000-03-15,600821,4.91,4.77,4.97,4.75,36109,35770000.0,4.48,-2.85,-0.14,2.55
2000-03-16,600821,4.72,4.34,4.72,4.24,55407,50987000.0,10.06,-9.01,-0.43,3.91
2000-03-17,600821,4.4,4.64,4.7,4.4,44473,42015000.0,6.91,6.91,0.3,3.14
2000-03-20,600821,4.61,4.77,4.78,4.48,36932,35094000.0,6.47,2.8,0.13,2.6
2000-03-21,600821,4.75,4.63,4.77,4.53,32581,30948000.0,5.03,-2.94,-0.14,2.3
2000-03-22,600821,4.64,4.75,4.92,4.55,36476,35569000.0,7.99,2.59,0.12,2.57
2000-03-23,600821,4.77,4.79,4.79,4.63,28860,27801000.0,3.37,0.84,0.04,2.04
2000-03-24,600821,4.88,5.13,5.32,4.82,104805,109407000.0,10.44,7.1,0.34,7.39
2000-03-27,600821,5.13,5.26,5.41,5.05,52814,56180000.0,7.02,2.53,0.13,3.72
2000-03-28,600821,5.32,5.2,5.38,5.14,37906,40274000.0,4.56,-1.14,-0.06,2.67
2000-03-29,600821,5.18,5.2,5.37,5.14,35348,37719000.0,4.42,0.0,0.0,2.49
2000-03-30,600821,5.21,5.14,5.34,5.06,28933,30440000.0,5.38,-1.15,-0.06,2.04
2000-03-31,600821,5.13,4.92,5.14,4.88,42497,42927000.0,5.06,-4.28,-0.22,3.0
2000-04-03,600821,4.86,4.78,4.88,4.72,31629,30911000.0,3.25,-2.85,-0.14,2.23
2000-04-04,600821,4.75,4.68,4.75,4.63,19239,18558000.0,2.51,-2.09,-0.1,1.36
2000-04-05,600821,4.68,4.87,4.88,4.68,14170,13887000.0,4.27,4.06,0.19,1.0
2000-04-06,600821,4.87,4.86,4.92,4.75,18366,18140000.0,3.49,-0.21,-0.01,1.3
2000-04-07,600821,4.88,5.17,5.37,4.88,52003,54941000.0,10.08,6.38,0.31,3.67
2000-04-10,600821,5.22,5.19,5.32,5.06,27880,29259000.0,5.03,0.39,0.02,1.97
2000-04-11,600821,5.18,5.35,5.37,5.04,32258,34013000.0,6.36,3.08,0.16,2.28
2000-04-12,600821,5.32,5.1,5.32,5.0,24510,25594000.0,5.98,-4.67,-0.25,1.73
2000-04-13,600821,5.05,5.06,5.21,4.99,16538,17112000.0,4.31,-0.78,-0.04,1.17
2000-04-14,600821,5.06,4.97,5.09,4.92,23744,24083000.0,3.36,-1.78,-0.09,1.67
2000-04-17,600821,4.91,4.77,4.91,4.72,27136,26504000.0,3.82,-4.02,-0.2,1.91
2000-04-18,600821,4.77,4.85,4.88,4.72,11429,11301000.0,3.35,1.68,0.08,0.81
2000-04-19,600821,4.85,4.85,4.93,4.79,12398,12296000.0,2.89,0.0,0.0,0.87
2000-04-20,600821,4.85,4.81,4.88,4.72,20224,19792000.0,3.3,-0.82,-0.04,1.43
2000-04-21,600821,4.82,4.86,4.94,4.72,9223,8996534.0,4.57,1.04,0.05,0.65
2000-04-24,600821,4.86,4.73,4.86,4.72,15744,15341000.0,2.88,-2.67,-0.13,1.11
2000-04-25,600821,4.73,4.64,4.77,4.6,18916,18084000.0,3.59,-1.9,-0.09,1.33
2000-04-26,600821,4.61,4.64,4.72,4.6,9902,9462000.0,2.59,0.0,0.0,0.7
2000-04-27,600821,4.66,4.64,4.78,4.63,11146,10767000.0,3.23,0.0,0.0,0.79
2000-04-28,600821,4.64,4.74,4.75,4.63,8313,7988000.0,2.59,2.16,0.1,0.59
2000-05-08,600821,4.77,4.59,4.8,4.57,9371,8914000.0,4.85,-3.16,-0.15,0.66
2000-05-09,600821,4.59,4.44,4.61,4.37,14819,13619000.0,5.23,-3.27,-0.15,1.05
2000-05-10,600821,4.44,4.29,4.45,4.28,10604,9537000.0,3.83,-3.38,-0.15,0.75
2000-05-12,600821,4.08,4.05,4.18,4.02,8344,7114000.0,3.73,-5.59,-0.24,0.59
2000-05-15,600821,4.08,3.85,4.11,3.79,13044,10637000.0,7.9,-4.94,-0.2,0.92
2000-05-16,600821,3.88,4.0,4.01,3.86,8875,7295000.0,3.9,3.9,0.15,0.63
2000-05-17,600821,4.0,3.99,4.16,3.93,9155,7730000.0,5.75,-0.25,-0.01,0.65
2000-05-18,600821,4.02,4.12,4.13,3.97,9380,7892000.0,4.01,3.26,0.13,0.66
2000-05-19,600821,4.12,4.1,4.17,4.01,12269,10413000.0,3.88,-0.49,-0.02,0.87
2000-05-22,600821,4.1,4.24,4.29,4.05,21647,18828000.0,5.85,3.41,0.14,1.53
2000-05-23,600821,4.25,4.34,4.35,4.23,16379,14576000.0,2.83,2.36,0.1,1.16
2000-05-24,600821,4.34,4.44,4.59,4.21,20926,18974000.0,8.76,2.3,0.1,1.48
2000-05-25,600821,4.44,4.41,4.51,4.37,17503,15984000.0,3.15,-0.68,-0.03,1.23
2000-05-26,600821,4.45,4.34,4.48,4.3,16110,14537000.0,4.08,-1.59,-0.07,1.14
2000-05-29,600821,4.32,4.31,4.39,4.23,20087,17849000.0,3.69,-0.69,-0.03,1.42
2000-05-30,600821,4.31,4.25,4.37,4.24,13137,11629000.0,3.02,-1.39,-0.06,0.93
2000-05-31,600821,4.23,4.25,4.29,4.13,17447,15185000.0,3.76,0.0,0.0,1.23
2000-06-01,600821,4.25,4.41,4.43,4.17,22434,20018000.0,6.12,3.76,0.16,1.58
2000-06-02,600821,4.43,4.32,4.44,4.29,11950,10788000.0,3.4,-2.04,-0.09,0.84
2000-06-05,600821,4.32,4.3,4.39,4.23,20170,18015000.0,3.7,-0.46,-0.02,1.42
2000-06-06,600821,4.29,4.45,4.45,4.24,27143,24481000.0,4.88,3.49,0.15,1.91
2000-06-07,600821,4.46,4.94,4.94,4.45,67243,66828000.0,11.01,11.01,0.49,4.74
2000-06-08,600821,5.07,4.99,5.12,4.72,127131,128335000.0,8.1,1.01,0.05,8.97
2000-06-09,600821,4.99,4.6,4.99,4.6,28759,28336000.0,7.82,-7.82,-0.39,2.03
2000-06-12,600821,4.6,4.66,4.71,4.48,18397,17413000.0,5.0,1.3,0.06,1.3
2000-06-13,600821,4.69,4.71,4.78,4.6,14975,14421000.0,3.86,1.07,0.05,1.06
2000-06-14,600821,4.71,4.65,4.81,4.64,16916,16418000.0,3.61,-1.27,-0.06,1.19
2000-06-15,600821,4.61,4.59,4.69,4.5,15738,14858000.0,4.09,-1.29,-0.06,1.11
2000-06-16,600821,4.58,4.48,4.61,4.45,16521,15378000.0,3.49,-2.4,-0.11,1.17
2000-06-19,600821,4.48,4.48,4.59,4.4,10704,9884000.0,4.24,0.0,0.0,0.75
2000-06-20,600821,4.48,4.43,4.54,4.4,8628,7933000.0,3.13,-1.12,-0.05,0.61
2000-06-21,600821,4.42,4.45,4.59,4.4,8380,7728000.0,4.29,0.45,0.02,0.59
2000-06-22,600821,4.53,4.47,4.55,4.43,7372,6791000.0,2.7,0.45,0.02,0.52
2000-06-23,600821,4.51,4.49,4.52,4.44,8774,8089000.0,1.79,0.45,0.02,0.62
2000-06-26,600821,4.5,4.59,4.64,4.48,14711,13830000.0,3.56,2.23,0.1,1.04
2000-06-27,600821,4.66,4.51,4.66,4.47,11213,10438000.0,4.14,-1.74,-0.08,0.79
2000-06-28,600821,4.51,4.48,4.54,4.44,12903,11904000.0,2.22,-0.67,-0.03,0.91
2000-06-29,600821,4.48,4.39,4.48,4.36,16572,15071000.0,2.68,-2.01,-0.09,1.17
2000-06-30,600821,4.43,4.34,4.44,4.33,15405,13941000.0,2.51,-1.14,-0.05,1.09
2000-07-03,600821,4.29,4.2,4.29,4.18,13459,11801000.0,2.53,-3.23,-0.14,0.95
2000-07-04,600821,4.22,4.26,4.29,4.2,7209,6354000.0,2.14,1.43,0.06,0.51
2000-07-05,600821,4.26,4.27,4.31,4.26,6421,5700000.0,1.17,0.23,0.01,0.45
2000-07-06,600821,4.27,4.23,4.28,4.2,7246,6358000.0,1.87,-0.94,-0.04,0.51
2000-07-07,600821,4.19,4.24,4.29,4.18,8167,7177000.0,2.6,0.24,0.01,0.58
2000-07-10,600821,4.26,4.17,4.29,4.12,15780,13693000.0,4.01,-1.65,-0.07,1.11
2000-07-11,600821,4.17,4.45,4.48,4.17,19977,17844000.0,7.43,6.71,0.28,1.41
2000-07-12,600821,4.45,4.37,4.48,4.34,11299,10243000.0,3.15,-1.8,-0.08,0.8
2000-07-13,600821,4.37,4.39,4.54,4.35,15342,14154399.0,4.35,0.46,0.02,1.08
2000-07-14,600821,4.4,4.34,4.43,4.26,10051,9013000.0,3.87,-1.14,-0.05,0.71
2000-07-17,600821,4.29,4.28,4.34,4.24,12466,11056000.0,2.3,-1.38,-0.06,0.88
2000-07-18,600821,4.29,4.4,4.45,4.28,8792,7926000.0,3.97,2.8,0.12,0.62
2000-07-19,600821,4.45,4.51,4.51,4.28,15630,14258000.0,5.23,2.5,0.11,1.1
2000-07-20,600821,4.51,4.45,4.51,4.39,7663,7025000.0,2.66,-1.33,-0.06,0.54
2000-07-21,600821,4.44,4.49,4.54,4.41,15588,14466000.0,2.92,0.9,0.04,1.1
2000-07-24,600821,4.66,4.59,4.69,4.53,27240,25793000.0,3.56,2.23,0.1,1.92
2000-07-25,600821,4.59,4.54,4.64,4.51,11692,10981000.0,2.83,-1.09,-0.05,0.82
2000-07-26,600821,4.56,4.62,4.67,4.55,20158,19133000.0,2.64,1.76,0.08,1.42
2000-07-27,600821,4.66,4.55,4.67,4.53,12243,11547000.0,3.03,-1.52,-0.07,0.86
2000-07-28,600821,4.58,4.51,4.59,4.44,10549,9778000.0,3.3,-0.88,-0.04,0.74
2000-07-31,600821,4.51,4.7,4.75,4.5,35979,34550000.0,5.54,4.21,0.19,2.54
2000-08-01,600821,4.7,4.73,4.78,4.67,19712,19141000.0,2.34,0.64,0.03,1.39
2000-08-02,600821,4.74,4.67,4.77,4.62,10683,10263000.0,3.17,-1.27,-0.06,0.75
2000-08-03,600821,4.7,4.58,4.71,4.56,13020,12410000.0,3.21,-1.93,-0.09,0.92
2000-08-04,600821,4.61,4.53,4.64,4.52,11843,11161000.0,2.62,-1.09,-0.05,0.84
2000-08-07,600821,4.53,4.68,4.7,4.45,15492,14565000.0,5.52,3.31,0.15,1.09
2000-08-08,600821,4.67,4.6,4.68,4.59,10729,10212000.0,1.92,-1.71,-0.08,0.76
2000-08-09,600821,4.56,4.83,4.85,4.55,54962,53524000.0,6.52,5.0,0.23,3.88
2000-08-10,600821,4.83,4.74,4.85,4.68,27229,26636000.0,3.52,-1.86,-0.09,1.92
2000-08-11,600821,4.74,4.74,4.84,4.73,24763,24366000.0,2.32,0.0,0.0,1.75
2000-08-14,600821,4.78,4.78,4.84,4.75,17737,17435000.0,1.9,0.84,0.04,1.25
2000-08-15,600821,4.78,4.72,4.78,4.7,12747,12395000.0,1.67,-1.26,-0.06,0.9
2000-08-16,600821,4.72,4.68,4.77,4.66,12247,11831000.0,2.33,-0.85,-0.04,0.86
2000-08-17,600821,4.7,4.68,4.72,4.67,11708,11285000.0,1.07,0.0,0.0,0.83
2000-08-18,600821,4.72,4.83,4.93,4.72,39761,39671000.0,4.49,3.21,0.15,2.8
2000-08-21,600821,4.88,4.99,5.01,4.76,39503,39951000.0,5.18,3.31,0.16,2.79
2000-08-22,600821,4.99,4.8,5.02,4.8,24370,24611000.0,4.41,-3.81,-0.19,1.72
2000-08-23,600821,4.75,4.72,4.86,4.5,30684,29480000.0,7.5,-1.67,-0.08,2.16
2000-08-24,600821,4.72,4.78,4.83,4.64,17599,17148000.0,4.03,1.27,0.06,1.24
2000-08-25,600821,4.78,4.81,4.82,4.7,11503,11219000.0,2.51,0.63,0.03,0.81
2000-08-28,600821,4.83,4.94,4.94,4.78,26965,26895000.0,3.33,2.7,0.13,1.9
2000-08-29,600821,4.94,4.91,4.97,4.86,19557,19667000.0,2.23,-0.61,-0.03,1.38
2000-08-30,600821,4.88,4.75,4.94,4.72,17917,17677000.0,4.48,-3.26,-0.16,1.26
2000-08-31,600821,4.73,4.64,4.73,4.61,20673,19874000.0,2.53,-2.32,-0.11,1.46
2000-09-01,600821,4.61,4.61,4.68,4.57,16603,15792000.0,2.37,-0.65,-0.03,1.17
2000-09-04,600821,4.61,4.88,4.94,4.59,62362,62038000.0,7.59,5.86,0.27,4.4
2000-09-05,600821,4.94,4.82,5.03,4.79,55184,55799000.0,4.92,-1.23,-0.06,3.89
2000-09-06,600821,4.78,5.13,5.15,4.77,112196,115650000.0,7.88,6.43,0.31,7.91
2000-09-07,600821,5.18,5.15,5.26,5.05,73291,76950000.0,4.09,0.39,0.02,5.17
2000-09-08,600821,5.15,5.06,5.19,5.0,30917,32031000.0,3.69,-1.75,-0.09,2.18
2000-09-11,600821,5.07,5.2,5.27,5.07,40360,42626000.0,3.95,2.77,0.14,2.85
2000-09-12,600821,5.25,5.1,5.27,5.06,28113,29543000.0,4.04,-1.92,-0.1,1.98
2000-09-13,600821,5.13,5.03,5.14,5.0,24608,25295000.0,2.75,-1.37,-0.07,1.74
2000-09-14,600821,5.05,5.08,5.24,5.03,20230,21175000.0,4.17,0.99,0.05,1.43
2000-09-15,600821,5.09,4.98,5.09,4.93,15669,15962000.0,3.15,-1.97,-0.1,1.11
2000-09-18,600821,4.98,4.82,5.02,4.77,19654,19698000.0,5.02,-3.21,-0.16,1.39
2000-09-19,600821,4.78,4.58,4.78,4.57,19350,18529000.0,4.36,-4.98,-0.24,1.36
2000-09-20,600821,4.57,4.63,4.7,4.51,17196,16237000.0,4.15,1.09,0.05,1.21
2000-09-21,600821,4.66,4.47,4.66,4.45,14383,13423000.0,4.54,-3.46,-0.16,1.01
2000-09-22,600821,4.48,4.46,4.6,4.45,9235,8599000.0,3.36,-0.22,-0.01,0.65
2000-09-25,600821,4.48,4.41,4.55,4.34,8045,7344000.0,4.71,-1.12,-0.05,0.57
2000-09-26,600821,4.41,4.44,4.48,4.36,4195,3829000.0,2.72,0.68,0.03,0.3
2000-09-27,600821,4.41,4.48,4.5,4.4,4711,4333000.0,2.25,0.9,0.04,0.33
2000-09-28,600821,4.5,4.34,4.5,4.33,11379,10300000.0,3.79,-3.13,-0.14,0.8
2000-09-29,600821,4.35,4.38,4.42,4.34,7775,7041000.0,1.84,0.92,0.04,0.55
2000-10-09,600821,4.37,4.52,4.52,4.37,6243,5732000.0,3.42,3.2,0.14,0.44
2000-10-10,600821,4.52,4.55,4.55,4.43,8199,7606000.0,2.65,0.66,0.03,0.58
2000-10-11,600821,4.55,4.45,4.55,4.45,7090,6546000.0,2.2,-2.2,-0.1,0.5
2000-10-12,600821,4.46,4.4,4.46,4.34,12283,11123000.0,2.7,-1.12,-0.05,0.87
2000-10-13,600821,4.45,4.43,4.46,4.38,6323,5771000.0,1.82,0.68,0.03,0.45
2000-10-16,600821,4.42,4.35,4.43,4.33,8522,7680000.0,2.26,-1.81,-0.08,0.6
2000-10-17,600821,4.35,4.32,4.39,4.27,8340,7434000.0,2.76,-0.69,-0.03,0.59
2000-10-18,600821,4.32,4.34,4.37,4.26,6588,5897000.0,2.55,0.46,0.02,0.46
2000-10-19,600821,4.34,4.34,4.36,4.28,6708,5998000.0,1.84,0.0,0.0,0.47
2000-10-20,600821,4.34,4.44,4.45,4.29,5659,5138000.0,3.69,2.3,0.1,0.4
2000-10-23,600821,4.44,4.47,4.48,4.38,7655,7011000.0,2.25,0.68,0.03,0.54
2000-10-24,600821,4.45,4.43,4.47,4.37,6750,6167000.0,2.24,-0.89,-0.04,0.48
2000-10-25,600821,4.43,4.45,4.46,4.4,9577,8786000.0,1.35,0.45,0.02,0.68
2000-10-26,600821,4.48,4.47,4.5,4.4,8165,7490000.0,2.25,0.45,0.02,0.58
2000-10-27,600821,4.48,4.43,4.48,4.4,5841,5346000.0,1.79,-0.89,-0.04,0.41
2000-10-30,600821,4.43,4.45,4.45,4.31,10218,9222000.0,3.16,0.45,0.02,0.72
2000-10-31,600821,4.46,4.48,4.48,4.37,7216,6619000.0,2.47,0.67,0.03,0.51
2000-11-01,600821,4.48,4.52,4.56,4.41,11367,10576000.0,3.35,0.89,0.04,0.8
2000-11-02,600821,4.53,4.54,4.61,4.51,10555,9917000.0,2.21,0.44,0.02,0.74
2000-11-03,600821,4.54,4.54,4.56,4.48,8215,7660000.0,1.76,0.0,0.0,0.58
2000-11-06,600821,4.52,4.51,4.57,4.48,11647,10850000.0,1.98,-0.66,-0.03,0.8
2000-11-07,600821,4.51,4.52,4.52,4.41,9210,8499000.0,2.44,0.22,0.01,0.63
2000-11-08,600821,4.52,4.47,4.53,4.46,8327,7715000.0,1.55,-1.11,-0.05,0.57
2000-11-09,600821,4.47,4.51,4.52,4.43,9642,8927000.0,2.01,0.89,0.04,0.66
2000-11-10,600821,4.51,4.52,4.55,4.45,15204,14086000.0,2.22,0.22,0.01,1.04
2000-11-13,600821,4.55,4.71,4.72,4.51,18771,17760000.0,4.65,4.2,0.19,1.29
2000-11-14,600821,4.7,4.66,4.72,4.61,14581,13984000.0,2.34,-1.06,-0.05,1.0
2000-11-15,600821,4.66,4.66,4.77,4.65,13478,13009000.0,2.58,0.0,0.0,0.93
2000-11-16,600821,4.67,4.77,4.88,4.67,21830,21488000.0,4.51,2.36,0.11,1.5
2000-11-17,600821,4.77,4.74,4.83,4.72,12239,11964000.0,2.31,-0.63,-0.03,0.84
2000-11-20,600821,4.72,4.82,4.83,4.66,14081,13726000.0,3.59,1.69,0.08,0.97
2000-11-21,600821,4.82,4.84,4.94,4.78,17314,17290000.0,3.32,0.41,0.02,1.19
2000-11-22,600821,4.86,5.11,5.13,4.85,71335,73261000.0,5.79,5.58,0.27,4.9
2000-11-23,600821,5.15,5.04,5.17,4.98,40772,42284000.0,3.72,-1.37,-0.07,2.8
2000-11-24,600821,5.04,4.72,5.08,4.67,39591,39755000.0,8.13,-6.35,-0.32,2.72
2000-11-27,600821,4.7,4.88,4.97,4.67,28457,28348000.0,6.36,3.39,0.16,1.95
2000-11-28,600821,4.88,4.92,5.04,4.87,19973,20233000.0,3.48,0.82,0.04,1.37
2000-11-29,600821,4.94,4.85,4.97,4.82,16526,16533000.0,3.05,-1.42,-0.07,1.14
2000-11-30,600821,4.84,4.79,4.88,4.78,9814,9687000.0,2.06,-1.24,-0.06,0.67
2000-12-01,600821,4.8,4.87,4.88,4.78,8691,8615000.0,2.09,1.67,0.08,0.6
2000-12-04,600821,4.88,4.94,4.94,4.83,13655,13709000.0,2.26,1.44,0.07,0.94
2000-12-05,600821,4.94,4.88,5.03,4.87,13966,14128000.0,3.24,-1.21,-0.06,0.96
2000-12-06,600821,4.94,4.78,4.94,4.77,12583,12409000.0,3.48,-2.05,-0.1,0.86
2000-12-07,600821,4.75,4.68,4.75,4.67,12287,11888000.0,1.67,-2.09,-0.1,0.84
2000-12-08,600821,4.68,4.71,4.75,4.67,8664,8389000.0,1.71,0.64,0.03,0.6
2000-12-11,600821,4.71,4.62,4.75,4.56,7847,7513000.0,4.03,-1.91,-0.09,0.54
2000-12-12,600821,4.62,4.64,4.65,4.56,6846,6491000.0,1.95,0.43,0.02,0.47
2000-12-13,600821,4.67,4.66,4.71,4.65,5795,5566000.0,1.29,0.43,0.02,0.4
2000-12-14,600821,4.67,4.67,4.75,4.64,4223,4074000.0,2.36,0.21,0.01,0.29
2000-12-15,600821,4.7,4.66,4.72,4.64,3126,2999000.0,1.71,-0.21,-0.01,0.21
2000-12-18,600821,4.67,4.61,4.67,4.53,5937,5602000.0,3.0,-1.07,-0.05,0.41
2000-12-19,600821,4.63,4.58,4.63,4.56,5318,5023000.0,1.52,-0.65,-0.03,0.37
2000-12-20,600821,4.58,4.62,4.67,4.57,4018,3832000.0,2.18,0.87,0.04,0.28
2000-12-21,600821,4.64,4.71,4.76,4.64,7628,7380000.0,2.6,1.95,0.09,0.52
2000-12-25,600821,4.72,4.7,4.82,4.7,9155,8944000.0,2.55,-0.21,-0.01,0.63
2000-12-26,600821,4.72,4.67,4.75,4.66,5491,5285000.0,1.91,-0.64,-0.03,0.38
2000-12-27,600821,4.7,4.63,4.7,4.62,5371,5133000.0,1.71,-0.86,-0.04,0.37
2000-12-28,600821,4.62,4.67,4.77,4.61,6284,6051000.0,3.46,0.86,0.04,0.43
2000-12-29,600821,4.67,4.7,4.75,4.67,5880,5705000.0,1.71,0.64,0.03,0.4
2001-01-02,600821,4.72,4.79,4.8,4.68,7077,6904000.0,2.55,1.91,0.09,0.49
2001-01-03,600821,4.83,4.81,4.84,4.78,8422,8295000.0,1.25,0.42,0.02,0.58
2001-01-04,600821,4.83,4.88,4.93,4.79,19570,19550000.0,2.91,1.46,0.07,1.34
2001-01-05,600821,4.88,4.94,4.98,4.88,23291,23523000.0,2.05,1.23,0.06,1.6
2001-01-08,600821,5.02,5.0,5.05,4.88,30994,31643000.0,3.44,1.21,0.06,2.13
2001-01-09,600821,4.97,4.91,5.04,4.87,15149,15348000.0,3.4,-1.8,-0.09,1.04
2001-01-10,600821,4.94,5.01,5.04,4.93,16974,17349000.0,2.24,2.04,0.1,1.17
2001-01-11,600821,5.04,5.05,5.13,4.99,26128,27015000.0,2.79,0.8,0.04,1.79
2001-01-12,600821,5.07,4.94,5.1,4.94,15806,16185000.0,3.17,-2.18,-0.11,1.09
2001-01-15,600821,4.98,4.78,4.98,4.78,13213,13116000.0,4.05,-3.24,-0.16,0.91
2001-01-16,600821,4.8,4.84,4.87,4.72,7692,7567000.0,3.14,1.26,0.06,0.53
2001-01-17,600821,4.83,4.85,4.85,4.78,5683,5616000.0,1.45,0.21,0.01,0.39
2001-01-18,600821,4.91,4.85,4.94,4.84,7774,7775000.0,2.06,0.0,0.0,0.53
2001-01-19,600821,4.93,4.93,4.99,4.88,10906,11040000.0,2.27,1.65,0.08,0.75
2001-02-05,600821,4.93,4.85,4.99,4.85,10548,10607000.0,2.84,-1.62,-0.08,0.72
2001-02-06,600821,4.78,4.82,4.83,4.61,3188,3102000.0,4.54,-0.62,-0.03,0.22
2001-02-07,600821,4.81,4.71,4.86,4.67,4661,4531000.0,3.94,-2.28,-0.11,0.32
2001-02-08,600821,4.78,4.64,4.83,4.62,6279,6096000.0,4.46,-1.49,-0.07,0.43
2001-02-09,600821,4.88,4.88,4.97,4.72,20539,20547000.0,5.39,5.17,0.24,1.41
2001-02-12,600821,4.91,5.1,5.15,4.89,50099,51608000.0,5.33,4.51,0.22,3.44
2001-02-13,600821,5.11,5.11,5.18,5.05,35060,36546000.0,2.55,0.2,0.01,2.41
2001-02-14,600821,5.11,5.05,5.11,5.0,15715,16250000.0,2.15,-1.17,-0.06,1.08
2001-02-15,600821,5.06,5.21,5.26,5.03,38167,40103000.0,4.55,3.17,0.16,2.62
2001-02-16,600821,5.21,5.19,5.24,5.08,39021,41177000.0,3.07,-0.38,-0.02,2.68
2001-02-19,600821,5.19,5.28,5.34,5.15,47483,50982000.0,3.66,1.73,0.09,3.26
2001-02-20,600821,5.28,5.14,5.34,5.12,34780,36985000.0,4.17,-2.65,-0.14,2.39
2001-02-21,600821,5.12,5.0,5.18,4.94,29367,30290000.0,4.67,-2.72,-0.14,2.02
2001-02-22,600821,5.0,5.03,5.08,4.94,11848,12167000.0,2.8,0.6,0.03,0.81
2001-02-23,600821,5.02,5.13,5.15,4.97,11866,12207000.0,3.58,1.99,0.1,0.82
2001-02-26,600821,5.15,5.14,5.23,5.05,17102,17979000.0,3.51,0.19,0.01,1.17
2001-02-27,600821,5.14,5.07,5.15,5.02,11341,11781000.0,2.53,-1.36,-0.07,0.78
2001-02-28,600821,5.07,5.31,5.36,5.03,48887,52536000.0,6.51,4.73,0.24,3.36
2001-03-01,600821,5.31,5.34,5.51,5.29,65718,72048000.0,4.14,0.56,0.03,4.51
2001-03-02,600821,5.37,5.67,5.7,5.32,82706,92036000.0,7.12,6.18,0.33,5.68
2001-03-05,600821,5.68,5.6,5.78,5.6,124426,142672000.0,3.17,-1.23,-0.07,8.55
2001-03-06,600821,5.59,5.99,6.01,5.51,93422,108095000.0,8.93,6.96,0.39,6.42
2001-03-07,600821,5.99,5.93,6.09,5.91,103086,124364000.0,3.01,-1.0,-0.06,7.08
2001-03-09,600821,6.24,5.62,6.24,5.6,78000,91751000.0,10.79,-5.23,-0.31,5.36
2001-03-12,600821,5.59,5.96,6.11,5.48,133082,157476000.0,11.21,6.05,0.34,9.14
2001-03-13,600821,5.7,5.68,5.91,5.65,55437,64670000.0,4.36,-4.7,-0.28,3.81
2001-03-14,600821,5.68,5.78,5.86,5.65,48449,56490000.0,3.7,1.76,0.1,3.33
2001-03-15,600821,5.78,6.33,6.34,5.75,153445,188080000.0,10.21,9.52,0.55,10.54
2001-03-16,600821,6.37,6.28,6.44,6.21,107027,135783000.0,3.63,-0.79,-0.05,7.35
2001-03-19,600821,6.29,6.31,6.58,6.25,74782,96144000.0,5.25,0.48,0.03,5.14
2001-03-20,600821,6.32,6.48,6.55,6.13,74886,94537000.0,6.66,2.69,0.17,5.14
2001-03-21,600821,6.48,6.51,6.57,6.39,54606,70716000.0,2.78,0.46,0.03,3.75
2001-03-22,600821,6.51,6.31,6.53,6.24,68760,87331000.0,4.45,-3.07,-0.2,4.72
2001-03-23,600821,6.34,6.24,6.44,6.23,50716,64062000.0,3.33,-1.11,-0.07,3.48
2001-03-26,600821,6.21,6.42,6.52,6.16,60461,76502000.0,5.77,2.88,0.18,4.15
2001-03-27,600821,6.45,6.51,6.72,6.37,69842,91752000.0,5.45,1.4,0.09,4.8
2001-03-28,600821,6.51,6.45,6.61,6.4,47013,61025000.0,3.23,-0.92,-0.06,3.23
2001-03-29,600821,6.45,6.31,6.45,6.24,53621,68043000.0,3.26,-2.17,-0.14,3.68
2001-03-30,600821,6.28,6.34,6.38,6.17,60737,75927000.0,3.33,0.48,0.03,4.17
2001-04-02,600821,6.32,6.12,6.33,6.1,68045,84382000.0,3.63,-3.47,-0.22,4.67
2001-04-03,600821,6.1,6.1,6.29,6.06,43964,54279000.0,3.76,-0.33,-0.02,3.02
2001-04-04,600821,6.1,6.05,6.2,6.02,29692,36514000.0,2.95,-0.82,-0.05,2.04
2001-04-05,600821,6.02,5.98,6.12,5.86,48894,58473000.0,4.3,-1.16,-0.07,3.36
2001-04-06,600821,5.99,6.15,6.19,5.92,39804,48599000.0,4.52,2.84,0.17,2.73
2001-04-09,600821,6.15,6.28,6.39,6.13,48062,60613000.0,4.23,2.11,0.13,3.3
2001-04-10,600821,6.31,6.2,6.34,6.17,23314,29116000.0,2.71,-1.27,-0.08,1.6
2001-04-11,600821,6.2,6.22,6.33,6.18,17148,21394000.0,2.42,0.32,0.02,1.18
2001-04-12,600821,6.22,6.07,6.34,6.05,25456,31521000.0,4.66,-2.41,-0.15,1.75
2001-04-13,600821,6.05,6.02,6.07,5.92,41555,49897000.0,2.47,-0.82,-0.05,2.85
2001-04-16,600821,6.03,5.84,6.07,5.8,66042,78032000.0,4.49,-2.99,-0.18,4.54
2001-04-17,600821,5.84,5.91,5.96,5.71,47552,55835000.0,4.28,1.2,0.07,3.27
2001-04-18,600821,5.88,5.76,5.88,5.75,32266,37630000.0,2.2,-2.54,-0.15,2.22
2001-04-19,600821,5.75,5.77,5.86,5.71,24417,28397000.0,2.6,0.17,0.01,1.68
2001-04-20,600821,5.76,5.54,5.77,5.53,47919,54569000.0,4.16,-3.99,-0.23,3.29
2001-04-23,600821,5.53,5.4,5.53,5.32,40303,44227000.0,3.79,-2.53,-0.14,2.77
2001-04-24,600821,5.4,5.49,5.54,5.4,19476,21636000.0,2.59,1.67,0.09,1.34
2001-04-25,600821,5.51,5.59,5.73,5.51,36616,41752000.0,4.01,1.82,0.1,2.52
2001-04-26,600821,5.59,5.45,5.68,5.44,14681,16464000.0,4.29,-2.5,-0.14,1.01
2001-04-27,600821,5.47,5.47,5.53,5.4,10464,11577000.0,2.39,0.37,0.02,0.72
2001-04-30,600821,5.53,5.43,5.53,5.4,8209,9049000.0,2.38,-0.73,-0.04,0.56
2001-05-08,600821,5.43,5.63,5.63,5.43,6824,7558396.0,3.68,3.68,0.2,0.47
2001-05-09,600821,5.67,5.63,5.68,5.59,7448,8470000.0,1.6,0.0,0.0,0.51
2001-05-10,600821,5.63,5.55,5.67,5.53,13209,14936000.0,2.49,-1.42,-0.08,0.91
2001-05-11,600821,5.55,5.53,5.61,5.49,10585,11844000.0,2.16,-0.36,-0.02,0.73
2001-05-14,600821,5.53,5.6,5.64,5.43,15212,17008000.0,3.8,1.27,0.07,1.04
2001-05-15,600821,5.67,5.67,5.68,5.58,19542,22295000.0,1.79,1.25,0.07,1.34
2001-05-16,600821,5.68,5.82,5.86,5.68,27372,32024000.0,3.17,2.65,0.15,1.88
2001-05-17,600821,5.82,5.69,5.84,5.68,11534,13335000.0,2.75,-2.23,-0.13,0.79
2001-05-21,600821,5.74,5.7,5.78,5.61,17812,20389000.0,2.99,0.18,0.01,1.22
2001-05-22,600821,5.72,6.05,6.05,5.7,48938,58192000.0,6.14,6.14,0.35,3.36
2001-05-23,600821,6.1,6.1,6.12,5.97,63451,77171000.0,2.48,0.83,0.05,4.36
2001-05-24,600821,6.1,6.03,6.1,5.97,21407,25919000.0,2.13,-1.15,-0.07,1.47
2001-05-25,600821,6.02,5.91,6.06,5.87,17618,21092000.0,3.15,-1.99,-0.12,1.21
2001-05-28,600821,5.9,5.89,6.01,5.83,16202,19366000.0,3.05,-0.34,-0.02,1.11
2001-05-29,600821,5.89,5.74,5.9,5.73,14595,17089000.0,2.89,-2.55,-0.15,1.0
2001-05-30,600821,5.73,5.87,5.87,5.71,12807,14988000.0,2.79,2.26,0.13,0.88
2001-05-31,600821,5.86,5.79,5.93,5.74,12447,14541000.0,3.24,-1.36,-0.08,0.85
2001-06-01,600821,5.79,5.69,5.79,5.64,22177,25500000.0,2.59,-1.73,-0.1,1.52
2001-06-04,600821,5.68,5.58,5.69,5.51,31388,35448000.0,3.16,-1.93,-0.11,2.16
2001-06-05,600821,5.58,5.61,5.67,5.53,18480,20915000.0,2.51,0.54,0.03,1.27
2001-06-06,600821,5.59,5.64,5.68,5.53,15838,17982000.0,2.67,0.53,0.03,1.09
2001-06-07,600821,5.64,5.57,5.64,5.53,14186,15987000.0,1.95,-1.24,-0.07,0.97
2001-06-08,600821,5.57,5.82,5.87,5.53,19614,22671000.0,6.1,4.49,0.25,1.35
2001-06-11,600821,5.83,5.78,5.86,5.73,18672,21784000.0,2.23,-0.69,-0.04,1.28
2001-06-12,600821,5.83,5.83,5.85,5.75,10139,11727000.0,1.73,0.87,0.05,0.7
2001-06-13,600821,5.84,5.92,5.96,5.83,16777,19825000.0,2.23,1.54,0.09,1.15
2001-06-14,600821,5.91,5.69,5.91,5.68,14949,17306000.0,3.89,-3.89,-0.23,1.03
2001-06-15,600821,5.69,5.73,5.74,5.61,11449,12997000.0,2.28,0.7,0.04,0.79
2001-06-18,600821,5.73,5.56,5.73,5.55,13539,15208000.0,3.14,-2.97,-0.17,0.93
2001-06-19,600821,5.55,5.64,5.64,5.55,6763,7579000.0,1.62,1.44,0.08,0.46
2001-06-20,600821,5.64,5.58,5.69,5.57,4012,4520000.0,2.13,-1.06,-0.06,0.28
2001-06-21,600821,5.58,5.64,5.64,5.58,5369,6033000.0,1.08,1.08,0.06,0.37
2001-06-22,600821,5.64,5.62,5.67,5.56,9470,10623000.0,1.95,-0.35,-0.02,0.65
2001-06-25,600821,5.63,5.69,5.69,5.58,11871,13398000.0,1.96,1.25,0.07,0.82
2001-06-26,600821,5.69,5.75,5.79,5.62,11082,12615000.0,2.99,1.05,0.06,0.76
2001-06-27,600821,5.75,5.83,5.9,5.69,14111,16420000.0,3.65,1.39,0.08,0.97
2001-06-28,600821,5.84,5.76,5.88,5.75,8250,9536000.0,2.23,-1.2,-0.07,0.57
2001-06-29,600821,5.75,5.79,5.85,5.75,11836,13742000.0,1.74,0.52,0.03,0.81
2001-07-02,600821,5.79,5.84,5.89,5.79,11206,13090000.0,1.73,0.86,0.05,0.77
2001-07-03,600821,5.85,5.97,6.01,5.85,49434,58703000.0,2.74,2.23,0.13,3.4
2001-07-04,600821,5.99,5.89,6.0,5.86,15271,18079000.0,2.35,-1.34,-0.08,1.05
2001-07-05,600821,5.89,5.7,5.91,5.69,11460,13250000.0,3.74,-3.23,-0.19,0.79
2001-07-06,600821,5.7,5.7,5.77,5.69,5419,6201000.0,1.4,0.0,0.0,0.37
2001-07-09,600821,5.91,5.75,5.91,5.7,4129,4743000.0,3.68,0.88,0.05,0.28
2001-07-10,600821,5.74,5.75,5.8,5.73,4006,4616000.0,1.22,0.0,0.0,0.28
2001-07-11,600821,5.75,5.64,5.77,5.64,5813,6610000.0,2.26,-1.91,-0.11,0.4
2001-07-12,600821,5.64,5.62,5.66,5.56,7183,8068000.0,1.77,-0.35,-0.02,0.49
2001-07-13,600821,5.64,5.59,5.69,5.58,5388,6059257.0,1.96,-0.53,-0.03,0.37
2001-07-16,600821,5.72,5.59,5.73,5.58,5232,5882000.0,2.68,0.0,0.0,0.36
2001-07-17,600821,5.58,5.57,5.63,5.53,5421,6058000.0,1.79,-0.36,-0.02,0.37
2001-07-18,600821,5.58,5.57,5.61,5.53,4697,5246000.0,1.44,0.0,0.0,0.32
2001-07-19,600821,5.55,5.55,5.61,5.53,5536,6165000.0,1.44,-0.36,-0.02,0.38
2001-07-20,600821,5.55,5.63,5.7,5.55,5988,6738000.0,2.7,1.44,0.08,0.41
2001-07-23,600821,5.64,5.7,5.71,5.61,6625,7510000.0,1.78,1.24,0.07,0.46
2001-07-24,600821,5.64,5.59,5.7,5.55,4986,5607000.0,2.63,-1.93,-0.11,0.34
2001-07-25,600821,5.55,5.48,5.58,5.45,7755,8603000.0,2.33,-1.97,-0.11,0.53
2001-07-26,600821,5.45,5.28,5.45,5.14,13752,14620000.0,5.66,-3.65,-0.2,0.94
2001-07-27,600821,5.27,5.11,5.27,5.1,9048,9455000.0,3.22,-3.22,-0.17,0.62
2001-07-30,600821,5.1,4.67,5.1,4.61,10800,10662000.0,9.59,-8.61,-0.44,0.74
2001-07-31,600821,4.57,4.52,4.91,4.44,11593,10960000.0,10.06,-3.21,-0.15,0.8
2001-08-01,600821,4.56,4.77,4.82,4.56,10244,9820000.0,5.75,5.53,0.25,0.7
2001-08-02,600821,4.82,4.76,4.84,4.6,6917,6636000.0,5.03,-0.21,-0.01,0.48
2001-08-03,600821,4.73,4.75,4.8,4.7,3716,3588000.0,2.1,-0.21,-0.01,0.26
2001-08-06,600821,4.75,4.47,4.75,4.44,7584,6993000.0,6.53,-5.89,-0.28,0.52
2001-08-07,600821,4.47,4.58,4.64,4.44,3978,3677000.0,4.47,2.46,0.11,0.27
2001-08-08,600821,4.58,4.56,4.59,4.49,3286,3043000.0,2.18,-0.44,-0.02,0.23
2001-08-09,600821,4.67,4.71,4.72,4.58,5093,4844000.0,3.07,3.29,0.15,0.35
2001-08-10,600821,4.67,4.8,4.83,4.67,7982,7740000.0,3.4,1.91,0.09,0.55
2001-08-13,600821,4.8,4.8,4.87,4.73,4160,4046000.0,2.92,0.0,0.0,0.29
2001-08-14,600821,4.8,4.7,4.82,4.63,5317,5100000.0,3.96,-2.08,-0.1,0.37
2001-08-15,600821,4.7,4.67,4.72,4.64,4633,4408000.0,1.7,-0.64,-0.03,0.32
2001-08-16,600821,4.67,4.66,4.71,4.65,3865,3680000.0,1.28,-0.21,-0.01,0.27
2001-08-17,600821,4.65,4.65,4.7,4.56,2886,2723000.0,3.0,-0.21,-0.01,0.2
2001-08-20,600821,4.61,4.69,4.69,4.6,3269,3081000.0,1.94,0.86,0.04,0.22
2001-08-21,600821,4.72,4.75,4.81,4.7,5794,5599000.0,2.35,1.28,0.06,0.4
2001-08-22,600821,4.75,4.67,4.75,4.61,3754,3562000.0,2.95,-1.68,-0.08,0.26
2001-08-23,600821,4.61,4.73,4.74,4.54,2971,2811000.0,4.28,1.28,0.06,0.2
2001-08-24,600821,4.71,4.75,4.78,4.71,8673,8387000.0,1.48,0.42,0.02,0.6
2001-08-27,600821,4.71,4.56,4.71,4.56,5173,4855000.0,3.16,-4.0,-0.19,0.36
2001-08-28,600821,4.56,4.6,4.6,4.47,4438,4102000.0,2.85,0.88,0.04,0.3
2001-08-29,600821,4.61,4.62,4.72,4.58,2555,2417000.0,3.04,0.43,0.02,0.18
2001-08-30,600821,4.61,4.55,4.61,4.53,2935,2725000.0,1.73,-1.52,-0.07,0.2
2001-08-31,600821,4.64,4.57,4.65,4.56,1654,1545000.0,1.98,0.44,0.02,0.11
2001-09-03,600821,4.56,4.49,4.56,4.48,2647,2431000.0,1.75,-1.75,-0.08,0.18
2001-09-04,600821,4.5,4.58,4.6,4.5,2668,2485000.0,2.23,2.0,0.09,0.18
2001-09-05,600821,4.64,4.59,4.68,4.58,2947,2785000.0,2.18,0.22,0.01,0.2
2001-09-06,600821,4.58,4.53,4.64,4.52,2816,2623000.0,2.61,-1.31,-0.06,0.19
2001-09-07,600821,4.53,4.13,4.53,4.13,11824,10561000.0,8.83,-8.83,-0.4,0.81
2001-09-10,600821,4.02,4.22,4.25,3.91,8482,7194000.0,8.23,2.18,0.09,0.58
2001-09-11,600821,4.22,4.26,4.33,4.15,4597,4010000.0,4.27,0.95,0.04,0.32
2001-09-12,600821,4.13,4.14,4.19,3.97,7443,6311000.0,5.16,-2.82,-0.12,0.51
2001-09-13,600821,4.18,4.14,4.19,4.13,2286,1953000.0,1.45,0.0,0.0,0.16
2001-09-14,600821,4.14,4.02,4.15,4.02,4741,3959000.0,3.14,-2.9,-0.12,0.33
2001-09-17,600821,4.01,3.8,4.01,3.8,9702,7788000.0,5.22,-5.47,-0.22,0.67
2001-09-18,600821,3.83,3.89,3.96,3.75,4043,3240000.0,5.53,2.37,0.09,0.28
2001-09-19,600821,3.89,3.91,3.94,3.81,3424,2745000.0,3.34,0.51,0.02,0.24
2001-09-20,600821,3.92,3.95,4.1,3.89,7303,6060000.0,5.37,1.02,0.04,0.5
2001-09-21,600821,3.94,3.91,3.96,3.9,2334,1897000.0,1.52,-1.01,-0.04,0.16
2001-09-24,600821,3.91,3.87,3.94,3.85,3238,2602000.0,2.3,-1.02,-0.04,0.22
2001-09-25,600821,3.91,3.87,3.93,3.87,1496,1206000.0,1.55,0.0,0.0,0.1
2001-09-27,600821,3.86,3.77,3.88,3.65,4455,3480000.0,5.94,-2.58,-0.1,0.31
2001-09-28,600821,3.75,3.8,3.84,3.75,2221,1748000.0,2.39,0.8,0.03,0.15
2001-10-08,600821,3.83,3.67,3.85,3.64,3138,2424000.0,5.53,-3.42,-0.13,0.22
2001-10-09,600821,3.72,3.74,3.78,3.64,2495,1923000.0,3.81,1.91,0.07,0.17
2001-10-10,600821,3.74,3.68,3.74,3.63,4606,3520000.0,2.94,-1.6,-0.06,0.32
2001-10-11,600821,3.77,4.05,4.09,3.7,67485,56084000.0,10.6,10.05,0.37,4.64
2001-10-12,600821,3.97,4.18,4.25,3.95,56529,47971000.0,7.41,3.21,0.13,3.88
2001-10-15,600821,4.22,4.23,4.27,4.11,31854,27419000.0,3.83,1.2,0.05,2.19
2001-10-16,600821,4.23,4.16,4.23,4.11,13494,11560000.0,2.84,-1.65,-0.07,0.93
2001-10-17,600821,4.17,4.14,4.29,4.04,14515,12507000.0,6.01,-0.48,-0.02,1.0
2001-10-18,600821,4.13,4.17,4.2,4.07,9473,8084000.0,3.14,0.72,0.03,0.65
2001-10-19,600821,4.1,4.02,4.18,3.95,17964,15070000.0,5.52,-3.6,-0.15,1.23
2001-10-22,600821,4.0,4.0,4.13,3.94,11420,9507000.0,4.73,-0.5,-0.02,0.78
2001-10-23,600821,4.4,4.44,4.44,4.24,51139,45852000.0,5.0,11.0,0.44,3.51
2001-10-24,600821,4.57,4.41,4.58,4.3,57478,52559000.0,6.31,-0.68,-0.03,3.95
2001-10-25,600821,4.4,4.24,4.4,4.23,18033,15967000.0,3.85,-3.85,-0.17,1.24
2001-10-26,600821,4.24,4.38,4.4,4.19,13936,12290000.0,4.95,3.3,0.14,0.96
2001-10-29,600821,4.38,4.41,4.49,4.38,12348,11183000.0,2.51,0.68,0.03,0.85
2001-10-30,600821,4.41,4.33,4.44,4.31,7923,7064000.0,2.95,-1.81,-0.08,0.54
2001-10-31,600821,4.29,4.45,4.45,4.27,6625,5923000.0,4.16,2.77,0.12,0.46
2001-11-01,600821,4.48,4.48,4.53,4.4,11906,10900000.0,2.92,0.67,0.03,0.82
2001-11-02,600821,4.45,4.35,4.45,4.33,9518,8534000.0,2.68,-2.9,-0.13,0.65
2001-11-05,600821,4.28,4.34,4.44,4.28,5724,5116000.0,3.68,-0.23,-0.01,0.39
2001-11-06,600821,4.34,4.27,4.37,4.26,4084,3620000.0,2.53,-1.61,-0.07,0.28
2001-11-07,600821,4.26,3.88,4.31,3.81,16528,13745000.0,11.71,-9.13,-0.39,1.14
2001-11-08,600821,3.79,3.93,3.95,3.75,12228,9808000.0,5.15,1.29,0.05,0.84
2001-11-09,600821,3.94,3.94,4.04,3.79,8647,7025000.0,6.36,0.25,0.01,0.59
2001-11-12,600821,3.95,3.95,4.07,3.94,5529,4563000.0,3.3,0.25,0.01,0.38
2001-11-13,600821,3.85,3.87,3.94,3.78,4483,3600000.0,4.05,-2.03,-0.08,0.31
2001-11-14,600821,3.87,3.88,3.94,3.85,2408,1949000.0,2.33,0.26,0.01,0.17
2001-11-15,600821,3.91,3.88,3.94,3.84,2393,1921000.0,2.58,0.0,0.0,0.16
2001-11-16,600821,4.28,3.92,4.29,3.85,13720,11473000.0,11.34,1.03,0.04,0.94
2001-11-19,600821,3.91,4.0,4.01,3.91,13721,11473051.0,2.55,2.04,0.08,0.94
2001-11-20,600821,4.05,4.09,4.11,4.0,3983,3274932.0,2.75,2.25,0.09,0.27
2001-11-21,600821,4.1,4.23,4.24,4.03,9459,8031173.0,5.13,3.42,0.14,0.65
2001-11-22,600821,4.28,4.23,4.28,4.18,8808,7637000.0,2.36,0.0,0.0,0.61
2001-11-23,600821,4.23,4.23,4.26,4.15,11223,9722000.0,2.6,0.0,0.0,0.77
2001-11-26,600821,4.23,4.26,4.3,4.22,14704,12861000.0,1.89,0.71,0.03,1.01
2001-11-27,600821,4.26,4.28,4.29,4.22,7386,6450000.0,1.64,0.47,0.02,0.51
2001-11-28,600821,4.29,4.29,4.31,4.24,12417,10904000.0,1.64,0.23,0.01,0.85
2001-11-29,600821,4.29,4.22,4.3,4.2,10257,8917000.0,2.33,-1.63,-0.07,0.7
2001-11-30,600821,4.21,4.28,4.29,4.2,6062,5291000.0,2.13,1.42,0.06,0.42
2001-12-03,600821,4.27,4.29,4.33,4.27,8205,7241000.0,1.4,0.23,0.01,0.56
2001-12-04,600821,4.29,4.36,4.43,4.29,12084,10821000.0,3.26,1.63,0.07,0.83
2001-12-05,600821,4.33,4.2,4.35,4.2,9577,8403131.0,3.44,-3.67,-0.16,0.66
2001-12-06,600821,4.2,4.23,4.27,4.19,5571,4828710.0,1.9,0.71,0.03,0.38
2001-12-07,600821,4.23,4.24,4.31,4.23,5044,4408742.0,1.89,0.24,0.01,0.35
2001-12-10,600821,4.25,4.37,4.37,4.24,7681,6797156.0,3.07,3.07,0.13,0.53
2001-12-11,600821,4.31,4.3,4.41,4.29,7496,6686486.0,2.75,-1.6,-0.07,0.51
2001-12-12,600821,4.26,4.18,4.29,4.17,6128,5317427.0,2.79,-2.79,-0.12,0.42
2001-12-13,600821,4.18,4.05,4.26,4.04,6903,5867751.0,5.26,-3.11,-0.13,0.47
2001-12-14,600821,4.02,4.0,4.09,4.0,5370,4457290.0,2.22,-1.23,-0.05,0.37
2001-12-17,600821,4.0,3.97,4.02,3.95,2512,2068354.0,1.75,-0.75,-0.03,0.17
2001-12-18,600821,4.07,4.04,4.07,3.98,2697,2237824.0,2.27,1.76,0.07,0.19
2001-12-19,600821,4.07,3.98,4.07,3.96,2511,2083411.0,2.72,-1.49,-0.06,0.17
2001-12-20,600821,3.96,3.86,3.96,3.85,5594,4506976.0,2.76,-3.02,-0.12,0.38
2001-12-21,600821,3.85,3.9,3.91,3.84,2648,2133232.0,1.81,1.04,0.04,0.18
2001-12-24,600821,3.89,3.78,3.91,3.78,3577,2842663.0,3.33,-3.08,-0.12,0.25
2001-12-25,600821,3.68,3.45,3.68,3.37,11865,8643085.0,8.2,-8.73,-0.33,0.81
2001-12-26,600821,3.43,3.5,3.53,3.31,9927,7133388.0,6.38,1.45,0.05,0.68
2001-12-27,600821,3.51,3.41,3.55,3.4,7959,5781413.0,4.29,-2.57,-0.09,0.55
2001-12-28,600821,3.4,3.4,3.41,3.37,6295,4487984.0,1.17,-0.29,-0.01,0.43
2001-12-31,600821,3.45,3.47,3.48,3.41,3450,2495826.0,2.06,2.06,0.07,0.24
2002-01-04,600821,3.45,3.37,3.46,3.36,3968,2838231.0,2.88,-2.88,-0.1,0.27
2002-01-07,600821,3.35,3.26,3.35,3.22,4459,3087778.0,3.86,-3.26,-0.11,0.31
2002-01-08,600821,3.26,3.21,3.31,3.21,3775,2589968.0,3.07,-1.53,-0.05,0.26
2002-01-09,600821,3.21,3.07,3.23,3.04,6006,3973591.0,5.92,-4.36,-0.14,0.41
2002-01-10,600821,3.04,3.11,3.14,2.96,7351,4744694.0,5.86,1.3,0.04,0.5
2002-01-11,600821,3.11,2.98,3.11,2.98,3917,2524984.0,4.18,-4.18,-0.13,0.27
2002-01-14,600821,2.88,2.75,2.88,2.75,8123,4945132.0,4.36,-7.72,-0.23,0.56
2002-01-15,600821,2.44,2.5,2.67,2.43,18991,10582618.0,8.73,-9.09,-0.25,1.3
2002-01-16,600821,2.5,2.61,2.62,2.5,11191,6311227.0,4.8,4.4,0.11,0.77
2002-01-17,600821,2.61,2.35,2.61,2.31,12300,6666651.0,11.49,-9.96,-0.26,0.84
2002-01-18,600821,2.33,2.4,2.47,2.27,16602,8787960.0,8.51,2.13,0.05,1.14
2002-01-21,600821,2.38,2.15,2.38,2.11,15650,7704916.0,11.25,-10.42,-0.25,1.07
2002-01-22,600821,2.08,2.09,2.23,2.02,11401,5502826.0,9.77,-2.79,-0.06,0.78
2002-01-23,600821,2.05,2.34,2.34,2.02,17927,8884641.0,15.31,11.96,0.25,1.23
2002-01-24,600821,2.31,2.43,2.55,2.21,28326,15161321.0,14.53,3.85,0.09,1.95
2002-01-25,600821,2.34,2.53,2.56,2.34,17538,9508822.0,9.05,4.12,0.1,1.2
2002-01-28,600821,2.54,2.23,2.54,2.23,21933,11376519.0,12.25,-11.86,-0.3,1.51
2002-01-29,600821,2.18,2.36,2.4,2.13,15387,7929367.0,12.11,5.83,0.13,1.06
2002-01-30,600821,2.34,2.51,2.59,2.33,27574,15112607.0,11.02,6.36,0.15,1.89
2002-01-31,600821,2.56,2.76,2.77,2.51,42679,24839444.0,10.36,9.96,0.25,2.93
2002-02-01,600821,2.76,2.71,2.79,2.67,26509,15672033.0,4.35,-1.81,-0.05,1.82
2002-02-04,600821,2.71,2.83,2.87,2.68,17155,10335352.0,7.01,4.43,0.12,1.18
2002-02-05,600821,2.86,2.82,2.88,2.76,26639,16180288.0,4.24,-0.35,-0.01,1.83
2002-02-06,600821,2.81,2.65,2.82,2.64,20228,11843900.0,6.38,-6.03,-0.17,1.39
2002-02-07,600821,2.64,2.74,2.77,2.62,13302,7817065.0,5.66,3.4,0.09,0.91
2002-02-08,600821,2.75,2.69,2.78,2.69,9391,5565311.0,3.28,-1.82,-0.05,0.65
2002-02-25,600821,2.77,2.79,2.81,2.72,10275,6155640.0,3.35,3.72,0.1,0.71
2002-02-26,600821,2.79,2.98,2.98,2.76,25302,15706340.0,7.89,6.81,0.19,1.74
2002-02-27,600821,2.98,2.96,3.01,2.94,18080,11494779.0,2.35,-0.67,-0.02,1.24
2002-02-28,600821,2.96,2.87,2.96,2.85,14139,8819873.0,3.72,-3.04,-0.09,0.97
2002-03-01,600821,2.85,2.76,2.87,2.75,12731,7720691.0,4.18,-3.83,-0.11,0.87
2002-03-04,600821,2.76,2.85,2.86,2.72,6027,3649955.0,5.07,3.26,0.09,0.41
2002-03-05,600821,2.88,2.94,2.98,2.85,15838,9945133.0,4.56,3.16,0.09,1.09
2002-03-06,600821,2.95,2.97,3.09,2.94,33930,21866241.0,5.1,1.02,0.03,2.33
2002-03-07,600821,2.98,3.17,3.17,2.98,36891,24246876.0,6.4,6.73,0.2,2.53
2002-03-08,600821,3.21,3.23,3.24,3.1,47971,32373089.0,4.42,1.89,0.06,3.3
2002-03-11,600821,3.29,3.42,3.48,3.25,40066,28511236.0,7.12,5.88,0.19,2.75
2002-03-12,600821,3.42,3.47,3.59,3.29,57692,41865630.0,8.77,1.46,0.05,3.96
2002-03-13,600821,3.48,3.42,3.67,3.4,64256,47703295.0,7.78,-1.44,-0.05,4.41
2002-03-14,600821,3.42,3.5,3.52,3.31,33250,23802175.0,6.14,2.34,0.08,2.28
2002-03-15,600821,3.53,3.31,3.57,3.3,27979,20076743.0,7.71,-5.43,-0.19,1.92
2002-03-18,600821,3.36,3.28,3.42,3.22,16369,11409758.0,6.04,-0.91,-0.03,1.12
2002-03-19,600821,3.29,3.38,3.38,3.25,15761,11011610.0,3.96,3.05,0.1,1.08
2002-03-20,600821,3.39,3.4,3.42,3.32,18550,13192291.0,2.96,0.59,0.02,1.27
2002-03-21,600821,3.43,3.4,3.44,3.36,15866,11334924.0,2.35,0.0,0.0,1.09
2002-03-22,600821,3.44,3.31,3.45,3.3,14673,10366993.0,4.41,-2.65,-0.09,1.01
2002-03-25,600821,3.39,3.36,3.39,3.31,7804,5505506.0,2.42,1.51,0.05,0.54
2002-03-26,600821,3.38,3.27,3.38,3.24,8428,5864956.0,4.17,-2.68,-0.09,0.58
2002-03-27,600821,3.31,3.3,3.31,3.24,6536,4522183.0,2.14,0.92,0.03,0.45
2002-03-28,600821,3.34,3.37,3.41,3.28,14229,10133114.0,3.94,2.12,0.07,0.98
2002-03-29,600821,3.4,3.18,3.4,3.18,13243,9119090.0,6.53,-5.64,-0.19,0.91
2002-04-01,600821,3.23,3.22,3.23,3.13,8787,5939143.0,3.14,1.26,0.04,0.6
2002-04-02,600821,3.21,3.04,3.23,3.01,14046,9207878.0,6.83,-5.59,-0.18,0.96
2002-04-03,600821,3.03,3.02,3.08,2.97,11367,7354822.0,3.62,-0.66,-0.02,0.78
2002-04-04,600821,3.02,3.16,3.17,2.95,10754,7057521.0,7.28,4.64,0.14,0.74
2002-04-05,600821,3.17,3.17,3.24,3.13,11227,7581940.0,3.48,0.32,0.01,0.77
2002-04-08,600821,3.15,3.15,3.18,3.11,4045,2706132.0,2.21,-0.63,-0.02,0.28
2002-04-09,600821,3.15,3.41,3.5,3.15,33905,24001579.0,11.11,8.25,0.26,2.33
2002-04-10,600821,3.41,3.37,3.43,3.35,16607,11830747.0,2.35,-1.17,-0.04,1.14
2002-04-11,600821,3.37,3.28,3.43,3.27,16253,11561260.0,4.75,-2.67,-0.09,1.12
2002-04-12,600821,3.3,3.31,3.37,3.27,7308,5125979.0,3.05,0.91,0.03,0.5
2002-04-15,600821,3.31,3.28,3.35,3.23,7657,5283983.0,3.63,-0.91,-0.03,0.53
2002-04-16,600821,3.26,3.21,3.3,3.18,8161,5583214.0,3.66,-2.13,-0.07,0.56
2002-04-17,600821,3.23,3.26,3.3,3.18,6029,4124595.0,3.74,1.56,0.05,0.41
2002-04-18,600821,3.26,3.17,3.29,3.15,7089,4813926.0,4.29,-2.76,-0.09,0.49
2002-04-19,600821,3.15,3.24,3.25,3.1,9008,6048739.0,4.73,2.21,0.07,0.62
2002-04-22,600821,3.23,3.28,3.33,3.16,8159,5654764.0,5.25,1.23,0.04,0.56
2002-04-23,600821,3.26,3.27,3.31,3.25,5532,3838233.0,1.83,-0.3,-0.01,0.38
2002-04-24,600821,3.26,3.16,3.26,3.16,5705,3876262.0,3.06,-3.36,-0.11,0.39
2002-04-25,600821,3.14,3.18,3.22,3.14,4011,2708319.0,2.53,0.63,0.02,0.28
2002-04-26,600821,3.31,3.28,3.35,3.25,5869,4074428.0,3.14,3.14,0.1,0.4
2002-04-29,600821,3.3,3.35,3.37,3.28,12763,8984760.0,2.74,2.13,0.07,0.88
2002-04-30,600821,3.35,3.35,3.37,3.31,9805,6900782.0,1.79,0.0,0.0,0.67
2002-05-08,600821,3.31,3.35,3.39,3.31,6470,4577999.0,2.39,0.0,0.0,0.44
2002-05-09,600821,3.33,3.4,3.4,3.33,10186,7259431.0,2.09,1.49,0.05,0.7
2002-05-10,600821,3.4,3.33,3.4,3.33,7517,5332636.0,2.06,-2.06,-0.07,0.52
2002-05-13,600821,3.29,3.25,3.3,3.23,7220,4981756.0,2.1,-2.4,-0.08,0.5
2002-05-14,600821,3.24,3.25,3.29,3.24,3197,2206150.0,1.54,0.0,0.0,0.22
2002-05-15,600821,3.23,3.2,3.28,3.18,4620,3144241.0,3.08,-1.54,-0.05,0.32
2002-05-16,600821,3.15,3.03,3.18,3.02,10404,6865032.0,5.0,-5.31,-0.17,0.71
2002-05-17,600821,3.02,3.1,3.14,3.02,7666,5010719.0,3.96,2.31,0.07,0.53
2002-05-21,600821,3.11,3.23,3.26,3.11,10679,7258946.0,4.84,4.19,0.13,0.73
2002-05-22,600821,3.23,3.14,3.24,3.12,4273,2877575.0,3.72,-2.79,-0.09,0.29
2002-05-23,600821,3.14,3.16,3.23,3.14,3624,2444570.0,2.87,0.64,0.02,0.25
2002-05-24,600821,3.17,3.08,3.21,3.03,6211,4070129.0,5.7,-2.53,-0.08,0.43
2002-05-27,600821,3.09,3.11,3.17,3.08,2289,1510667.0,2.92,0.97,0.03,0.16
2002-05-28,600821,3.13,3.11,3.16,3.1,2110,1407204.0,1.93,0.0,0.0,0.14
2002-05-29,600821,3.1,3.02,3.1,2.99,5628,3645074.0,3.54,-2.89,-0.09,0.39
2002-05-30,600821,3.01,2.99,3.04,2.94,4552,2902439.0,3.31,-0.99,-0.03,0.31
2002-05-31,600821,2.98,2.96,3.02,2.95,2864,1824598.0,2.34,-1.0,-0.03,0.2
2002-06-03,600821,2.92,2.88,2.92,2.84,5822,3592904.0,2.7,-2.7,-0.08,0.4
2002-06-04,600821,2.88,2.89,2.91,2.84,5470,3394745.0,2.43,0.35,0.01,0.38
2002-06-05,600821,2.85,2.78,2.87,2.77,4705,2844398.0,3.46,-3.81,-0.11,0.32
2002-06-06,600821,2.75,2.95,3.07,2.71,7699,4761728.0,12.95,6.12,0.17,0.53
2002-06-07,600821,2.93,2.96,3.02,2.89,7800,4961211.0,4.41,0.34,0.01,0.54
2002-06-10,600821,2.89,2.96,2.97,2.89,3887,2440352.0,2.7,0.0,0.0,0.27
2002-06-11,600821,2.95,3.05,3.1,2.83,11884,7701949.0,9.12,3.04,0.09,0.82
2002-06-12,600821,3.0,3.03,3.04,2.97,4691,3015966.0,2.3,-0.66,-0.02,0.32
2002-06-13,600821,3.03,3.03,3.08,2.98,5799,3760930.0,3.3,0.0,0.0,0.4
2002-06-14,600821,3.0,2.91,3.01,2.9,4812,3045077.0,3.63,-3.96,-0.12,0.33
2002-06-17,600821,2.88,2.94,2.97,2.88,3953,2490689.0,3.09,1.03,0.03,0.27
2002-06-18,600821,2.98,3.04,3.09,2.94,10328,6721464.0,5.1,3.4,0.1,0.71
2002-06-19,600821,3.05,2.96,3.05,2.95,4419,2826044.0,3.29,-2.63,-0.08,0.3
2002-06-20,600821,3.04,2.98,3.04,2.97,4517,2911048.0,2.36,0.68,0.02,0.31
2002-06-21,600821,2.99,3.2,3.21,2.99,24754,16471371.0,7.38,7.38,0.22,1.7
2002-06-24,600821,3.57,3.57,3.57,3.43,90975,67542889.0,4.38,11.56,0.37,6.25
2002-06-25,600821,3.65,3.67,3.84,3.58,90161,70079087.0,7.28,2.8,0.1,6.19
2002-06-26,600821,3.62,3.75,3.78,3.58,40014,30925497.0,5.45,2.18,0.08,2.75
2002-06-27,600821,3.79,3.88,4.01,3.75,73312,59398000.0,6.93,3.47,0.13,5.04
2002-06-28,600821,3.89,3.9,3.98,3.8,55911,45041246.0,4.64,0.52,0.02,3.84
2002-07-01,600821,3.9,3.76,3.93,3.7,21239,16770319.0,5.9,-3.59,-0.14,1.46
2002-07-02,600821,3.75,3.83,3.85,3.73,16068,12711965.0,3.19,1.86,0.07,1.1
2002-07-03,600821,3.89,3.89,3.91,3.79,13740,10974427.0,3.13,1.57,0.06,0.94
2002-07-04,600821,3.87,3.84,3.9,3.84,21285,17060843.0,1.54,-1.29,-0.05,1.46
2002-07-05,600821,3.84,4.04,4.06,3.8,65426,53400866.0,6.77,5.21,0.2,4.49
2002-07-08,600821,4.04,4.06,4.09,3.99,46998,39182712.0,2.48,0.5,0.02,3.23
2002-07-09,600821,3.93,3.86,3.96,3.81,70192,56495332.0,3.69,-4.93,-0.2,4.82
2002-07-10,600821,3.85,3.8,3.85,3.78,27339,21626226.0,1.81,-1.55,-0.06,1.88
2002-07-11,600821,3.77,3.73,3.82,3.64,24926,19354218.0,4.74,-1.84,-0.07,1.71
2002-07-12,600821,3.72,3.75,3.78,3.71,12278,9590725.0,1.88,0.54,0.02,0.84
2002-07-15,600821,3.75,3.64,3.75,3.64,12447,9506489.0,2.93,-2.93,-0.11,0.85
2002-07-16,600821,3.64,3.64,3.71,3.62,9523,7280053.0,2.47,0.0,0.0,0.65
2002-07-17,600821,3.64,3.73,3.74,3.63,6796,5204693.0,3.02,2.47,0.09,0.47
2002-07-18,600821,3.73,3.73,3.76,3.69,7956,6177947.0,1.88,0.0,0.0,0.55
2002-07-19,600821,3.78,3.74,3.78,3.71,4981,3879065.0,1.88,0.27,0.01,0.34
2002-07-22,600821,3.72,3.64,3.73,3.63,8826,6752407.0,2.67,-2.67,-0.1,0.61
2002-07-23,600821,3.62,3.62,3.67,3.6,6009,4558222.0,1.92,-0.55,-0.02,0.41
2002-07-24,600821,3.62,3.63,3.65,3.61,4255,3226546.0,1.1,0.28,0.01,0.29
2002-07-25,600821,3.65,3.58,3.67,3.58,5327,4017556.0,2.48,-1.38,-0.05,0.37
2002-07-26,600821,3.58,3.53,3.6,3.52,6145,4559435.0,2.23,-1.4,-0.05,0.42
2002-07-29,600821,3.51,3.51,3.52,3.45,6183,4514710.0,1.98,-0.57,-0.02,0.42
2002-07-30,600821,3.51,3.53,3.56,3.45,6337,4657918.0,3.13,0.57,0.02,0.44
2002-07-31,600821,3.51,3.48,3.53,3.47,3272,2401844.0,1.7,-1.42,-0.05,0.22
2002-08-01,600821,3.47,3.48,3.49,3.43,4635,3368084.0,1.72,0.0,0.0,0.32
2002-08-02,600821,3.47,3.54,3.54,3.47,2818,2078844.0,2.01,1.72,0.06,0.19
2002-08-05,600821,3.53,3.51,3.53,3.5,1831,1347000.0,0.85,-0.85,-0.03,0.13
2002-08-06,600821,3.48,3.57,3.62,3.48,4242,3169270.0,3.99,1.71,0.06,0.29
2002-08-07,600821,3.57,3.56,3.57,3.54,1823,1354234.0,0.84,-0.28,-0.01,0.13
2002-08-08,600821,3.56,3.49,3.6,3.48,2824,2086336.0,3.37,-1.97,-0.07,0.19
2002-08-09,600821,3.48,3.45,3.5,3.44,4569,3321083.0,1.72,-1.15,-0.04,0.31
2002-08-12,600821,3.45,3.48,3.5,3.4,3638,2642269.0,2.9,0.87,0.03,0.25
2002-08-13,600821,3.47,3.48,3.52,3.45,1674,1226146.0,2.01,0.0,0.0,0.12
2002-08-14,600821,3.48,3.53,3.53,3.47,1755,1287067.0,1.72,1.44,0.05,0.12
2002-08-15,600821,3.5,3.5,3.57,3.5,2493,1850066.0,1.98,-0.85,-0.03,0.17
2002-08-16,600821,3.5,3.53,3.57,3.47,2857,2111093.0,2.86,0.86,0.03,0.2
2002-08-19,600821,3.53,3.54,3.56,3.52,2595,1927049.0,1.13,0.28,0.01,0.18
2002-08-20,600821,3.54,3.59,3.61,3.54,4282,3210002.0,1.98,1.41,0.05,0.29
2002-08-21,600821,3.57,3.55,3.59,3.55,4009,2991870.0,1.11,-1.11,-0.04,0.28
2002-08-22,600821,3.54,3.58,3.61,3.54,4538,3397896.0,1.97,0.85,0.03,0.31
2002-08-23,600821,3.67,3.64,3.74,3.63,17325,13326177.0,3.07,1.68,0.06,1.19
2002-08-26,600821,3.64,3.58,3.65,3.57,5609,4219477.0,2.2,-1.65,-0.06,0.39
2002-08-27,600821,3.56,3.56,3.6,3.53,6767,5045841.0,1.96,-0.56,-0.02,0.46
2002-08-28,600821,3.58,3.6,3.63,3.56,3304,2489000.0,1.97,1.12,0.04,0.23
2002-08-29,600821,3.64,3.69,3.78,3.64,24153,18731494.0,3.89,2.5,0.09,1.66
2002-08-30,600821,3.69,3.67,3.73,3.65,6765,5201634.0,2.17,-0.54,-0.02,0.46
2002-09-02,600821,3.69,3.81,3.81,3.67,22592,17711365.0,3.81,3.81,0.14,1.55
2002-09-03,600821,3.81,3.82,3.83,3.78,14414,11385847.0,1.31,0.26,0.01,0.99
2002-09-04,600821,3.83,3.77,3.83,3.75,13067,10260660.0,2.09,-1.31,-0.05,0.9
2002-09-05,600821,3.76,3.67,3.76,3.65,11838,9112516.0,2.92,-2.65,-0.1,0.81
2002-09-06,600821,3.64,3.67,3.7,3.61,7374,5626378.0,2.45,0.0,0.0,0.51
2002-09-09,600821,3.64,3.7,3.71,3.61,5953,4564581.0,2.72,0.82,0.03,0.41
2002-09-10,600821,3.72,3.68,3.73,3.64,5175,3972038.0,2.43,-0.54,-0.02,0.36
2002-09-11,600821,3.67,3.58,3.68,3.52,8858,6635601.0,4.35,-2.72,-0.1,0.61
2002-09-12,600821,3.63,3.59,3.63,3.55,2871,2151271.0,2.23,0.28,0.01,0.2
2002-09-13,600821,3.56,3.62,3.66,3.56,4020,3039755.0,2.79,0.84,0.03,0.28
2002-09-16,600821,3.57,3.51,3.6,3.5,4785,3539301.0,2.76,-3.04,-0.11,0.33
2002-09-17,600821,3.52,3.48,3.56,3.43,5136,3753763.0,3.7,-0.85,-0.03,0.35
2002-09-18,600821,3.47,3.47,3.52,3.46,2223,1622726.0,1.72,-0.29,-0.01,0.15
2002-09-19,600821,3.45,3.59,3.61,3.45,4559,3369528.0,4.61,3.46,0.12,0.31
2002-09-20,600821,3.59,3.56,3.59,3.5,3627,2695863.0,2.51,-0.84,-0.03,0.25
2002-09-23,600821,3.51,3.56,3.58,3.51,1508,1120698.0,1.97,0.0,0.0,0.1
2002-09-24,600821,3.57,3.53,3.58,3.5,1959,1453218.0,2.25,-0.84,-0.03,0.13
2002-09-25,600821,3.52,3.5,3.56,3.49,2692,1987668.0,1.98,-0.85,-0.03,0.18
2002-09-26,600821,3.52,3.5,3.58,3.5,3242,2395801.0,2.29,0.0,0.0,0.22
2002-09-27,600821,3.49,3.51,3.64,3.49,4010,2972498.0,4.29,0.29,0.01,0.28
2002-10-08,600821,3.47,3.48,3.55,3.47,2831,2077086.0,2.28,-0.85,-0.03,0.19
2002-10-09,600821,3.49,3.2,3.49,3.18,7244,5084048.0,8.91,-8.05,-0.28,0.5
2002-10-10,600821,3.2,3.21,3.25,3.18,3924,2675537.0,2.19,0.31,0.01,0.27
2002-10-11,600821,3.22,3.19,3.27,3.18,2089,1427234.0,2.8,-0.62,-0.02,0.14
2002-10-14,600821,3.18,3.2,3.21,3.1,3205,2151594.0,3.45,0.31,0.01,0.22
2002-10-15,600821,3.04,3.02,3.13,2.99,11682,7594765.0,4.38,-5.63,-0.18,0.8
2002-10-16,600821,3.02,3.09,3.11,3.02,6423,4216172.0,2.98,2.32,0.07,0.44
2002-10-17,600821,3.11,3.03,3.11,3.02,2610,1694820.0,2.91,-1.94,-0.06,0.18
2002-10-18,600821,3.02,3.04,3.04,2.94,3198,2055840.0,3.3,0.33,0.01,0.22
2002-10-21,600821,3.05,3.04,3.05,2.99,1527,984749.0,1.97,0.0,0.0,0.1
2002-10-22,600821,3.04,3.13,3.13,3.04,7918,5218689.0,2.96,2.96,0.09,0.54
2002-10-23,600821,3.13,3.1,3.14,3.07,4518,2989617.0,2.24,-0.96,-0.03,0.31
2002-10-24,600821,3.09,3.08,3.13,3.08,2428,1601099.0,1.61,-0.65,-0.02,0.17
2002-10-25,600821,3.08,2.99,3.12,2.97,3246,2106505.0,4.87,-2.92,-0.09,0.22
2002-10-28,600821,2.96,2.99,3.04,2.95,3230,2072960.0,3.01,0.0,0.0,0.22
2002-10-29,600821,2.94,3.0,3.02,2.94,2302,1462422.0,2.68,0.33,0.01,0.16
2002-10-30,600821,2.99,3.0,3.02,2.96,1992,1274520.0,2.0,0.0,0.0,0.14
2002-10-31,600821,3.0,2.98,3.04,2.97,1534,987494.0,2.33,-0.67,-0.02,0.11
2002-11-01,600821,2.98,3.01,3.02,2.94,1623,1037541.0,2.68,1.01,0.03,0.11
2002-11-04,600821,3.04,3.09,3.1,3.03,2707,1772667.0,2.33,2.66,0.08,0.19
2002-11-05,600821,3.1,3.14,3.16,3.1,7255,4845776.0,1.94,1.62,0.05,0.5
2002-11-06,600821,3.15,3.11,3.15,3.1,3149,2093120.0,1.59,-0.96,-0.03,0.22
2002-11-07,600821,3.11,3.15,3.17,3.11,2488,1659157.0,1.93,1.29,0.04,0.17
2002-11-08,600821,3.15,3.01,3.2,2.98,5718,3737481.0,6.98,-4.44,-0.14,0.39
2002-11-11,600821,3.01,2.93,3.03,2.88,3497,2199593.0,4.98,-2.66,-0.08,0.24
2002-11-12,600821,2.91,2.8,2.94,2.77,6655,4062844.0,5.8,-4.44,-0.13,0.46
2002-11-13,600821,2.81,2.77,2.82,2.7,6715,3997878.0,4.29,-1.07,-0.03,0.46
2002-11-14,600821,2.8,2.67,2.8,2.67,5444,3200237.0,4.69,-3.61,-0.1,0.37
2002-11-15,600821,2.64,2.67,2.77,2.62,5042,2949225.0,5.62,0.0,0.0,0.35
2002-11-18,600821,2.67,2.6,2.71,2.56,4095,2332378.0,5.62,-2.62,-0.07,0.28
2002-11-19,600821,2.6,2.64,2.67,2.57,2440,1393079.0,3.85,1.54,0.04,0.17
2002-11-20,600821,2.56,2.55,2.62,2.53,4143,2331734.0,3.41,-3.41,-0.09,0.28
2002-11-21,600821,2.55,2.37,2.56,2.36,4417,2393105.0,7.84,-7.06,-0.18,0.3
2002-11-22,600821,2.37,2.39,2.48,2.29,7274,3834994.0,8.02,0.84,0.02,0.5
2002-11-25,600821,2.37,2.43,2.46,2.34,4022,2136883.0,5.02,1.67,0.04,0.28
2002-11-26,600821,2.43,2.35,2.48,2.33,4709,2513584.0,6.17,-3.29,-0.08,0.32
2002-11-27,600821,2.34,2.44,2.48,2.33,4636,2465831.0,6.38,3.83,0.09,0.32
2002-11-28,600821,2.44,2.59,2.61,2.41,7169,3945802.0,8.2,6.15,0.15,0.49
2002-11-29,600821,2.6,2.61,2.67,2.54,11663,6655943.0,5.02,0.77,0.02,0.8
2002-12-02,600821,2.56,2.48,2.59,2.48,5842,3246678.0,4.21,-4.98,-0.13,0.4
2002-12-03,600821,2.45,2.54,2.54,2.45,2236,1231432.0,3.63,2.42,0.06,0.15
2002-12-04,600821,2.55,2.54,2.6,2.53,3940,2212584.0,2.76,0.0,0.0,0.27
2002-12-05,600821,2.54,2.49,2.54,2.46,3279,1795845.0,3.15,-1.97,-0.05,0.23
2002-12-06,600821,2.49,2.47,2.53,2.44,2898,1578018.0,3.61,-0.8,-0.02,0.2
2002-12-09,600821,2.48,2.49,2.5,2.45,2367,1290284.0,2.02,0.81,0.02,0.16
2002-12-10,600821,2.49,2.53,2.56,2.49,9762,5420535.0,2.81,1.61,0.04,0.67
2002-12-11,600821,2.5,2.48,2.5,2.42,4056,2202603.0,3.16,-1.98,-0.05,0.28
2002-12-12,600821,2.48,2.49,2.54,2.45,2638,1450584.0,3.63,0.4,0.01,0.18
2002-12-13,600821,2.45,2.55,2.59,2.43,3950,2183408.0,6.43,2.41,0.06,0.27
2002-12-16,600821,2.55,2.59,2.6,2.51,5083,2857858.0,3.53,1.57,0.04,0.35
2002-12-17,600821,2.56,2.6,2.63,2.55,4171,2360189.0,3.09,0.39,0.01,0.29
2002-12-18,600821,2.56,2.56,2.61,2.55,4497,2537980.0,2.31,-1.54,-0.04,0.31
2002-12-19,600821,2.55,2.56,2.57,2.53,3669,2047012.0,1.56,0.0,0.0,0.25
2002-12-20,600821,2.61,2.63,2.64,2.56,6191,3529230.0,3.13,2.73,0.07,0.43
2002-12-23,600821,2.65,2.64,2.69,2.64,9114,5283316.0,1.9,0.38,0.01,0.63
2002-12-24,600821,2.64,2.71,2.72,2.58,7077,4089354.0,5.3,2.65,0.07,0.49
2002-12-25,600821,2.71,2.71,2.76,2.7,10334,6103019.0,2.21,0.0,0.0,0.71
2002-12-26,600821,2.71,2.51,2.71,2.5,14296,8097384.0,7.75,-7.38,-0.2,0.98
2002-12-27,600821,2.48,2.52,2.55,2.45,5788,3180453.0,3.98,0.4,0.01,0.4
2002-12-30,600821,2.51,2.48,2.55,2.43,7681,4177658.0,4.76,-1.59,-0.04,0.53
2002-12-31,600821,2.5,2.4,2.53,2.39,7598,4134968.0,5.65,-3.23,-0.08,0.52
2003-01-02,600821,2.39,2.39,2.43,2.33,4207,2218929.0,4.17,-0.42,-0.01,0.29
2003-01-03,600821,2.39,2.49,2.55,2.39,14815,8107532.0,6.69,4.18,0.1,1.02
2003-01-06,600821,2.45,2.51,2.53,2.41,6618,3606479.0,4.82,0.8,0.02,0.45
2003-01-07,600821,2.5,2.5,2.58,2.48,5878,3244767.0,3.98,-0.4,-0.01,0.4
2003-01-08,600821,2.5,2.6,2.6,2.48,7923,4415546.0,4.8,4.0,0.1,0.54
2003-01-09,600821,2.6,2.64,2.67,2.56,13851,7879316.0,4.23,1.54,0.04,0.95
2003-01-10,600821,2.64,2.56,2.68,2.56,8840,5047229.0,4.55,-3.03,-0.08,0.61
2003-01-13,600821,2.56,2.56,2.59,2.51,4591,2564208.0,3.13,0.0,0.0,0.32
2003-01-14,600821,2.55,2.7,2.77,2.55,19629,11445533.0,8.59,5.47,0.14,1.35
2003-01-15,600821,2.71,2.68,2.77,2.63,15049,8807610.0,5.19,-0.74,-0.02,1.03
2003-01-16,600821,2.68,2.75,2.76,2.64,14142,8353919.0,4.48,2.61,0.07,0.97
2003-01-17,600821,2.76,2.71,2.78,2.7,10586,6274364.0,2.91,-1.45,-0.04,0.73
2003-01-20,600821,2.72,2.84,2.85,2.67,24443,14761918.0,6.64,4.8,0.13,1.68
2003-01-21,600821,2.87,2.77,2.91,2.77,31711,19501570.0,4.93,-2.46,-0.07,2.18
2003-01-22,600821,2.76,2.88,2.91,2.74,19671,12011361.0,6.14,3.97,0.11,1.35
2003-01-23,600821,2.88,2.8,2.89,2.78,11997,7324712.0,3.82,-2.78,-0.08,0.82
2003-01-24,600821,2.8,2.83,2.84,2.75,9444,5699847.0,3.21,1.07,0.03,0.65
2003-01-28,600821,2.89,2.84,2.9,2.83,9119,5608127.0,2.47,0.35,0.01,0.63
2003-01-29,600821,2.84,2.8,2.84,2.77,10581,6409288.0,2.46,-1.41,-0.04,0.73
2003-02-10,600821,2.79,2.71,2.8,2.7,6152,3640020.0,3.57,-3.21,-0.09,0.42
2003-02-11,600821,2.7,2.75,2.76,2.68,3152,1862485.0,2.95,1.48,0.04,0.22
2003-02-12,600821,2.75,2.83,2.84,2.73,9409,5680447.0,4.0,2.91,0.08,0.65
2003-02-13,600821,2.82,2.77,2.85,2.77,12846,7769900.0,2.83,-2.12,-0.06,0.88
2003-02-14,600821,2.74,2.77,2.8,2.74,5492,3290295.0,2.17,0.0,0.0,0.38
2003-02-17,600821,2.76,2.81,2.82,2.75,5987,3606724.0,2.53,1.44,0.04,0.41
2003-02-18,600821,2.81,2.83,2.87,2.81,10642,6505686.0,2.14,0.71,0.02,0.73
2003-02-19,600821,2.83,2.85,2.86,2.81,8039,4907784.0,1.77,0.71,0.02,0.55
2003-02-20,600821,2.84,2.81,2.85,2.79,5676,3456451.0,2.11,-1.4,-0.04,0.39
2003-02-21,600821,2.82,2.71,2.82,2.7,8337,4940392.0,4.27,-3.56,-0.1,0.57
2003-02-24,600821,2.71,2.71,2.75,2.7,4358,2568491.0,1.85,0.0,0.0,0.3
2003-02-25,600821,2.73,2.77,2.77,2.71,4642,2767148.0,2.21,2.21,0.06,0.32
2003-02-26,600821,2.77,2.75,2.78,2.73,3852,2291979.0,1.81,-0.72,-0.02,0.26
2003-02-27,600821,2.77,2.74,2.77,2.72,4567,2711992.0,1.82,-0.36,-0.01,0.31
2003-02-28,600821,2.72,2.71,2.73,2.7,3981,2345283.0,1.09,-1.09,-0.03,0.27
2003-03-03,600821,2.72,2.73,2.76,2.7,4947,2916069.0,2.21,0.74,0.02,0.34
2003-03-04,600821,2.76,2.73,2.76,2.72,2963,1752490.0,1.47,0.0,0.0,0.2
2003-03-05,600821,2.72,2.69,2.72,2.67,4750,2773435.0,1.83,-1.47,-0.04,0.33
2003-03-06,600821,2.69,2.61,2.7,2.6,6125,3521088.0,3.72,-2.97,-0.08,0.42
2003-03-07,600821,2.61,2.61,2.64,2.6,4109,2344965.0,1.53,0.0,0.0,0.28
2003-03-10,600821,2.62,2.53,2.62,2.53,4577,2564191.0,3.45,-3.07,-0.08,0.31
2003-03-11,600821,2.53,2.53,2.56,2.51,3237,1798611.0,1.98,0.0,0.0,0.22
2003-03-12,600821,2.55,2.54,2.56,2.5,7120,3929292.0,2.37,0.4,0.01,0.49
2003-03-13,600821,2.54,2.47,2.54,2.47,10531,5753956.0,2.76,-2.76,-0.07,0.72
2003-03-14,600821,2.47,2.49,2.51,2.47,3698,2027883.0,1.62,0.81,0.02,0.25
2003-03-17,600821,2.49,2.51,2.51,2.45,3859,2101581.0,2.41,0.8,0.02,0.27
2003-03-18,600821,2.52,2.49,2.56,2.48,4757,2639116.0,3.19,-0.8,-0.02,0.33
2003-03-19,600821,2.46,2.5,2.52,2.46,2909,1590513.0,2.41,0.4,0.01,0.2
2003-03-21,600821,2.53,2.61,2.62,2.51,16201,9175264.0,4.4,4.4,0.11,1.11
2003-03-24,600821,2.59,2.6,2.61,2.56,4410,2491919.0,1.92,-0.38,-0.01,0.3
2003-03-25,600821,2.56,2.53,2.57,2.53,3638,2026165.0,1.54,-2.69,-0.07,0.25
2003-03-26,600821,2.51,2.49,2.54,2.48,3462,1905302.0,2.37,-1.58,-0.04,0.24
2003-03-27,600821,2.48,2.58,2.6,2.45,4362,2416031.0,6.02,3.61,0.09,0.3
2003-03-28,600821,2.58,2.56,2.6,2.54,6598,3701719.0,2.33,-0.78,-0.02,0.45
2003-03-31,600821,2.56,2.57,2.57,2.53,4623,2586283.0,1.56,0.39,0.01,0.32
2003-04-01,600821,2.56,2.59,2.6,2.55,5317,2996119.0,1.95,0.78,0.02,0.37
2003-04-02,600821,2.6,2.57,2.62,2.56,4472,2529930.0,2.32,-0.77,-0.02,0.31
2003-04-03,600821,2.61,2.57,2.64,2.56,4521,2565289.0,3.11,0.0,0.0,0.31
2003-04-04,600821,2.56,2.54,2.58,2.51,5361,2984381.0,2.72,-1.17,-0.03,0.37
2003-04-07,600821,2.54,2.48,2.54,2.47,6743,3707823.0,2.76,-2.36,-0.06,0.46
2003-04-08,600821,2.49,2.48,2.5,2.45,6288,3419044.0,2.02,0.0,0.0,0.43
2003-04-09,600821,2.48,2.48,2.5,2.36,10385,5569417.0,5.65,0.0,0.0,0.71
2003-04-10,600821,2.49,2.48,2.56,2.23,12194,6633072.0,13.31,0.0,0.0,0.84
2003-04-11,600821,2.48,2.48,2.5,2.41,12383,6684763.0,3.63,0.0,0.0,0.85
2003-04-14,600821,2.48,2.67,2.67,2.47,22642,12714419.0,8.06,7.66,0.19,1.56
2003-04-15,600821,2.69,2.61,2.7,2.61,16515,9479099.0,3.37,-2.25,-0.06,1.13
2003-04-16,600821,2.61,2.49,2.62,2.48,16319,9085146.0,5.36,-4.6,-0.12,1.12
2003-04-17,600821,2.49,2.53,2.54,2.46,9514,5222736.0,3.21,1.61,0.04,0.65
2003-04-18,600821,2.55,2.53,2.56,2.48,6856,3777263.0,3.16,0.0,0.0,0.47
2003-04-21,600821,2.51,2.53,2.55,2.5,9380,5185476.0,1.98,0.0,0.0,0.64
2003-04-22,600821,2.55,2.44,2.55,2.44,11261,6146518.0,4.35,-3.56,-0.09,0.77
2003-04-23,600821,2.4,2.41,2.44,2.34,8063,4275324.0,4.1,-1.23,-0.03,0.55
2003-04-24,600821,2.41,2.3,2.41,2.3,8952,4659016.0,4.56,-4.56,-0.11,0.61
2003-04-25,600821,2.3,2.27,2.34,2.27,5119,2614708.0,3.04,-1.3,-0.03,0.35
2003-04-28,600821,2.24,2.23,2.27,2.15,13595,6729449.0,5.29,-1.76,-0.04,0.93
2003-04-29,600821,2.23,2.24,2.28,2.17,10277,5112291.0,4.93,0.45,0.01,0.71
2003-04-30,600821,2.28,2.26,2.36,2.25,6127,3127245.0,4.91,0.89,0.02,0.42
2003-05-12,600821,2.25,2.18,2.25,2.17,7499,3695288.0,3.54,-3.54,-0.08,0.52
2003-05-13,600821,2.17,2.03,2.18,2.01,11835,5534869.0,7.8,-6.88,-0.15,0.81
2003-05-14,600821,2.02,2.1,2.11,2.01,4660,2202396.0,4.93,3.45,0.07,0.32
2003-05-15,600821,2.1,2.16,2.18,2.04,9813,4694151.0,6.67,2.86,0.06,0.67
2003-05-16,600821,2.16,2.25,2.25,2.13,12918,6320151.0,5.56,4.17,0.09,0.89
2003-05-19,600821,2.23,2.25,2.29,2.23,10243,5163464.0,2.67,0.0,0.0,0.7
2003-05-20,600821,2.24,2.21,2.24,2.18,6961,3432053.0,2.67,-1.78,-0.04,0.48
2003-05-21,600821,2.2,2.22,2.25,2.2,4219,2100856.0,2.26,0.45,0.01,0.29
2003-05-22,600821,2.21,2.29,2.29,2.18,8435,4235319.0,4.95,3.15,0.07,0.58
2003-05-26,600821,2.31,2.41,2.42,2.25,25987,13611050.0,7.42,5.24,0.12,1.78
2003-05-27,600821,2.42,2.37,2.45,2.37,27266,14455465.0,3.32,-1.66,-0.04,1.87
2003-05-28,600821,2.38,2.35,2.41,2.34,9171,4817546.0,2.95,-0.84,-0.02,0.63
2003-05-29,600821,2.3,2.37,2.37,2.3,4522,2353534.0,2.98,0.85,0.02,0.31
2003-05-30,600821,2.42,2.39,2.42,2.37,6619,3505571.0,2.11,0.84,0.02,0.45
2003-06-02,600821,2.4,2.36,2.41,2.35,4503,2361045.0,2.51,-1.26,-0.03,0.31
2003-06-03,600821,2.38,2.35,2.38,2.33,4195,2184455.0,2.12,-0.42,-0.01,0.29
2003-06-04,600821,2.34,2.35,2.35,2.3,5554,2862071.0,2.13,0.0,0.0,0.38
2003-06-05,600821,2.34,2.29,2.34,2.29,5291,2715250.0,2.13,-2.55,-0.06,0.36
2003-06-06,600821,2.29,2.25,2.3,2.24,5191,2629573.0,2.62,-1.75,-0.04,0.36
2003-06-09,600821,2.25,2.22,2.25,2.21,3490,1743743.0,1.78,-1.33,-0.03,0.24
2003-06-10,600821,2.22,2.24,2.26,2.22,2858,1434602.0,1.8,0.9,0.02,0.2
2003-06-11,600821,2.24,2.28,2.31,2.24,4506,2289585.0,3.13,1.79,0.04,0.31
2003-06-12,600821,2.29,2.25,2.29,2.24,4038,2036335.0,2.19,-1.32,-0.03,0.28
2003-06-13,600821,2.25,2.28,2.28,2.24,3592,1817858.0,1.78,1.33,0.03,0.25
2003-06-16,600821,2.3,2.37,2.38,2.29,11467,5968002.0,3.95,3.95,0.09,0.79
2003-06-17,600821,2.37,2.31,2.37,2.3,3929,2035497.0,2.95,-2.53,-0.06,0.27
2003-06-18,600821,2.32,2.31,2.34,2.3,3318,1711007.0,1.73,0.0,0.0,0.23
2003-06-19,600821,2.31,2.25,2.32,2.24,4384,2219170.0,3.46,-2.6,-0.06,0.3
2003-06-20,600821,2.24,2.25,2.28,2.24,2051,1035603.0,1.78,0.0,0.0,0.14
2003-06-23,600821,2.25,2.22,2.26,2.22,3457,1727821.0,1.78,-1.33,-0.03,0.24
2003-06-24,600821,2.23,2.23,2.24,2.22,1630,813438.0,0.9,0.45,0.01,0.11
2003-06-25,600821,2.24,2.19,2.27,2.15,3436,1707838.0,5.38,-1.79,-0.04,0.24
2003-06-26,600821,2.21,2.2,2.21,2.15,3516,1717607.0,2.74,0.46,0.01,0.24
2003-06-27,600821,2.21,2.14,2.21,2.13,3245,1581150.0,3.64,-2.73,-0.06,0.22
2003-06-30,600821,2.15,2.11,2.16,2.1,4046,1939657.0,2.8,-1.4,-0.03,0.28
2003-07-01,600821,2.11,2.11,2.15,2.1,2846,1364640.0,2.37,0.0,0.0,0.2
2003-07-02,600821,2.11,2.14,2.15,2.1,2636,1263377.0,2.37,1.42,0.03,0.18
2003-07-03,600821,2.13,2.16,2.16,2.11,2491,1201117.0,2.34,0.93,0.02,0.17
2003-07-04,600821,2.16,2.13,2.16,2.13,1407,679623.0,1.39,-1.39,-0.03,0.1
2003-07-07,600821,2.16,2.12,2.16,2.11,1584,758810.0,2.35,-0.47,-0.01,0.11
2003-07-08,600821,2.13,2.17,2.17,2.11,1967,948484.0,2.83,2.36,0.05,0.14
2003-07-09,600821,2.16,2.13,2.16,2.12,1500,723452.0,1.84,-1.84,-0.04,0.1
2003-07-10,600821,2.13,2.16,2.17,2.11,3612,1749330.0,2.82,1.41,0.03,0.25
2003-07-11,600821,2.17,2.16,2.17,2.13,1898,919027.0,1.85,0.0,0.0,0.13
2003-07-14,600821,2.16,2.13,2.16,2.11,1405,676130.0,2.31,-1.39,-0.03,0.1
2003-07-15,600821,2.13,2.11,2.14,2.1,2682,1282217.0,1.88,-0.94,-0.02,0.18
2003-07-16,600821,2.11,2.13,2.13,2.11,1635,783445.0,0.95,0.95,0.02,0.11
2003-07-17,600821,2.13,2.11,2.13,2.1,3572,1710328.0,1.41,-0.94,-0.02,0.25
2003-07-18,600821,2.13,2.07,2.13,2.04,4035,1902936.0,4.27,-1.9,-0.04,0.28
2003-07-21,600821,2.06,2.0,2.06,1.98,5880,2699093.0,3.86,-3.38,-0.07,0.4
2003-07-22,600821,2.02,2.04,2.04,2.0,2914,1342965.0,2.0,2.0,0.04,0.2
2003-07-23,600821,2.04,2.06,2.07,2.02,2199,1021248.0,2.45,0.98,0.02,0.15
2003-07-24,600821,2.07,2.07,2.07,2.04,2464,1154126.0,1.46,0.49,0.01,0.17
2003-07-25,600821,2.07,2.04,2.07,2.01,1832,847699.0,2.9,-1.45,-0.03,0.13
2003-07-28,600821,2.04,2.13,2.14,2.03,9199,4367344.0,5.39,4.41,0.09,0.63
2003-07-29,600821,2.12,2.11,2.13,2.1,5701,2726108.0,1.41,-0.94,-0.02,0.39
2003-07-30,600821,2.1,2.05,2.12,2.05,2760,1297144.0,3.32,-2.84,-0.06,0.19
2003-07-31,600821,2.05,2.05,2.06,2.03,1817,844927.0,1.46,0.0,0.0,0.12
2003-08-01,600821,2.05,2.03,2.05,1.98,2172,998147.0,3.41,-0.98,-0.02,0.15
2003-08-04,600821,2.03,2.07,2.09,2.02,1561,729238.0,3.45,1.97,0.04,0.11
2003-08-05,600821,2.06,2.07,2.08,2.04,2452,1149248.0,1.93,0.0,0.0,0.17
2003-08-06,600821,2.07,2.1,2.1,2.03,2960,1390085.0,3.38,1.45,0.03,0.2
2003-08-07,600821,2.07,2.1,2.1,2.06,2493,1180370.0,1.9,0.0,0.0,0.17
2003-08-08,600821,2.1,2.04,2.12,2.03,3646,1713275.0,4.29,-2.86,-0.06,0.25
2003-08-11,600821,2.03,2.04,2.05,2.01,1610,745608.0,1.96,0.0,0.0,0.11
2003-08-12,600821,2.04,2.08,2.08,2.03,1170,547022.0,2.45,1.96,0.04,0.08
2003-08-13,600821,2.05,2.03,2.05,2.03,952,442293.0,0.96,-2.4,-0.05,0.07
2003-08-14,600821,2.04,2.02,2.04,2.0,1399,645054.0,1.97,-0.49,-0.01,0.1
2003-08-15,600821,2.02,2.01,2.04,2.0,1271,583337.0,1.98,-0.5,-0.01,0.09
2003-08-18,600821,2.01,2.02,2.04,2.01,691,318300.0,1.49,0.5,0.01,0.05
2003-08-19,600821,2.05,2.02,2.05,2.01,1231,567062.0,1.98,0.0,0.0,0.08
2003-08-20,600821,2.02,2.02,2.02,2.01,1174,539036.0,0.5,0.0,0.0,0.08
2003-08-21,600821,2.01,2.02,2.02,2.0,1082,496451.0,0.99,0.0,0.0,0.07
2003-08-22,600821,2.01,2.03,2.04,2.0,1499,688937.0,1.98,0.5,0.01,0.1
2003-08-25,600821,2.04,2.0,2.04,1.99,1521,694702.0,2.46,-1.48,-0.03,0.1
2003-08-26,600821,2.02,1.99,2.02,1.98,942,430966.0,2.0,-0.5,-0.01,0.06
2003-08-27,600821,2.0,2.01,2.01,1.99,1326,605558.0,1.01,1.01,0.02,0.09
2003-08-28,600821,2.01,2.07,2.1,2.01,5712,2672770.0,4.48,2.99,0.06,0.39
2003-08-29,600821,2.04,2.11,2.12,2.02,7755,3670586.0,4.83,1.93,0.04,0.53
2003-09-01,600821,2.11,2.2,2.23,2.1,20454,10052652.0,6.16,4.27,0.09,1.4
2003-09-02,600821,2.19,2.21,2.22,2.14,15448,7558578.0,3.64,0.45,0.01,1.06
2003-09-03,600821,2.21,2.23,2.25,2.17,14467,7197919.0,3.62,0.9,0.02,0.99
2003-09-04,600821,2.23,2.18,2.25,2.18,8262,4101488.0,3.14,-2.24,-0.05,0.57
2003-09-05,600821,2.17,2.29,2.34,2.15,25581,12888614.0,8.72,5.05,0.11,1.76
2003-09-08,600821,2.29,2.37,2.48,2.27,51743,27365190.0,9.17,3.49,0.08,3.55
2003-09-09,600821,2.37,2.36,2.37,2.3,14424,7457028.0,2.95,-0.42,-0.01,0.99
2003-09-10,600821,2.36,2.3,2.37,2.25,15719,8053554.0,5.08,-2.54,-0.06,1.08
2003-09-11,600821,2.29,2.21,2.3,2.21,11178,5619632.0,3.91,-3.91,-0.09,0.77
2003-09-12,600821,2.19,2.16,2.24,2.15,8244,4050836.0,4.07,-2.26,-0.05,0.57
2003-09-15,600821,2.15,2.16,2.2,2.13,5729,2782045.0,3.24,0.0,0.0,0.39
2003-09-16,600821,2.16,2.19,2.21,2.14,5413,2647526.0,3.24,1.39,0.03,0.37
2003-09-17,600821,2.17,2.17,2.2,2.16,3680,1803383.0,1.83,-0.91,-0.02,0.25
2003-09-18,600821,2.14,2.22,2.23,2.14,7971,3961437.0,4.15,2.3,0.05,0.55
2003-09-19,600821,2.22,2.24,2.25,2.17,6963,3451923.0,3.6,0.9,0.02,0.48
2003-09-22,600821,2.24,2.27,2.27,2.22,6215,3126316.0,2.23,1.34,0.03,0.43
2003-09-23,600821,2.27,2.28,2.28,2.23,4766,2410510.0,2.2,0.44,0.01,0.33
2003-09-24,600821,2.28,2.24,2.28,2.22,5429,2724021.0,2.63,-1.75,-0.04,0.37
2003-09-25,600821,2.23,2.17,2.23,2.16,4503,2204926.0,3.13,-3.13,-0.07,0.31
2003-09-26,600821,2.16,2.09,2.16,2.09,5138,2463093.0,3.23,-3.69,-0.08,0.35
2003-09-29,600821,2.08,2.07,2.1,2.02,3682,1720838.0,3.83,-0.96,-0.02,0.25
2003-09-30,600821,2.04,2.08,2.11,2.04,2939,1380833.0,3.38,0.48,0.01,0.2
2003-10-08,600821,2.08,2.07,2.09,2.04,2481,1161576.0,2.4,-0.48,-0.01,0.17
2003-10-09,600821,2.07,2.04,2.08,2.03,3171,1480019.0,2.42,-1.45,-0.03,0.22
2003-10-10,600821,2.03,2.13,2.13,2.01,5091,2402527.0,5.88,4.41,0.09,0.35
2003-10-13,600821,2.13,2.1,2.17,2.1,2947,1417974.0,3.29,-1.41,-0.03,0.2
2003-10-14,600821,2.1,2.1,2.17,2.09,4069,1961008.0,3.81,0.0,0.0,0.28
2003-10-15,600821,2.1,2.07,2.14,2.06,2499,1188166.0,3.81,-1.43,-0.03,0.17
2003-10-16,600821,2.06,2.03,2.07,2.03,2492,1158362.0,1.93,-1.93,-0.04,0.17
2003-10-17,600821,2.03,2.05,2.06,2.03,1649,768050.0,1.48,0.99,0.02,0.11
2003-10-20,600821,2.05,2.01,2.06,2.0,2850,1315072.0,2.93,-1.95,-0.04,0.2
2003-10-21,600821,2.02,2.01,2.02,1.98,3863,1761177.0,1.99,0.0,0.0,0.27
2003-10-22,600821,2.01,2.07,2.09,1.99,5097,2371149.0,4.98,2.99,0.06,0.35
2003-10-23,600821,2.07,2.03,2.08,2.03,3234,1507738.0,2.42,-1.93,-0.04,0.22
2003-10-24,600821,2.02,2.03,2.04,2.01,2576,1185296.0,1.48,0.0,0.0,0.18
2003-10-27,600821,2.03,1.93,2.03,1.91,6936,3108504.0,5.91,-4.93,-0.1,0.48
2003-10-28,600821,1.93,1.94,1.96,1.91,3335,1482446.0,2.59,0.52,0.01,0.23
2003-10-29,600821,1.91,1.87,1.94,1.83,5450,2369313.0,5.67,-3.61,-0.07,0.37
2003-10-30,600821,1.87,1.8,1.87,1.79,4227,1781277.0,4.28,-3.74,-0.07,0.29
2003-10-31,600821,1.8,1.82,1.85,1.78,2991,1263963.0,3.89,1.11,0.02,0.21
2003-11-03,600821,1.81,1.84,1.84,1.78,2617,1104812.0,3.3,1.1,0.02,0.18
2003-11-04,600821,1.83,1.85,1.91,1.8,6306,2712131.0,5.98,0.54,0.01,0.43
2003-11-05,600821,1.83,1.8,1.85,1.79,4315,1820450.0,3.24,-2.7,-0.05,0.3
2003-11-06,600821,1.82,1.69,1.82,1.68,11417,4596803.0,7.78,-6.11,-0.11,0.78
2003-11-07,600821,1.68,1.73,1.73,1.68,4528,1808967.0,2.96,2.37,0.04,0.31
2003-11-10,600821,1.73,1.69,1.73,1.68,2135,853761.0,2.89,-2.31,-0.04,0.15
2003-11-11,600821,1.69,1.75,1.77,1.69,4223,1720585.0,4.73,3.55,0.06,0.29
2003-11-12,600821,1.72,1.7,1.73,1.69,3199,1286724.0,2.29,-2.86,-0.05,0.22
2003-11-13,600821,1.7,1.71,1.74,1.69,2057,829159.0,2.94,0.59,0.01,0.14
2003-11-14,600821,1.71,1.74,1.74,1.69,2867,1157357.0,2.92,1.75,0.03,0.2
2003-11-17,600821,1.74,1.78,1.78,1.71,4571,1880520.0,4.02,2.3,0.04,0.31
2003-11-18,600821,1.77,1.73,1.77,1.73,2105,862686.0,2.25,-2.81,-0.05,0.14
2003-11-19,600821,1.73,1.77,1.77,1.73,3552,1465691.0,2.31,2.31,0.04,0.24
2003-11-20,600821,1.77,1.87,1.87,1.74,16298,6981982.0,7.34,5.65,0.1,1.12
2003-11-21,600821,1.85,1.8,1.87,1.79,8829,3746016.0,4.28,-3.74,-0.07,0.61
2003-11-24,600821,1.79,1.89,1.89,1.77,7853,3370438.0,6.67,5.0,0.09,0.54
2003-11-25,600821,1.89,1.92,1.95,1.87,15086,6654119.0,4.23,1.59,0.03,1.04
2003-11-26,600821,1.91,1.88,1.94,1.87,7681,3357045.0,3.65,-2.08,-0.04,0.53
2003-11-27,600821,1.89,1.81,1.9,1.8,8056,3439737.0,5.32,-3.72,-0.07,0.55
2003-11-28,600821,1.79,1.82,1.84,1.79,5194,2197496.0,2.76,0.55,0.01,0.36
2003-12-01,600821,1.84,1.96,1.97,1.81,13800,6055378.0,8.79,7.69,0.14,0.95
2003-12-02,600821,1.96,1.95,1.96,1.92,12538,5589080.0,2.04,-0.51,-0.01,0.86
2003-12-03,600821,1.95,1.98,2.0,1.94,10691,4811377.0,3.08,1.54,0.03,0.73
2003-12-04,600821,1.98,1.99,2.0,1.94,8953,4028075.0,3.03,0.51,0.01,0.61
2003-12-05,600821,2.18,2.24,2.24,2.18,61550,30813629.0,3.02,12.56,0.25,4.23
2003-12-08,600821,2.17,2.08,2.18,2.04,41137,19526213.0,6.25,-7.14,-0.16,2.83
2003-12-09,600821,2.07,2.04,2.07,2.01,22284,10303049.0,2.88,-1.92,-0.04,1.53
2003-12-10,600821,2.04,2.05,2.07,2.02,17091,7947335.0,2.45,0.49,0.01,1.17
2003-12-11,600821,2.06,2.04,2.07,2.02,11447,5309555.0,2.44,-0.49,-0.01,0.79
2003-12-12,600821,2.04,2.05,2.08,2.03,10552,4920602.0,2.45,0.49,0.01,0.72
2003-12-15,600821,2.06,2.04,2.08,2.04,6852,3204031.0,1.95,-0.49,-0.01,0.47
2003-12-16,600821,2.04,2.0,2.06,1.94,13694,6187553.0,5.88,-1.96,-0.04,0.94
2003-12-17,600821,2.01,1.94,2.01,1.94,8495,3827230.0,3.5,-3.0,-0.06,0.58
2003-12-18,600821,1.91,1.9,1.94,1.87,7794,3412349.0,3.61,-2.06,-0.04,0.54
2003-12-19,600821,1.9,1.77,1.91,1.76,12704,5333362.0,7.89,-6.84,-0.13,0.87
2003-12-22,600821,1.77,1.88,1.88,1.76,8664,3650003.0,6.78,6.21,0.11,0.6
2003-12-23,600821,1.88,1.88,1.9,1.81,7989,3431907.0,4.79,0.0,0.0,0.55
2003-12-24,600821,1.88,1.94,1.97,1.88,11450,5099515.0,4.79,3.19,0.06,0.79
2003-12-25,600821,1.94,1.87,1.94,1.84,8731,3781687.0,5.15,-3.61,-0.07,0.6
2003-12-26,600821,1.85,1.87,1.88,1.83,3987,1714266.0,2.67,0.0,0.0,0.27
2003-12-29,600821,1.87,1.82,1.87,1.82,5341,2270782.0,2.67,-2.67,-0.05,0.37
2003-12-30,600821,1.81,1.84,1.85,1.8,3058,1300919.0,2.75,1.1,0.02,0.21
2003-12-31,600821,1.84,1.81,1.84,1.79,4991,2101370.0,2.72,-1.63,-0.03,0.34
2004-01-02,600821,1.79,1.83,1.83,1.78,4781,2011528.0,2.76,1.1,0.02,0.33
2004-01-05,600821,1.83,1.81,1.85,1.79,7488,3151829.0,3.28,-1.09,-0.02,0.51
2004-01-06,600821,1.82,1.77,1.82,1.74,13790,5708705.0,4.42,-2.21,-0.04,0.95
2004-01-07,600821,1.77,1.81,1.83,1.76,9212,3858917.0,3.95,2.26,0.04,0.63
2004-01-08,600821,1.81,1.85,1.88,1.77,11242,4771131.0,6.08,2.21,0.04,0.77
2004-01-09,600821,1.87,1.9,1.96,1.8,18921,8217108.0,8.65,2.7,0.05,1.3
2004-01-12,600821,1.87,1.89,1.93,1.85,11426,4983972.0,4.21,-0.53,-0.01,0.78
2004-01-13,600821,1.9,1.9,1.91,1.85,11369,4937899.0,3.17,0.53,0.01,0.78
2004-01-14,600821,1.9,1.92,1.93,1.87,7887,3453145.0,3.16,1.05,0.02,0.54
2004-01-15,600821,2.03,1.9,2.03,1.9,11028,4909798.0,6.77,-1.04,-0.02,0.76
2004-01-16,600821,1.9,1.88,1.92,1.85,9565,4139687.0,3.68,-1.05,-0.02,0.66
2004-01-29,600821,1.9,1.97,1.98,1.88,11563,5158822.0,5.32,4.79,0.09,0.79
2004-01-30,600821,1.97,1.98,2.01,1.94,15628,7085977.0,3.55,0.51,0.01,1.07
2004-02-02,600821,2.01,2.03,2.04,1.95,17355,7944491.0,4.55,2.53,0.05,1.19
2004-02-03,600821,2.03,2.05,2.06,1.99,16771,7757253.0,3.45,0.99,0.02,1.15
2004-02-04,600821,2.06,2.1,2.1,2.03,20955,9835304.0,3.41,2.44,0.05,1.44
2004-02-05,600821,2.09,2.2,2.21,2.07,34733,16842190.0,6.67,4.76,0.1,2.39
2004-02-06,600821,2.19,2.08,2.19,2.08,23715,11429305.0,5.0,-5.45,-0.12,1.63
2004-02-09,600821,2.08,2.18,2.23,2.07,26862,13139196.0,7.69,4.81,0.1,1.85
2004-02-10,600821,2.18,2.16,2.21,2.13,19918,9719938.0,3.67,-0.92,-0.02,1.37
2004-02-11,600821,2.18,2.27,2.29,2.14,35465,17576716.0,6.94,5.09,0.11,2.44
2004-02-12,600821,2.25,2.24,2.27,2.2,31448,15705378.0,3.08,-1.32,-0.03,2.16
2004-02-13,600821,2.24,2.15,2.27,2.15,18518,9153402.0,5.36,-4.02,-0.09,1.27
2004-02-16,600821,2.15,2.2,2.21,2.15,12505,6124868.0,2.79,2.33,0.05,0.86
2004-02-17,600821,2.2,2.24,2.26,2.18,19174,9554739.0,3.64,1.82,0.04,1.32
2004-02-18,600821,2.24,2.23,2.24,2.2,17668,8783979.0,1.79,-0.45,-0.01,1.21
2004-02-19,600821,2.23,2.28,2.28,2.22,28295,14258995.0,2.69,2.24,0.05,1.94
2004-02-20,600821,2.29,2.33,2.33,2.26,31756,16220212.0,3.07,2.19,0.05,2.18
2004-02-23,600821,2.34,2.23,2.36,2.23,28758,14805477.0,5.58,-4.29,-0.1,1.98
2004-02-24,600821,2.22,2.2,2.23,2.14,21515,10539827.0,4.04,-1.35,-0.03,1.48
2004-02-25,600821,2.21,2.12,2.24,2.1,16946,8318624.0,6.36,-3.64,-0.08,1.16
2004-02-26,600821,2.11,2.18,2.2,2.07,20566,9884921.0,6.13,2.83,0.06,1.41
2004-02-27,600821,2.15,2.24,2.24,2.15,22747,11256478.0,4.13,2.75,0.06,1.56
2004-03-01,600821,2.34,2.32,2.34,2.24,70807,36484217.0,4.46,3.57,0.08,4.86
2004-03-02,600821,2.32,2.33,2.34,2.29,32967,16965421.0,2.16,0.43,0.01,2.26
2004-03-03,600821,2.31,2.31,2.38,2.3,35049,18205817.0,3.43,-0.86,-0.02,2.41
2004-03-04,600821,2.29,2.3,2.31,2.22,19775,9958960.0,3.9,-0.43,-0.01,1.36
2004-03-05,600821,2.3,2.25,2.31,2.23,11691,5889961.0,3.48,-2.17,-0.05,0.8
2004-03-08,600821,2.24,2.15,2.25,2.14,11760,5784567.0,4.89,-4.44,-0.1,0.81
2004-03-09,600821,2.14,2.11,2.18,2.1,9071,4376523.0,3.72,-1.86,-0.04,0.62
2004-03-10,600821,2.1,2.16,2.17,2.1,7132,3425693.0,3.32,2.37,0.05,0.49
2004-03-11,600821,2.16,2.18,2.19,2.14,8389,4098957.0,2.31,0.93,0.02,0.58
2004-03-12,600821,2.19,2.15,2.19,2.13,8165,3968467.0,2.75,-1.38,-0.03,0.56
2004-03-15,600821,2.14,2.2,2.21,2.14,10301,5047940.0,3.26,2.33,0.05,0.71
2004-03-16,600821,2.2,2.23,2.24,2.2,10889,5411657.0,1.82,1.36,0.03,0.75
2004-03-17,600821,2.26,2.24,2.27,2.21,11030,5516218.0,2.69,0.45,0.01,0.76
2004-03-18,600821,2.24,2.18,2.24,2.18,11023,5475938.0,2.68,-2.68,-0.06,0.76
2004-03-19,600821,2.18,2.23,2.24,2.18,10287,5118097.0,2.75,2.29,0.05,0.71
2004-03-22,600821,2.23,2.28,2.28,2.2,15204,7636471.0,3.59,2.24,0.05,1.04
2004-03-23,600821,2.27,2.26,2.27,2.23,10446,5253477.0,1.75,-0.88,-0.02,0.72
2004-03-24,600821,2.24,2.24,2.28,2.23,9377,4718432.0,2.21,-0.88,-0.02,0.64
2004-03-25,600821,2.23,2.22,2.25,2.21,6379,3182156.0,1.79,-0.89,-0.02,0.44
2004-03-26,600821,2.22,2.19,2.22,2.18,7945,3915437.0,1.8,-1.35,-0.03,0.55
2004-03-29,600821,2.19,2.17,2.2,2.16,6833,3337704.0,1.83,-0.91,-0.02,0.47
2004-03-30,600821,2.18,2.18,2.18,2.16,5720,2797593.0,0.92,0.46,0.01,0.39
2004-03-31,600821,2.2,2.24,2.27,2.18,13563,6804134.0,4.13,2.75,0.06,0.93
2004-04-01,600821,2.26,2.25,2.27,2.22,11836,5963268.0,2.23,0.45,0.01,0.81
2004-04-02,600821,2.26,2.28,2.28,2.23,16132,8145235.0,2.22,1.33,0.03,1.11
2004-04-05,600821,2.27,2.29,2.29,2.23,19404,9789102.0,2.63,0.44,0.01,1.33
2004-04-06,600821,2.29,2.32,2.33,2.25,23365,11992238.0,3.49,1.31,0.03,1.6
2004-04-07,600821,2.33,2.3,2.33,2.29,16116,8260964.0,1.72,-0.86,-0.02,1.11
2004-04-08,600821,2.33,2.35,2.42,2.33,56583,29791122.0,3.91,2.17,0.05,3.89
2004-04-09,600821,2.35,2.27,2.36,2.24,22129,11338250.0,5.11,-3.4,-0.08,1.52
2004-04-12,600821,2.26,2.28,2.3,2.23,11651,5894514.0,3.08,0.44,0.01,0.8
2004-04-13,600821,2.28,2.3,2.34,2.28,15878,8179088.0,2.63,0.88,0.02,1.09
2004-04-14,600821,2.31,2.25,2.31,2.22,11821,5945676.0,3.91,-2.17,-0.05,0.81
2004-04-15,600821,2.26,2.31,2.33,2.26,24215,12415312.0,3.11,2.67,0.06,1.66
2004-04-16,600821,2.34,2.4,2.41,2.3,71553,37551712.0,4.76,3.9,0.09,4.91
2004-04-19,600821,2.41,2.35,2.42,2.34,24140,12671560.0,3.33,-2.08,-0.05,1.66
2004-04-20,600821,2.35,2.32,2.35,2.25,14877,7594255.0,4.26,-1.28,-0.03,1.02
2004-04-21,600821,2.32,2.28,2.34,2.27,7796,3973757.0,3.02,-1.72,-0.04,0.54
2004-04-22,600821,2.29,2.28,2.29,2.24,7631,3863361.0,2.19,0.0,0.0,0.52
2004-04-23,600821,2.28,2.14,2.28,2.12,19728,9693702.0,7.02,-6.14,-0.14,1.36
2004-04-26,600821,2.14,2.13,2.16,2.1,8756,4211050.0,2.8,-0.47,-0.01,0.6
2004-04-27,600821,2.13,2.13,2.17,2.13,5656,2727817.0,1.88,0.0,0.0,0.39
2004-04-28,600821,2.13,2.07,2.13,2.02,7517,3531097.0,5.16,-2.82,-0.06,0.52
2004-04-29,600821,2.06,2.04,2.12,2.04,5037,2364421.0,3.86,-1.45,-0.03,0.35
2004-04-30,600821,2.07,2.07,2.1,2.03,3583,1679715.0,3.43,1.47,0.03,0.25
2004-05-10,600821,2.08,1.98,2.09,1.98,3569,1652150.0,5.31,-4.35,-0.09,0.25
2004-05-11,600821,1.98,1.95,1.99,1.9,6275,2794551.0,4.55,-1.52,-0.03,0.43
2004-05-12,600821,1.95,2.03,2.04,1.91,7671,3459227.0,6.67,4.1,0.08,0.53
2004-05-13,600821,2.02,1.98,2.02,1.97,4203,1909532.0,2.46,-2.46,-0.05,0.29
2004-05-14,600821,1.99,1.98,2.0,1.93,5352,2401388.0,3.54,0.0,0.0,0.37
2004-05-17,600821,1.96,1.98,1.98,1.94,3908,1755878.0,2.02,0.0,0.0,0.27
2004-05-18,600821,1.96,2.02,2.02,1.96,3672,1669520.0,3.03,2.02,0.04,0.25
2004-05-19,600821,1.99,2.0,2.04,1.99,4516,2075182.0,2.48,-0.99,-0.02,0.31
2004-05-20,600821,2.01,2.01,2.04,1.99,4524,2078165.0,2.5,0.5,0.01,0.31
2004-05-21,600821,2.02,2.0,2.04,1.97,2883,1314531.0,3.48,-0.5,-0.01,0.2
2004-05-24,600821,1.98,1.96,2.01,1.96,3859,1743872.0,2.5,-2.0,-0.04,0.27
2004-05-26,600821,1.9,1.88,1.9,1.85,5967,2592572.0,2.55,-4.08,-0.08,0.41
2004-05-27,600821,1.88,1.96,1.97,1.83,7648,3371353.0,7.45,4.26,0.08,0.53
2004-05-28,600821,1.99,2.0,2.04,1.99,16436,7548824.0,2.55,2.04,0.04,1.13
2004-05-31,600821,1.98,1.97,1.99,1.95,4455,2003443.0,2.0,-1.5,-0.03,0.31
2004-06-01,600821,1.95,2.0,2.0,1.95,4914,2221423.0,2.54,1.52,0.03,0.34
2004-06-02,600821,1.99,1.95,2.0,1.91,4320,1935975.0,4.5,-2.5,-0.05,0.3
2004-06-03,600821,1.96,1.9,1.96,1.89,3667,1615305.0,3.59,-2.56,-0.05,0.25
2004-06-04,600821,1.9,1.91,1.91,1.87,4850,2120131.0,2.11,0.53,0.01,0.33
2004-06-07,600821,1.88,1.86,1.88,1.85,4165,1799083.0,1.57,-2.62,-0.05,0.29
2004-06-08,600821,1.86,1.83,1.86,1.83,3862,1652438.0,1.61,-1.61,-0.03,0.27
2004-06-09,600821,1.82,1.77,1.85,1.76,4187,1760654.0,4.92,-3.28,-0.06,0.29
2004-06-10,600821,1.75,1.76,1.79,1.75,2409,998740.0,2.26,-0.56,-0.01,0.17
2004-06-11,600821,1.78,1.76,1.81,1.76,2549,1067788.0,2.84,0.0,0.0,0.18
2004-06-14,600821,1.76,1.7,1.76,1.69,4535,1835271.0,3.98,-3.41,-0.06,0.31
2004-06-15,600821,1.69,1.76,1.76,1.69,3271,1329214.0,4.12,3.53,0.06,0.22
2004-06-16,600821,1.76,1.75,1.78,1.72,3164,1301457.0,3.41,-0.57,-0.01,0.22
2004-06-17,600821,1.75,1.7,1.75,1.7,2481,1004942.0,2.86,-2.86,-0.05,0.17
2004-06-18,600821,1.7,1.71,1.73,1.69,2600,1047078.0,2.35,0.59,0.01,0.18
2004-06-21,600821,1.71,1.74,1.75,1.71,1288,523689.0,2.34,1.75,0.03,0.09
2004-06-22,600821,1.74,1.76,1.77,1.74,2474,1016876.0,1.72,1.15,0.02,0.17
2004-06-23,600821,1.71,1.74,1.75,1.71,1778,720256.0,2.27,-1.14,-0.02,0.12
2004-06-24,600821,1.76,1.74,1.77,1.73,1762,720835.0,2.3,0.0,0.0,0.12
2004-06-25,600821,1.74,1.7,1.75,1.7,2094,845343.0,2.87,-2.3,-0.04,0.14
2004-06-28,600821,1.69,1.65,1.71,1.64,2837,1121390.0,4.12,-2.94,-0.05,0.19
2004-06-29,600821,1.65,1.67,1.67,1.62,3545,1384415.0,3.03,1.21,0.02,0.24
2004-06-30,600821,1.67,1.63,1.67,1.62,2240,874835.0,2.99,-2.4,-0.04,0.15
2004-07-01,600821,1.64,1.7,1.71,1.62,3544,1412188.0,5.52,4.29,0.07,0.24
2004-07-02,600821,1.71,1.7,1.71,1.65,2960,1178249.0,3.53,0.0,0.0,0.2
2004-07-05,600821,1.69,1.71,1.71,1.67,2668,1065626.0,2.35,0.59,0.01,0.18
2004-07-06,600821,1.71,1.72,1.74,1.7,3340,1356172.0,2.34,0.58,0.01,0.23
2004-07-07,600821,1.72,1.71,1.72,1.7,1752,704843.0,1.16,-0.58,-0.01,0.12
2004-07-08,600821,1.72,1.74,1.74,1.68,2814,1130566.0,3.51,1.75,0.03,0.19
2004-07-09,600821,1.74,1.72,1.74,1.7,3897,1576563.0,2.3,-1.15,-0.02,0.27
2004-07-12,600821,1.74,1.69,1.74,1.68,6688,2690591.0,3.49,-1.74,-0.03,0.46
2004-07-13,600821,1.71,1.78,1.79,1.7,18858,7753728.0,5.33,5.33,0.09,1.3
2004-07-14,600821,1.78,1.76,1.78,1.71,8451,3463305.0,3.93,-1.12,-0.02,0.58
2004-07-15,600821,1.76,1.74,1.76,1.7,5982,2430570.0,3.41,-1.14,-0.02,0.41
2004-07-16,600821,1.74,1.78,1.78,1.71,11067,4567977.0,4.02,2.3,0.04,0.76
2004-07-19,600821,1.79,1.77,1.79,1.76,4770,1976110.0,1.69,-0.56,-0.01,0.33
2004-07-20,600821,1.77,1.73,1.77,1.73,3917,1601337.0,2.26,-2.26,-0.04,0.27
2004-07-21,600821,1.73,1.71,1.74,1.7,4851,1960511.0,2.31,-1.16,-0.02,0.33
2004-07-22,600821,1.7,1.67,1.72,1.67,5341,2131990.0,2.92,-2.34,-0.04,0.37
2004-07-23,600821,1.67,1.67,1.68,1.65,3298,1301446.0,1.8,0.0,0.0,0.23
2004-07-26,600821,1.67,1.65,1.67,1.64,2202,865763.0,1.8,-1.2,-0.02,0.15
2004-07-27,600821,1.65,1.63,1.66,1.62,3039,1187763.0,2.42,-1.21,-0.02,0.21
2004-07-28,600821,1.61,1.64,1.66,1.61,1633,635814.0,3.07,0.61,0.01,0.11
2004-07-29,600821,1.64,1.67,1.68,1.63,2137,840273.0,3.05,1.83,0.03,0.15
2004-07-30,600821,1.67,1.64,1.67,1.64,1247,488111.0,1.8,-1.8,-0.03,0.09
2004-08-02,600821,1.63,1.63,1.65,1.62,1350,523235.0,1.83,-0.61,-0.01,0.09
2004-08-03,600821,1.63,1.62,1.63,1.61,1614,623959.0,1.23,-0.61,-0.01,0.11
2004-08-04,600821,1.63,1.68,1.68,1.62,2613,1030735.0,3.7,3.7,0.06,0.18
2004-08-05,600821,1.67,1.66,1.68,1.65,2121,835198.0,1.79,-1.19,-0.02,0.15
2004-08-06,600821,1.65,1.64,1.67,1.63,1497,585677.0,2.41,-1.2,-0.02,0.1
2004-08-09,600821,1.64,1.67,1.67,1.63,1489,581797.0,2.44,1.83,0.03,0.1
2004-08-10,600821,1.67,1.66,1.68,1.66,2533,1003231.0,1.2,-0.6,-0.01,0.17
2004-08-11,600821,1.66,1.64,1.67,1.63,1679,657377.0,2.41,-1.2,-0.02,0.12
2004-08-12,600821,1.62,1.58,1.62,1.56,3954,1500240.0,3.66,-3.66,-0.06,0.27
2004-08-13,600821,1.58,1.6,1.61,1.57,1870,711231.0,2.53,1.27,0.02,0.13
2004-08-16,600821,1.61,1.59,1.61,1.55,3559,1340640.0,3.75,-0.63,-0.01,0.24
2004-08-17,600821,1.63,1.61,1.63,1.59,2725,1046109.0,2.52,1.26,0.02,0.19
2004-08-18,600821,1.67,1.61,1.67,1.58,7102,2769659.0,5.59,0.0,0.0,0.49
2004-08-19,600821,1.58,1.52,1.59,1.47,4126,1523266.0,7.45,-5.59,-0.09,0.28
2004-08-20,600821,1.52,1.53,1.55,1.48,1987,724692.0,4.61,0.66,0.01,0.14
2004-08-23,600821,1.48,1.52,1.52,1.47,1905,688752.0,3.27,-0.65,-0.01,0.13
2004-08-24,600821,1.52,1.56,1.56,1.49,3222,1199999.0,4.61,2.63,0.04,0.22
2004-08-25,600821,1.54,1.52,1.55,1.51,2296,848316.0,2.56,-2.56,-0.04,0.16
2004-08-26,600821,1.51,1.5,1.52,1.5,1462,534581.0,1.32,-1.32,-0.02,0.1
2004-08-27,600821,1.5,1.51,1.52,1.48,1943,704715.0,2.67,0.67,0.01,0.13
2004-08-30,600821,1.47,1.49,1.51,1.47,1116,403052.0,2.65,-1.32,-0.02,0.08
2004-08-31,600821,1.51,1.57,1.58,1.51,4730,1770922.0,4.7,5.37,0.08,0.32
2004-09-01,600821,1.57,1.53,1.58,1.53,3772,1408544.0,3.18,-2.55,-0.04,0.26
2004-09-02,600821,1.51,1.58,1.61,1.51,4781,1798509.0,6.54,3.27,0.05,0.33
2004-09-03,600821,1.56,1.61,1.62,1.56,6393,2444033.0,3.8,1.9,0.03,0.44
2004-09-06,600821,1.62,1.6,1.62,1.57,2186,832679.0,3.11,-0.62,-0.01,0.15
2004-09-07,600821,1.6,1.62,1.63,1.57,3429,1319955.0,3.75,1.25,0.02,0.24
2004-09-08,600821,1.64,1.57,1.64,1.56,3546,1353043.0,4.94,-3.09,-0.05,0.24
2004-09-09,600821,1.58,1.53,1.58,1.51,3076,1140073.0,4.46,-2.55,-0.04,0.21
2004-09-10,600821,1.49,1.52,1.53,1.49,3055,1114204.0,2.61,-0.65,-0.01,0.21
2004-09-13,600821,1.53,1.49,1.53,1.48,1470,533406.0,3.29,-1.97,-0.03,0.1
2004-09-14,600821,1.48,1.56,1.56,1.48,3273,1216232.0,5.37,4.7,0.07,0.22
2004-09-15,600821,1.56,1.67,1.69,1.55,15403,6039189.0,8.97,7.05,0.11,1.06
2004-09-16,600821,1.67,1.69,1.72,1.65,11998,4776171.0,4.19,1.2,0.02,0.82
2004-09-17,600821,1.67,1.72,1.72,1.64,13822,5526929.0,4.73,1.78,0.03,0.95
2004-09-20,600821,1.73,1.78,1.78,1.7,19991,8165919.0,4.65,3.49,0.06,1.37
2004-09-21,600821,1.79,1.78,1.83,1.73,21233,8822735.0,5.62,0.0,0.0,1.46
2004-09-22,600821,1.75,1.69,1.77,1.69,12436,5066210.0,4.49,-5.06,-0.09,0.85
2004-09-23,600821,1.69,1.76,1.76,1.67,8271,3335475.0,5.33,4.14,0.07,0.57
2004-09-24,600821,1.77,1.73,1.78,1.69,16249,6631002.0,5.11,-1.7,-0.03,1.12
2004-09-27,600821,1.73,1.71,1.75,1.67,10936,4380359.0,4.62,-1.16,-0.02,0.75
2004-09-28,600821,1.71,1.72,1.73,1.67,4942,1981115.0,3.51,0.58,0.01,0.34
2004-09-29,600821,1.73,1.71,1.73,1.67,4457,1782893.0,3.49,-0.58,-0.01,0.31
2004-09-30,600821,1.71,1.66,1.71,1.64,5629,2230039.0,4.09,-2.92,-0.05,0.39
2004-10-08,600821,1.68,1.71,1.73,1.6,7147,2814448.0,7.83,3.01,0.05,0.49
2004-10-11,600821,1.73,1.71,1.74,1.68,6976,2818300.0,3.51,0.0,0.0,0.48
2004-10-12,600821,1.73,1.69,1.75,1.68,5766,2309557.0,4.09,-1.17,-0.02,0.4
2004-10-13,600821,1.71,1.7,1.71,1.67,4423,1763315.0,2.37,0.59,0.01,0.3
2004-10-14,600821,1.71,1.68,1.71,1.61,13871,5494239.0,5.88,-1.18,-0.02,0.95
2004-10-15,600821,1.7,1.67,1.71,1.63,15547,6176460.0,4.76,-0.6,-0.01,1.07
2004-10-18,600821,1.69,1.67,1.69,1.61,11689,4612357.0,4.79,0.0,0.0,0.8
2004-10-19,600821,1.68,1.68,1.69,1.64,7341,2904947.0,2.99,0.6,0.01,0.5
2004-10-20,600821,1.7,1.64,1.71,1.56,21401,8432860.0,8.93,-2.38,-0.04,1.47
2004-10-21,600821,1.64,1.43,1.68,1.43,10315,3755369.0,15.24,-12.8,-0.21,0.71
2004-10-22,600821,1.47,1.46,1.48,1.27,15518,5382992.0,14.69,2.1,0.03,1.07
2004-10-25,600821,1.42,1.41,1.46,1.3,10561,3595497.0,10.96,-3.42,-0.05,0.73
2004-10-26,600821,1.37,1.44,1.44,1.33,7305,2499060.0,7.8,2.13,0.03,0.5
2004-10-27,600821,1.45,1.47,1.47,1.38,35973,12780709.0,6.25,2.08,0.03,2.47
2004-10-28,600821,1.47,1.47,1.53,1.41,34067,12270424.0,8.16,0.0,0.0,2.34
2004-10-29,600821,1.45,1.45,1.45,1.38,23520,8225542.0,4.76,-1.36,-0.02,1.62
2004-11-01,600821,1.47,1.56,1.58,1.45,47139,17276926.0,8.97,7.59,0.11,3.24
2004-11-02,600821,1.56,1.52,1.6,1.49,21676,8023381.0,7.05,-2.56,-0.04,1.49
2004-11-03,600821,1.56,1.54,1.56,1.49,10225,3767050.0,4.61,1.32,0.02,0.7
2004-11-04,600821,1.5,1.47,1.54,1.45,8140,2972004.0,5.84,-4.55,-0.07,0.56
2004-11-05,600821,1.47,1.47,1.5,1.47,7641,2744199.0,2.04,0.0,0.0,0.52
2004-11-08,600821,1.47,1.44,1.49,1.44,5330,1912331.0,3.4,-2.04,-0.03,0.37
2004-11-09,600821,1.45,1.41,1.45,1.4,4551,1589811.0,3.47,-2.08,-0.03,0.31
2004-11-10,600821,1.42,1.48,1.48,1.39,6545,2320650.0,6.38,4.96,0.07,0.45
2004-11-11,600821,1.48,1.47,1.52,1.45,10927,3949613.0,4.73,-0.68,-0.01,0.75
2004-11-12,600821,1.47,1.5,1.56,1.42,15918,5786739.0,9.52,2.04,0.03,1.09
2004-11-15,600821,1.5,1.5,1.51,1.46,7507,2714977.0,3.33,0.0,0.0,0.52
2004-11-16,600821,1.51,1.48,1.53,1.48,4058,1472446.0,3.33,-1.33,-0.02,0.28
2004-11-17,600821,1.49,1.51,1.54,1.49,9413,3443851.0,3.38,2.03,0.03,0.65
2004-11-18,600821,1.5,1.53,1.57,1.47,11611,4275378.0,6.62,1.32,0.02,0.8
2004-11-19,600821,1.53,1.53,1.54,1.5,7151,2629987.0,2.61,0.0,0.0,0.49
2004-11-22,600821,1.53,1.55,1.55,1.51,11052,4096847.0,2.61,1.31,0.02,0.76
2004-11-23,600821,1.55,1.56,1.56,1.52,8189,3045870.0,2.58,0.65,0.01,0.56
2004-11-24,600821,1.57,1.49,1.58,1.49,6774,2514614.0,5.77,-4.49,-0.07,0.47
2004-11-25,600821,1.5,1.5,1.51,1.44,7355,2641972.0,4.7,0.67,0.01,0.51
2004-11-26,600821,1.5,1.5,1.55,1.47,5347,1962119.0,5.33,0.0,0.0,0.37
2004-11-29,600821,1.49,1.48,1.5,1.45,3953,1424802.0,3.33,-1.33,-0.02,0.27
2004-11-30,600821,1.47,1.49,1.54,1.46,6398,2336843.0,5.41,0.68,0.01,0.44
2004-12-01,600821,1.49,1.47,1.51,1.47,3581,1289622.0,2.68,-1.34,-0.02,0.25
2004-12-02,600821,1.47,1.53,1.55,1.47,18890,6922804.0,5.44,4.08,0.06,1.3
2004-12-03,600821,1.54,1.57,1.57,1.51,14218,5307829.0,3.92,2.61,0.04,0.98
2004-12-06,600821,1.59,1.55,1.6,1.53,8612,3228803.0,4.46,-1.27,-0.02,0.59
2004-12-07,600821,1.54,1.48,1.55,1.48,5541,2032919.0,4.52,-4.52,-0.07,0.38
2004-12-08,600821,1.49,1.5,1.51,1.48,3898,1416322.0,2.03,1.35,0.02,0.27
2004-12-09,600821,1.5,1.49,1.52,1.47,3471,1261303.0,3.33,-0.67,-0.01,0.24
2004-12-10,600821,1.49,1.45,1.49,1.44,6054,2164197.0,3.36,-2.68,-0.04,0.42
2004-12-13,600821,1.44,1.38,1.44,1.37,5022,1729264.0,4.83,-4.83,-0.07,0.34
2004-12-14,600821,1.41,1.4,1.41,1.38,4070,1401652.0,2.17,1.45,0.02,0.28
2004-12-15,600821,1.37,1.36,1.4,1.33,3189,1079308.0,5.0,-2.86,-0.04,0.22
2004-12-16,600821,1.36,1.34,1.36,1.33,1619,543399.0,2.21,-1.47,-0.02,0.11
2004-12-17,600821,1.34,1.31,1.35,1.31,3630,1204834.0,2.99,-2.24,-0.03,0.25
2004-12-20,600821,1.3,1.33,1.34,1.3,1847,609713.0,3.05,1.53,0.02,0.13
2004-12-21,600821,1.34,1.34,1.37,1.33,1369,460007.0,3.01,0.75,0.01,0.09
2004-12-22,600821,1.36,1.39,1.39,1.34,2951,1004653.0,3.73,3.73,0.05,0.2
2004-12-23,600821,1.39,1.34,1.4,1.33,2310,779981.0,5.04,-3.6,-0.05,0.16
2004-12-24,600821,1.34,1.35,1.37,1.34,1805,606143.0,2.24,0.75,0.01,0.12
2004-12-27,600821,1.37,1.33,1.37,1.33,1096,366164.0,2.96,-1.48,-0.02,0.08
2004-12-28,600821,1.34,1.31,1.36,1.3,2825,934092.0,4.51,-1.5,-0.02,0.19
2004-12-29,600821,1.3,1.31,1.35,1.3,2281,755656.0,3.82,0.0,0.0,0.16
2004-12-30,600821,1.31,1.31,1.33,1.3,1761,579332.0,2.29,0.0,0.0,0.12
2004-12-31,600821,1.31,1.28,1.33,1.28,2387,777904.0,3.82,-2.29,-0.03,0.16
2005-01-04,600821,1.23,1.2,1.27,1.2,2236,702011.0,5.47,-6.25,-0.08,0.15
2005-01-05,600821,1.21,1.24,1.25,1.2,3771,1182485.0,4.17,3.33,0.04,0.26
2005-01-06,600821,1.21,1.24,1.24,1.21,1647,517701.0,2.42,0.0,0.0,0.11
2005-01-07,600821,1.24,1.26,1.28,1.24,4205,1345175.0,3.23,1.61,0.02,0.29
2005-01-10,600821,1.27,1.26,1.28,1.26,1677,540125.0,1.59,0.0,0.0,0.12
2005-01-11,600821,1.27,1.28,1.29,1.25,2790,898086.0,3.17,1.59,0.02,0.19
2005-01-12,600821,1.28,1.27,1.28,1.25,1476,473928.0,2.34,-0.78,-0.01,0.1
2005-01-13,600821,1.28,1.26,1.28,1.25,2542,815923.0,2.36,-0.79,-0.01,0.17
2005-01-14,600821,1.26,1.25,1.29,1.25,1774,568962.0,3.17,-0.79,-0.01,0.12
2005-01-17,600821,1.22,1.22,1.26,1.2,3186,995391.0,4.8,-2.4,-0.03,0.22
2005-01-18,600821,1.22,1.24,1.25,1.21,2498,782906.0,3.28,1.64,0.02,0.17
2005-01-19,600821,1.23,1.28,1.31,1.21,5388,1739728.0,8.06,3.23,0.04,0.37
2005-01-20,600821,1.27,1.25,1.3,1.23,2626,837872.0,5.47,-2.34,-0.03,0.18
2005-01-21,600821,1.23,1.31,1.31,1.23,6100,1975721.0,6.4,4.8,0.06,0.42
2005-01-24,600821,1.34,1.31,1.36,1.3,6609,2189229.0,4.58,0.0,0.0,0.45
2005-01-25,600821,1.31,1.28,1.31,1.28,2832,920916.0,2.29,-2.29,-0.03,0.19
2005-01-26,600821,1.29,1.26,1.3,1.25,3598,1154647.0,3.91,-1.56,-0.02,0.25
2005-01-27,600821,1.25,1.24,1.26,1.23,2754,870690.0,2.38,-1.59,-0.02,0.19
2005-01-28,600821,1.23,1.21,1.24,1.2,2452,763252.0,3.23,-2.42,-0.03,0.17
2005-01-31,600821,1.21,1.12,1.21,1.1,3616,1081690.0,9.09,-7.44,-0.09,0.25
2005-02-01,600821,1.12,1.09,1.15,1.09,2752,805297.0,5.36,-2.68,-0.03,0.19
2005-02-02,600821,1.09,1.16,1.16,1.09,5170,1528419.0,6.42,6.42,0.07,0.36
2005-02-03,600821,1.16,1.13,1.18,1.13,4827,1438726.0,4.31,-2.59,-0.03,0.33
2005-02-04,600821,1.13,1.15,1.16,1.13,4467,1331136.0,2.65,1.77,0.02,0.31
2005-02-16,600821,1.16,1.18,1.2,1.15,3632,1105182.0,4.35,2.61,0.03,0.25
2005-02-17,600821,1.18,1.17,1.18,1.15,2843,858302.0,2.54,-0.85,-0.01,0.2
2005-02-18,600821,1.17,1.17,1.18,1.16,3164,960246.0,1.71,0.0,0.0,0.22
2005-02-21,600821,1.17,1.2,1.2,1.16,3657,1115931.0,3.42,2.56,0.03,0.25
2005-02-22,600821,1.2,1.23,1.23,1.18,7444,2308989.0,4.17,2.5,0.03,0.51
2005-02-23,600821,1.21,1.24,1.27,1.21,8578,2712084.0,4.88,0.81,0.01,0.59
2005-02-24,600821,1.22,1.25,1.25,1.22,6367,2007049.0,2.42,0.81,0.01,0.44
2005-02-25,600821,1.25,1.24,1.28,1.23,8414,2686152.0,4.0,-0.8,-0.01,0.58
2005-02-28,600821,1.26,1.23,1.26,1.22,4594,1450414.0,3.23,-0.81,-0.01,0.32
2005-03-01,600821,1.23,1.23,1.23,1.21,2774,868918.0,1.63,0.0,0.0,0.19
2005-03-02,600821,1.22,1.21,1.24,1.21,3695,1158739.0,2.44,-1.63,-0.02,0.25
2005-03-03,600821,1.2,1.21,1.21,1.18,3455,1065651.0,2.48,0.0,0.0,0.24
2005-03-04,600821,1.21,1.19,1.21,1.18,1948,599763.0,2.48,-1.65,-0.02,0.13
2005-03-07,600821,1.2,1.22,1.22,1.19,3734,1155847.0,2.52,2.52,0.03,0.26
2005-03-08,600821,1.22,1.25,1.26,1.2,6635,2087792.0,4.92,2.46,0.03,0.46
2005-03-09,600821,1.25,1.25,1.27,1.22,7630,2417847.0,4.0,0.0,0.0,0.52
2005-03-10,600821,1.25,1.19,1.25,1.18,3466,1085333.0,5.6,-4.8,-0.06,0.24
2005-03-11,600821,1.19,1.2,1.21,1.18,5115,1570420.0,2.52,0.84,0.01,0.35
2005-03-14,600821,1.2,1.2,1.21,1.16,6654,2037004.0,4.17,0.0,0.0,0.46
2005-03-15,600821,1.24,1.24,1.25,1.19,20009,6323121.0,5.0,3.33,0.04,1.37
2005-03-16,600821,1.24,1.27,1.28,1.23,19371,6179602.0,4.03,2.42,0.03,1.33
2005-03-17,600821,1.27,1.28,1.3,1.24,18300,5919772.0,4.72,0.79,0.01,1.26
2005-03-18,600821,1.28,1.24,1.3,1.24,15112,4850032.0,4.69,-3.13,-0.04,1.04
2005-03-21,600821,1.25,1.31,1.34,1.24,43482,14261498.0,8.06,5.65,0.07,2.99
2005-03-22,600821,1.3,1.15,1.3,1.13,34342,10515470.0,12.98,-12.21,-0.16,2.36
2005-03-23,600821,1.13,1.21,1.23,1.0,36551,10863039.0,20.0,5.22,0.06,2.51
2005-03-24,600821,1.21,1.35,1.37,1.2,86256,28799111.0,14.05,11.57,0.14,5.92
2005-03-25,600821,1.31,1.34,1.35,1.27,36808,12199579.0,5.93,-0.74,-0.01,2.53
2005-03-28,600821,1.35,1.3,1.36,1.25,17405,5671791.0,8.21,-2.99,-0.04,1.2
2005-03-29,600821,1.29,1.29,1.3,1.24,14812,4757709.0,4.62,-0.77,-0.01,1.02
2005-03-30,600821,1.23,1.11,1.27,1.11,32837,9819701.0,12.4,-13.95,-0.18,2.26
2005-03-31,600821,1.07,1.27,1.27,1.0,38705,11568185.0,24.32,14.41,0.16,2.66
2005-04-01,600821,1.27,1.28,1.33,1.21,41252,13251618.0,9.45,0.79,0.01,2.83
2005-04-04,600821,1.27,1.28,1.35,1.22,29740,9781738.0,10.16,0.0,0.0,2.04
2005-04-05,600821,1.25,1.23,1.3,1.16,19533,6165130.0,10.94,-3.91,-0.05,1.34
2005-04-06,600821,1.22,1.23,1.25,1.16,13308,4110837.0,7.32,0.0,0.0,0.91
2005-04-07,600821,1.23,1.23,1.27,1.19,21985,6964506.0,6.5,0.0,0.0,1.51
2005-04-08,600821,1.21,1.22,1.23,1.18,14805,4589704.0,4.07,-0.81,-0.01,1.02
2005-04-11,600821,1.21,1.18,1.22,1.17,16959,5204580.0,4.1,-3.28,-0.04,1.16
2005-04-12,600821,1.16,1.13,1.21,1.13,12728,3865938.0,6.78,-4.24,-0.05,0.87
2005-04-13,600821,1.15,1.16,1.18,1.14,13858,4179377.0,3.54,2.65,0.03,0.95
2005-04-14,600821,1.17,1.18,1.24,1.15,19011,5891870.0,7.76,1.72,0.02,1.31
2005-04-15,600821,1.17,1.11,1.18,1.1,10504,3095592.0,6.78,-5.93,-0.07,0.72
2005-04-18,600821,1.1,1.07,1.1,1.03,9884,2793322.0,6.31,-3.6,-0.04,0.68
2005-04-19,600821,1.08,1.08,1.11,1.07,6285,1810957.0,3.74,0.93,0.01,0.43
2005-04-20,600821,1.09,1.04,1.09,1.03,5982,1677325.0,5.56,-3.7,-0.04,0.41
2005-04-21,600821,1.02,0.94,1.04,0.91,10016,2681179.0,12.5,-9.62,-0.1,0.69
2005-04-22,600821,0.97,0.96,1.01,0.95,7728,2067597.0,6.38,2.13,0.02,0.53
2005-04-25,600821,0.97,0.88,0.97,0.85,7800,1993560.0,12.5,-8.33,-0.08,0.54
2005-04-26,600821,0.89,0.95,0.95,0.89,6470,1672507.0,6.82,7.95,0.07,0.44
2005-04-27,600821,0.96,0.93,0.97,0.92,4404,1149199.0,5.26,-2.11,-0.02,0.3
2005-04-28,600821,0.91,0.99,0.99,0.91,6528,1733705.0,8.6,6.45,0.06,0.45
2005-04-29,600821,0.99,0.96,0.99,0.95,3377,897349.0,4.04,-3.03,-0.03,0.23
2005-05-09,600821,0.96,0.88,0.97,0.88,3392,869394.0,9.38,-8.33,-0.08,0.23
2005-05-10,600821,0.87,0.89,0.9,0.82,6176,1511370.0,9.09,1.14,0.01,0.42
2005-05-11,600821,0.86,0.87,0.9,0.85,4130,1032539.0,5.62,-2.25,-0.02,0.28
2005-05-12,600821,0.88,0.89,0.91,0.84,3880,971024.0,8.05,2.3,0.02,0.27
2005-05-13,600821,0.88,0.97,1.0,0.86,9095,2347756.0,15.73,8.99,0.08,0.62
2005-05-16,600821,0.94,0.96,0.98,0.93,8710,2297110.0,5.15,-1.03,-0.01,0.6
2005-05-17,600821,0.95,0.95,0.97,0.93,4596,1206574.0,4.17,-1.04,-0.01,0.32
2005-05-18,600821,0.94,0.97,0.97,0.94,5257,1390586.0,3.16,2.11,0.02,0.36
2005-05-19,600821,0.96,0.97,0.98,0.95,3420,908460.0,3.09,0.0,0.0,0.23
2005-05-20,600821,0.98,0.95,0.98,0.94,3678,968029.0,4.12,-2.06,-0.02,0.25
2005-05-23,600821,0.93,0.86,0.93,0.86,4656,1166874.0,7.37,-9.47,-0.09,0.32
2005-05-24,600821,0.83,0.91,0.93,0.83,3222,817243.0,11.63,5.81,0.05,0.22
2005-05-25,600821,0.91,0.92,0.94,0.9,3776,970960.0,4.4,1.1,0.01,0.26
2005-05-26,600821,0.91,0.91,0.94,0.89,2586,658635.0,5.43,-1.09,-0.01,0.18
2005-05-27,600821,0.91,0.93,0.93,0.89,3631,929245.0,4.4,2.2,0.02,0.25
2005-05-31,600821,0.98,1.01,1.07,0.98,40254,11104319.0,9.68,8.6,0.08,2.76
2005-06-01,600821,0.98,1.0,1.0,0.95,13926,3731181.0,4.95,-0.99,-0.01,0.96
2005-06-02,600821,0.98,0.99,1.0,0.97,6372,1709741.0,3.0,-1.0,-0.01,0.44
2005-06-03,600821,0.98,0.97,1.0,0.95,6285,1682681.0,5.05,-2.02,-0.02,0.43
2005-06-06,600821,0.96,0.98,0.98,0.94,8465,2246376.0,4.12,1.03,0.01,0.58
2005-06-07,600821,0.99,0.98,1.05,0.95,12377,3384200.0,10.2,0.0,0.0,0.85
2005-06-08,600821,0.97,1.07,1.09,0.97,24691,6932462.0,12.24,9.18,0.09,1.7
2005-06-09,600821,1.07,1.06,1.09,1.02,18136,5127883.0,6.54,-0.93,-0.01,1.25
2005-06-10,600821,1.06,1.0,1.06,0.99,9849,2720554.0,6.6,-5.66,-0.06,0.68
2005-06-13,600821,1.0,1.02,1.04,1.0,6532,1796305.0,4.0,2.0,0.02,0.45
2005-06-14,600821,1.02,0.99,1.04,0.98,6067,1665823.0,5.88,-2.94,-0.03,0.42
2005-06-15,600821,0.99,0.95,0.99,0.94,4871,1280017.0,5.05,-4.04,-0.04,0.33
2005-06-16,600821,0.94,0.96,0.97,0.94,4202,1105310.0,3.16,1.05,0.01,0.29
2005-06-17,600821,0.96,0.95,0.97,0.94,3234,848758.0,3.13,-1.04,-0.01,0.22
2005-06-20,600821,0.97,0.98,0.98,0.93,5833,1544014.0,5.26,3.16,0.03,0.4
2005-06-21,600821,0.97,0.98,0.99,0.95,5572,1485134.0,4.08,0.0,0.0,0.38
2005-06-22,600821,0.98,0.98,0.98,0.96,2851,761651.0,2.04,0.0,0.0,0.2
2005-06-23,600821,0.98,0.97,1.01,0.97,6243,1693123.0,4.08,-1.02,-0.01,0.43
2005-06-24,600821,0.97,0.96,0.97,0.94,3645,963009.0,3.09,-1.03,-0.01,0.25
2005-06-27,600821,0.99,1.0,1.02,0.98,9087,2470455.0,4.17,4.17,0.04,0.62
2005-06-28,600821,0.99,0.95,1.0,0.94,4746,1254434.0,6.0,-5.0,-0.05,0.33
2005-06-29,600821,0.96,0.95,0.96,0.94,3000,788178.0,2.11,0.0,0.0,0.21
2005-06-30,600821,0.96,0.88,0.96,0.87,5083,1300160.0,9.47,-7.37,-0.07,0.35
2005-07-01,600821,0.88,0.84,0.91,0.84,6582,1628205.0,7.95,-4.55,-0.04,0.45
2005-07-04,600821,0.84,0.8,0.84,0.73,8312,1928307.0,13.1,-4.76,-0.04,0.57
2005-07-05,600821,0.78,0.81,0.81,0.77,5677,1329295.0,5.0,1.25,0.01,0.39
2005-07-06,600821,0.82,0.86,0.87,0.81,11786,2856877.0,7.41,6.17,0.05,0.81
2005-07-07,600821,0.86,0.84,0.86,0.81,5855,1411499.0,5.81,-2.33,-0.02,0.4
2005-07-08,600821,0.87,0.85,0.9,0.84,15033,3717428.0,7.14,1.19,0.01,1.03
2005-07-11,600821,0.85,0.77,0.87,0.76,7313,1754710.0,12.94,-9.41,-0.08,0.5
2005-07-12,600821,0.77,0.82,0.82,0.75,7238,1686122.0,9.09,6.49,0.05,0.5
2005-07-13,600821,0.82,0.8,0.83,0.78,5481,1289032.0,6.1,-2.44,-0.02,0.38
2005-07-14,600821,0.83,0.82,0.83,0.78,5311,1261516.0,6.25,2.5,0.02,0.36
2005-07-15,600821,0.82,0.8,0.82,0.78,4702,1101702.0,4.88,-2.44,-0.02,0.32
2005-07-18,600821,0.84,0.83,0.84,0.8,11375,2711266.0,5.0,3.75,0.03,0.78
2005-07-19,600821,0.82,0.81,0.83,0.78,5727,1345436.0,6.02,-2.41,-0.02,0.39
2005-07-20,600821,0.81,0.83,0.83,0.8,5097,1208680.0,3.7,2.47,0.02,0.35
2005-07-21,600821,0.82,0.81,0.84,0.8,5876,1405737.0,4.82,-2.41,-0.02,0.4
2005-07-22,600821,0.83,0.85,0.88,0.8,13750,3342428.0,9.88,4.94,0.04,0.94
2005-07-25,600821,0.85,0.85,0.86,0.83,5592,1353623.0,3.53,0.0,0.0,0.38
2005-07-26,600821,0.84,0.89,0.9,0.83,15927,3962996.0,8.24,4.71,0.04,1.09
2005-07-27,600821,0.9,0.93,0.93,0.87,12493,3159869.0,6.74,4.49,0.04,0.86
2005-07-28,600821,0.94,0.95,1.0,0.94,36771,9754671.0,6.45,2.15,0.02,2.53
2005-07-29,600821,0.95,0.91,0.95,0.9,8834,2273386.0,5.26,-4.21,-0.04,0.61
2005-08-01,600821,0.91,0.92,0.93,0.9,6248,1603663.0,3.3,1.1,0.01,0.43
2005-08-02,600821,0.92,0.95,0.96,0.92,7941,2074733.0,4.35,3.26,0.03,0.55
2005-08-03,600821,0.95,0.95,0.97,0.94,12737,3361428.0,3.16,0.0,0.0,0.87
2005-08-04,600821,0.94,0.91,0.94,0.9,6777,1739136.0,4.21,-4.21,-0.04,0.47
2005-08-05,600821,0.91,0.94,0.95,0.91,11349,2943143.0,4.4,3.3,0.03,0.78
2005-08-08,600821,0.95,0.99,1.0,0.95,20345,5422219.0,5.32,5.32,0.05,1.4
2005-08-09,600821,0.99,1.0,1.03,0.96,25428,6912817.0,7.07,1.01,0.01,1.75
2005-08-10,600821,1.03,1.06,1.07,1.01,43287,12125165.0,6.0,6.0,0.06,2.97
2005-08-11,600821,1.05,1.04,1.05,1.02,18335,5098089.0,2.83,-1.89,-0.02,1.26
2005-08-12,600821,1.03,0.98,1.05,0.97,16278,4474621.0,7.69,-5.77,-0.06,1.12
2005-08-15,600821,0.97,1.02,1.02,0.97,12325,3327648.0,5.1,4.08,0.04,0.85
2005-08-16,600821,1.02,1.01,1.03,0.98,14115,3854502.0,4.9,-0.98,-0.01,0.97
2005-08-17,600821,1.01,1.02,1.03,0.96,15924,4319803.0,6.93,0.99,0.01,1.09
2005-08-18,600821,1.02,0.96,1.05,0.94,18818,5206158.0,10.78,-5.88,-0.06,1.29
2005-08-19,600821,0.94,0.93,0.97,0.91,10249,2685265.0,6.25,-3.13,-0.03,0.7
2005-08-22,600821,0.96,0.98,0.99,0.93,7844,2078597.0,6.45,5.38,0.05,0.54
2005-08-23,600821,0.98,1.01,1.02,0.97,15190,4114375.0,5.1,3.06,0.03,1.04
2005-08-24,600821,0.98,1.01,1.01,0.98,9909,2697552.0,2.97,0.0,0.0,0.68
2005-08-25,600821,0.99,1.01,1.01,0.98,6815,1841250.0,2.97,0.0,0.0,0.47
2005-08-26,600821,1.01,1.04,1.05,1.0,17909,4966994.0,4.95,2.97,0.03,1.23
2005-08-29,600821,1.07,1.05,1.08,1.03,24518,6919459.0,4.81,0.96,0.01,1.68
2005-08-30,600821,1.04,1.01,1.04,1.0,12518,3433958.0,3.81,-3.81,-0.04,0.86
2005-08-31,600821,1.0,1.07,1.08,1.0,23716,6681326.0,7.92,5.94,0.06,1.63
2005-09-01,600821,1.06,1.09,1.11,1.05,28077,8081496.0,5.61,1.87,0.02,1.93
2005-09-02,600821,1.09,1.12,1.15,1.08,30246,8908545.0,6.42,2.75,0.03,2.08
2005-09-05,600821,1.13,1.14,1.15,1.08,15475,4532015.0,6.25,1.79,0.02,1.06
2005-09-06,600821,1.14,1.08,1.16,1.06,23702,7000179.0,8.77,-5.26,-0.06,1.63
2005-09-07,600821,1.07,1.18,1.18,1.05,32978,9821117.0,12.04,9.26,0.1,2.27
2005-09-08,600821,1.21,1.18,1.25,1.16,63071,19639110.0,7.63,0.0,0.0,4.33
2005-09-09,600821,1.16,1.12,1.18,1.11,20906,6234808.0,5.93,-5.08,-0.06,1.44
2005-09-12,600821,1.1,1.18,1.2,1.1,20786,6282856.0,8.93,5.36,0.06,1.43
2005-09-13,600821,1.16,1.2,1.2,1.14,14982,4554529.0,5.08,1.69,0.02,1.03
2005-09-14,600821,1.2,1.22,1.24,1.17,24088,7466355.0,5.83,1.67,0.02,1.65
2005-09-15,600821,1.21,1.2,1.21,1.19,10271,3172504.0,1.64,-1.64,-0.02,0.71
2005-09-16,600821,1.2,1.24,1.27,1.2,32361,10234744.0,5.83,3.33,0.04,2.22
2005-09-19,600821,1.24,1.27,1.27,1.23,20835,6619351.0,3.23,2.42,0.03,1.43
2005-09-20,600821,1.28,1.25,1.29,1.23,35256,11231753.0,4.72,-1.57,-0.02,2.42
2005-09-21,600821,1.25,1.26,1.28,1.24,32245,10333289.0,3.2,0.8,0.01,2.21
2005-09-22,600821,1.26,1.15,1.26,1.1,27587,8376250.0,12.7,-8.73,-0.11,1.89
2005-09-23,600821,1.14,1.15,1.17,1.11,11977,3576210.0,5.22,0.0,0.0,0.82
2005-09-26,600821,1.13,1.15,1.16,1.11,9373,2787842.0,4.35,0.0,0.0,0.64
2005-09-27,600821,1.15,1.16,1.17,1.1,14263,4246833.0,6.09,0.87,0.01,0.98
2005-09-28,600821,1.16,1.15,1.2,1.14,11420,3452536.0,5.17,-0.86,-0.01,0.78
2005-09-29,600821,1.15,1.19,1.21,1.14,28495,8711348.0,6.09,3.48,0.04,1.96
2005-09-30,600821,1.17,1.14,1.18,1.13,14035,4204812.0,4.2,-4.2,-0.05,0.96
2005-10-10,600821,1.14,1.14,1.16,1.11,5935,1762999.0,4.39,0.0,0.0,0.41
2005-10-11,600821,1.13,1.17,1.18,1.12,7529,2256686.0,5.26,2.63,0.03,0.52
2005-10-12,600821,1.17,1.17,1.18,1.14,9110,2745757.0,3.42,0.0,0.0,0.63
2005-10-13,600821,1.16,1.2,1.21,1.16,13771,4216978.0,4.27,2.56,0.03,0.95
2005-10-14,600821,1.2,1.16,1.22,1.15,16519,5060734.0,5.83,-3.33,-0.04,1.13
2005-10-17,600821,1.15,1.1,1.15,1.08,13311,3868883.0,6.03,-5.17,-0.06,0.91
2005-10-18,600821,1.1,1.13,1.14,1.1,8516,2513139.0,3.64,2.73,0.03,0.58
2005-10-19,600821,1.13,1.13,1.2,1.1,15843,4761975.0,8.85,0.0,0.0,1.09
2005-10-20,600821,1.12,1.15,1.15,1.11,6614,1960849.0,3.54,1.77,0.02,0.45
2005-10-21,600821,1.15,1.15,1.16,1.12,5773,1719895.0,3.48,0.0,0.0,0.4
2005-10-24,600821,1.15,1.13,1.15,1.11,6486,1913122.0,3.48,-1.74,-0.02,0.45
2005-10-25,600821,1.11,1.08,1.13,1.08,7263,2102175.0,4.42,-4.42,-0.05,0.5
2005-10-26,600821,1.08,1.02,1.08,1.01,9019,2517113.0,6.48,-5.56,-0.06,0.62
2005-10-27,600821,1.02,0.98,1.03,0.96,5951,1611756.0,6.86,-3.92,-0.04,0.41
2005-10-28,600821,0.96,0.91,0.96,0.9,9095,2350066.0,6.12,-7.14,-0.07,0.62
2005-10-31,600821,0.89,0.93,0.94,0.89,5015,1292964.0,5.49,2.2,0.02,0.34
2005-11-01,600821,0.93,0.88,0.93,0.88,6961,1749445.0,5.38,-5.38,-0.05,0.48
2005-11-02,600821,0.88,0.92,0.93,0.88,6308,1612121.0,5.68,4.55,0.04,0.43
2005-11-03,600821,0.92,0.89,0.93,0.89,3558,908390.0,4.35,-3.26,-0.03,0.24
2005-11-04,600821,0.89,0.92,0.93,0.89,3539,903113.0,4.49,3.37,0.03,0.24
2005-11-07,600821,0.92,0.95,0.95,0.92,6498,1689022.0,3.26,3.26,0.03,0.45
2005-11-08,600821,0.95,0.96,0.97,0.93,6127,1607114.0,4.21,1.05,0.01,0.42
2005-11-09,600821,0.96,0.94,0.96,0.94,4614,1208411.0,2.08,-2.08,-0.02,0.32
2005-11-10,600821,0.93,0.88,0.94,0.87,7194,1809728.0,7.45,-6.38,-0.06,0.49
2005-11-11,600821,0.88,0.87,0.88,0.84,4897,1205765.0,4.55,-1.14,-0.01,0.34
2005-11-14,600821,0.87,0.88,0.89,0.84,3966,978656.0,5.75,1.15,0.01,0.27
2005-11-15,600821,0.89,0.89,0.91,0.87,5152,1294822.0,4.55,1.14,0.01,0.35
2005-11-16,600821,0.89,0.89,0.9,0.85,2992,746055.0,5.62,0.0,0.0,0.21
2005-11-17,600821,0.88,0.9,0.91,0.88,4406,1117123.0,3.37,1.12,0.01,0.3
2005-11-18,600821,0.89,0.93,0.94,0.89,6873,1772988.0,5.56,3.33,0.03,0.47
2005-11-21,600821,0.93,0.93,0.95,0.92,5248,1361456.0,3.23,0.0,0.0,0.36
2005-11-22,600821,0.93,0.9,0.94,0.9,2834,724729.0,4.3,-3.23,-0.03,0.19
2005-11-23,600821,0.89,0.91,0.92,0.89,2342,596318.0,3.33,1.11,0.01,0.16
2005-11-24,600821,0.91,0.93,0.95,0.9,3301,850993.0,5.49,2.2,0.02,0.23
2005-11-25,600821,0.93,0.94,0.95,0.9,5342,1381419.0,5.38,1.08,0.01,0.37
2005-11-28,600821,0.93,0.92,0.94,0.91,1957,504103.0,3.19,-2.13,-0.02,0.13
2005-11-29,600821,0.92,0.9,0.92,0.9,2157,547703.0,2.17,-2.17,-0.02,0.15
2005-11-30,600821,0.89,0.91,0.92,0.89,3424,868785.0,3.33,1.11,0.01,0.24
2005-12-01,600821,0.91,0.9,0.91,0.89,2762,701304.0,2.2,-1.1,-0.01,0.19
2005-12-02,600821,0.89,0.88,0.9,0.88,2690,675340.0,2.22,-2.22,-0.02,0.18
2005-12-05,600821,0.87,0.83,0.87,0.83,2899,707093.0,4.55,-5.68,-0.05,0.2
2005-12-06,600821,0.83,0.87,0.87,0.83,3604,880015.0,4.82,4.82,0.04,0.25
2005-12-07,600821,0.88,0.93,0.94,0.87,14470,3693953.0,8.05,6.9,0.06,0.99
2005-12-08,600821,0.94,0.94,0.94,0.91,6799,1752249.0,3.23,1.08,0.01,0.47
2005-12-09,600821,0.93,0.93,0.94,0.91,5706,1473832.0,3.19,-1.06,-0.01,0.39
2005-12-12,600821,0.93,0.95,0.96,0.92,7775,2034461.0,4.3,2.15,0.02,0.53
2005-12-13,600821,0.96,0.94,0.96,0.91,6123,1582410.0,5.26,-1.05,-0.01,0.42
2005-12-14,600821,0.94,0.94,0.95,0.91,4586,1190614.0,4.26,0.0,0.0,0.32
2005-12-15,600821,0.94,0.97,0.98,0.91,19068,5022499.0,7.45,3.19,0.03,1.31
2005-12-16,600821,0.98,0.98,0.98,0.95,18866,5032851.0,3.09,1.03,0.01,1.3
2005-12-19,600821,0.98,0.97,1.0,0.97,5181,1386112.0,3.06,-1.02,-0.01,0.36
2005-12-20,600821,0.97,0.98,0.98,0.95,6058,1603886.0,3.09,1.03,0.01,0.42
2005-12-21,600821,0.96,0.95,0.98,0.95,4796,1271033.0,3.06,-3.06,-0.03,0.33
2005-12-22,600821,0.94,0.95,0.96,0.93,5071,1326968.0,3.16,0.0,0.0,0.35
2005-12-23,600821,0.94,0.97,0.97,0.94,4553,1199617.0,3.16,2.11,0.02,0.31
2005-12-26,600821,0.97,1.01,1.03,0.96,16918,4603765.0,7.22,4.12,0.04,1.16
2005-12-27,600821,1.01,1.01,1.03,0.97,7013,1904463.0,5.94,0.0,0.0,0.48
2005-12-28,600821,1.01,1.0,1.01,0.98,5380,1462479.0,2.97,-0.99,-0.01,0.37
2005-12-29,600821,1.0,1.0,1.01,0.98,7874,2136805.0,3.0,0.0,0.0,0.54
2005-12-30,600821,1.01,0.98,1.02,0.98,13264,3599654.0,4.0,-2.0,-0.02,0.91
2006-01-04,600821,0.98,1.0,1.01,0.97,5770,1563902.0,4.08,2.04,0.02,0.4
2006-01-05,600821,1.04,1.01,1.04,1.0,7719,2115998.0,4.0,1.0,0.01,0.53
2006-01-06,600821,1.01,1.05,1.05,1.0,15592,4331414.0,4.95,3.96,0.04,1.07
2006-01-09,600821,1.05,1.08,1.11,1.03,22483,6395112.0,7.62,2.86,0.03,1.54
2006-01-10,600821,1.05,1.07,1.08,1.04,7849,2219556.0,3.7,-0.93,-0.01,0.54
2006-01-11,600821,1.05,1.03,1.08,1.03,7908,2215503.0,4.67,-3.74,-0.04,0.54
2006-01-12,600821,1.03,1.07,1.07,1.03,9496,2670910.0,3.88,3.88,0.04,0.65
2006-01-13,600821,1.07,1.06,1.08,1.04,11227,3167328.0,3.74,-0.93,-0.01,0.77
2006-01-16,600821,1.06,1.08,1.09,1.05,15186,4331719.0,3.77,1.89,0.02,1.04
2006-01-17,600821,1.05,1.07,1.08,1.04,7575,2141814.0,3.7,-0.93,-0.01,0.52
2006-01-18,600821,1.05,1.1,1.1,1.05,18899,5424803.0,4.67,2.8,0.03,1.3
2006-01-19,600821,1.09,1.1,1.14,1.08,21090,6157595.0,5.45,0.0,0.0,1.45
2006-01-20,600821,1.1,1.1,1.11,1.09,11950,3465348.0,1.82,0.0,0.0,0.82
2006-01-23,600821,1.1,1.09,1.1,1.08,11223,3241043.0,1.82,-0.91,-0.01,0.77
2006-01-24,600821,1.09,1.09,1.13,1.08,12482,3625507.0,4.59,0.0,0.0,0.86
2006-01-25,600821,1.08,1.09,1.15,1.07,14360,4187596.0,7.34,0.0,0.0,0.99
2006-02-06,600821,1.1,1.15,1.16,1.1,27223,8059532.0,5.5,5.5,0.06,1.87
2006-02-07,600821,1.15,1.13,1.17,1.1,19996,5939615.0,6.09,-1.74,-0.02,1.37
2006-02-08,600821,1.13,1.18,1.2,1.13,32572,9908414.0,6.19,4.42,0.05,2.24
2006-02-09,600821,1.18,1.13,1.18,1.13,13392,4010227.0,4.24,-4.24,-0.05,0.92
2006-02-10,600821,1.13,1.16,1.16,1.12,12727,3789285.0,3.54,2.65,0.03,0.87
2006-02-13,600821,1.15,1.15,1.15,1.12,8445,2498970.0,2.59,-0.86,-0.01,0.58
2006-02-15,600821,1.17,1.16,1.18,1.13,14654,4420391.0,4.35,0.87,0.01,1.01
2006-02-16,600821,1.17,1.09,1.17,1.08,17917,5222874.0,7.76,-6.03,-0.07,1.23
2006-02-17,600821,1.09,1.09,1.1,1.07,7921,2274499.0,2.75,0.0,0.0,0.54
2006-02-20,600821,1.1,1.07,1.11,1.07,10539,3050968.0,3.67,-1.83,-0.02,0.72
2006-02-21,600821,1.08,1.14,1.15,1.07,18202,5307117.0,7.48,6.54,0.07,1.25
2006-02-22,600821,1.14,1.21,1.23,1.12,77174,23603836.0,9.65,6.14,0.07,5.3
2006-02-23,600821,1.2,1.24,1.25,1.18,86715,27083912.0,5.79,2.48,0.03,5.96
2006-02-24,600821,1.24,1.23,1.25,1.22,26505,8342619.0,2.42,-0.81,-0.01,1.82
2006-02-27,600821,1.24,1.21,1.24,1.18,18581,5760629.0,4.88,-1.63,-0.02,1.28
2006-02-28,600821,1.19,1.21,1.22,1.17,12304,3774095.0,4.13,0.0,0.0,0.85
2006-03-01,600821,1.21,1.2,1.21,1.17,12196,3747220.0,3.31,-0.83,-0.01,0.84
2006-03-02,600821,1.19,1.14,1.21,1.13,16741,5066156.0,6.67,-5.0,-0.06,1.15
2006-03-03,600821,1.13,1.14,1.17,1.1,12464,3697644.0,6.14,0.0,0.0,0.86
2006-03-06,600821,1.13,1.15,1.17,1.12,19841,5937053.0,4.39,0.88,0.01,1.36
2006-03-07,600821,1.16,1.09,1.16,1.09,12762,3766875.0,6.09,-5.22,-0.06,0.88
2006-03-08,600821,1.13,1.1,1.13,1.05,7318,2119444.0,7.34,0.92,0.01,0.5
2006-03-09,600821,1.09,1.13,1.14,1.09,8400,2474503.0,4.55,2.73,0.03,0.58
2006-03-10,600821,1.13,1.12,1.14,1.1,5615,1651963.0,3.54,-0.88,-0.01,0.39
2006-03-13,600821,1.13,1.12,1.14,1.11,4689,1384520.0,2.68,0.0,0.0,0.32
2006-03-14,600821,1.12,1.13,1.13,1.1,7536,2204325.0,2.68,0.89,0.01,0.52
2006-03-15,600821,1.1,1.12,1.15,1.1,17873,5271779.0,4.42,-0.88,-0.01,1.23
2006-03-16,600821,1.12,1.2,1.22,1.11,41150,12522070.0,9.82,7.14,0.08,2.83
2006-03-17,600821,1.19,1.14,1.19,1.14,29110,8782251.0,4.17,-5.0,-0.06,2.0
2006-03-20,600821,1.15,1.18,1.18,1.13,13242,4002434.0,4.39,3.51,0.04,0.91
2006-03-21,600821,1.17,1.2,1.23,1.16,26277,8122403.0,5.93,1.69,0.02,1.8
2006-03-22,600821,1.2,1.24,1.24,1.2,30777,9665208.0,3.33,3.33,0.04,2.11
2006-03-23,600821,1.25,1.27,1.34,1.23,54259,17636955.0,8.87,2.42,0.03,3.73
2006-03-24,600821,1.29,1.31,1.37,1.28,97182,32242539.0,7.09,3.15,0.04,6.68
2006-03-27,600821,1.33,1.49,1.49,1.33,138458,48964029.0,12.21,13.74,0.18,9.51
2006-03-28,600821,1.5,1.44,1.52,1.4,94116,33376856.0,8.05,-3.36,-0.05,6.46
2006-03-29,600821,1.41,1.42,1.49,1.4,56834,20094775.0,6.25,-1.39,-0.02,3.9
2006-03-30,600821,1.41,1.35,1.45,1.34,43035,14861368.0,7.75,-4.93,-0.07,2.96
2006-03-31,600821,1.33,1.46,1.49,1.33,48598,16917805.0,11.85,8.15,0.11,3.34
2006-04-03,600821,1.47,1.57,1.58,1.44,79070,29079902.0,9.59,7.53,0.11,5.43
2006-04-04,600821,1.57,1.55,1.6,1.49,54189,20154904.0,7.01,-1.27,-0.02,3.72
2006-04-05,600821,1.53,1.55,1.57,1.51,33423,12409485.0,3.87,0.0,0.0,2.3
2006-04-06,600821,1.55,1.49,1.56,1.48,40120,14746615.0,5.16,-3.87,-0.06,2.76
2006-04-10,600821,1.49,1.58,1.61,1.48,40156,15112345.0,8.72,6.04,0.09,2.76
2006-04-11,600821,1.58,1.55,1.63,1.5,41410,15506750.0,8.23,-1.9,-0.03,2.84
2006-04-12,600821,1.55,1.55,1.61,1.53,33071,12473795.0,5.16,0.0,0.0,2.27
2006-04-13,600821,1.54,1.42,1.61,1.42,43741,16142492.0,12.26,-8.39,-0.13,3.0
2006-04-14,600821,1.42,1.49,1.5,1.42,25094,8966009.0,5.63,4.93,0.07,1.72
2006-04-17,600821,1.47,1.48,1.5,1.45,26933,9686718.0,3.36,-0.67,-0.01,1.85
2006-04-18,600821,1.48,1.49,1.49,1.45,19452,6982838.0,2.7,0.68,0.01,1.34
2006-04-19,600821,1.48,1.53,1.54,1.47,31680,11590011.0,4.7,2.68,0.04,2.18
2006-04-20,600821,1.52,1.49,1.55,1.47,26080,9525609.0,5.23,-2.61,-0.04,1.79
2006-04-21,600821,1.48,1.44,1.49,1.4,31055,10928976.0,6.04,-3.36,-0.05,2.13
2006-04-24,600821,1.44,1.37,1.45,1.29,30551,10388612.0,11.11,-4.86,-0.07,2.1
2006-04-25,600821,1.36,1.39,1.42,1.3,25051,8531773.0,8.76,1.46,0.02,1.72
2006-04-26,600821,1.4,1.57,1.57,1.39,52636,19136763.0,12.95,12.95,0.18,3.62
2006-04-27,600821,1.61,1.58,1.63,1.53,55821,21242917.0,6.37,0.64,0.01,3.83
2006-04-28,600821,1.53,1.77,1.79,1.49,97045,39149976.0,18.99,12.03,0.19,6.67
2006-05-08,600821,1.76,1.76,1.84,1.68,72176,29882982.0,9.04,-0.56,-0.01,4.96
2006-05-09,600821,1.76,1.82,1.91,1.76,60840,25725093.0,8.52,3.41,0.06,4.18
2006-05-10,600821,1.82,1.81,1.88,1.74,56400,23830121.0,7.69,-0.55,-0.01,3.87
2006-05-11,600821,1.79,1.94,2.04,1.79,113354,50848088.0,13.81,7.18,0.13,7.79
2006-05-12,600821,1.91,2.13,2.17,1.88,77263,36473908.0,14.95,9.79,0.19,5.31
2006-05-15,600821,2.15,2.21,2.21,2.0,111021,53227956.0,9.86,3.76,0.08,7.63
2006-05-16,600821,2.19,1.97,2.19,1.97,64763,30604691.0,9.95,-10.86,-0.24,4.45
2006-05-17,600821,1.97,2.0,2.06,1.92,40793,18506734.0,7.11,1.52,0.03,2.8
2006-05-18,600821,1.96,2.05,2.1,1.91,37228,17217399.0,9.5,2.5,0.05,2.56
2006-05-19,600821,2.05,2.17,2.22,2.02,50150,24401749.0,9.76,5.85,0.12,3.44
2006-05-22,600821,2.18,2.24,2.44,2.17,90962,46582208.0,12.44,3.23,0.07,6.25
2006-05-23,600821,2.23,2.07,2.23,2.06,61381,29341918.0,7.59,-7.59,-0.17,4.22
2006-05-24,600821,1.99,2.02,2.13,1.97,33693,15594454.0,7.73,-2.42,-0.05,2.31
2006-05-25,600821,2.02,2.09,2.1,1.99,21942,10270203.0,5.45,3.47,0.07,1.51
2006-05-26,600821,2.1,2.21,2.24,2.1,50670,24941733.0,6.7,5.74,0.12,3.48
2006-05-29,600821,2.21,2.21,2.26,2.15,39969,19809534.0,4.98,0.0,0.0,2.75
2006-05-30,600821,2.2,2.29,2.31,2.17,53155,26628039.0,6.33,3.62,0.08,3.65
2006-05-31,600821,2.29,2.42,2.45,2.24,86173,45308627.0,9.17,5.68,0.13,5.92
2006-06-01,600821,2.42,2.53,2.54,2.4,80831,44253962.0,5.79,4.55,0.11,5.55
2006-06-02,600821,2.54,2.5,2.61,2.47,56076,31048077.0,5.53,-1.19,-0.03,3.85
2006-06-05,600821,2.49,2.44,2.5,2.32,44335,23547625.0,7.2,-2.4,-0.06,3.05
2006-06-06,600821,2.43,2.44,2.54,2.37,37192,20160052.0,6.97,0.0,0.0,2.55
2006-06-07,600821,2.44,2.15,2.44,2.15,48521,24551939.0,11.89,-11.89,-0.29,3.33
2006-06-08,600821,2.11,2.27,2.34,2.1,89271,44831651.0,11.16,5.58,0.12,6.13
2006-06-09,600821,2.27,2.17,2.47,2.17,80528,41749897.0,13.22,-4.41,-0.1,5.53
2006-06-12,600821,2.13,2.15,2.22,2.06,43379,20749856.0,7.37,-0.92,-0.02,2.98
2006-06-13,600821,2.13,2.09,2.16,2.08,22572,10784560.0,3.72,-2.79,-0.06,1.55
2006-06-14,600821,2.08,2.0,2.12,1.91,30361,13860081.0,10.05,-4.31,-0.09,2.09
2006-06-15,600821,1.97,1.96,2.02,1.95,17941,8139883.0,3.5,-2.0,-0.04,1.23
2006-06-16,600821,1.96,2.03,2.04,1.96,18926,8691010.0,4.08,3.57,0.07,1.3
2006-06-19,600821,2.02,2.11,2.11,2.01,26730,12570676.0,4.93,3.94,0.08,1.84
2006-06-20,600821,2.11,2.27,2.31,2.08,62587,31132814.0,10.9,7.58,0.16,4.3
2006-06-21,600821,2.26,2.18,2.29,2.15,35641,17634618.0,6.17,-3.96,-0.09,2.45
2006-06-22,600821,2.17,2.2,2.23,2.17,30377,15040695.0,2.75,0.92,0.02,2.09
2006-06-23,600821,2.21,2.22,2.25,2.16,32097,15947353.0,4.09,0.91,0.02,2.2
2006-07-11,600821,2.49,2.49,2.49,2.49,4323,2368949.0,0.0,12.16,0.27,0.3
2006-07-12,600821,2.79,2.79,2.79,2.79,10824,6526987.0,0.0,12.05,0.3,0.74
2006-07-13,600821,2.94,2.97,3.11,2.63,280559,173820710.0,17.2,6.45,0.18,19.27
2006-07-14,600821,2.91,2.78,2.99,2.76,86431,53328183.0,7.74,-6.4,-0.19,5.94
2006-07-17,600821,2.77,2.8,2.86,2.7,54527,32770968.0,5.76,0.72,0.02,3.75
2006-07-18,600821,2.81,2.9,2.96,2.75,80644,49884965.0,7.5,3.57,0.1,5.54
2006-07-19,600821,2.88,2.76,2.88,2.73,50509,30441292.0,5.17,-4.83,-0.14,3.47
2006-07-20,600821,2.77,2.83,2.85,2.77,40613,24700354.0,2.9,2.54,0.07,2.79
2006-07-21,600821,2.83,2.82,2.85,2.78,34085,20759275.0,2.47,-0.35,-0.01,2.34
2006-07-24,600821,2.76,2.84,2.84,2.7,36611,22009027.0,4.96,0.71,0.02,2.51
2006-07-25,600821,2.87,2.97,3.03,2.85,80115,50987201.0,6.34,4.58,0.13,5.5
2006-07-26,600821,2.95,2.97,3.0,2.93,46248,29404775.0,2.36,0.0,0.0,3.18
2006-07-27,600821,2.96,3.0,3.09,2.96,66084,42687158.0,4.38,1.01,0.03,4.54
2006-07-28,600821,3.0,3.0,3.03,2.89,81834,52093245.0,4.67,0.0,0.0,5.62
2006-08-25,600821,2.93,3.02,3.1,2.86,221025,76328006.0,8.0,0.67,0.02,8.21
2006-08-28,600821,2.97,3.15,3.2,2.95,209317,74782292.0,8.28,4.3,0.13,7.77
2006-08-29,600821,3.15,3.07,3.21,3.06,185903,67059544.0,4.76,-2.54,-0.08,6.9
2006-08-30,600821,3.04,3.15,3.17,3.04,109384,39329457.0,4.23,2.61,0.08,4.06
2006-08-31,600821,3.13,3.35,3.37,3.08,247219,90910325.0,9.21,6.35,0.2,9.18
2006-09-01,600821,3.29,3.25,3.42,3.23,242693,91823026.0,5.67,-2.99,-0.1,9.01
2006-09-04,600821,3.22,3.37,3.4,3.21,133438,50741260.0,5.85,3.69,0.12,4.95
2006-09-05,600821,3.39,3.29,3.41,3.25,83543,31590046.0,4.75,-2.37,-0.08,3.1
2006-09-06,600821,3.32,3.31,3.33,3.16,91737,34080430.0,5.17,0.61,0.02,3.41
2006-09-07,600821,3.28,3.23,3.32,3.13,71383,26162708.0,5.74,-2.42,-0.08,2.65
2006-09-08,600821,3.24,3.22,3.27,3.19,70383,26135748.0,2.48,-0.31,-0.01,2.61
2006-09-11,600821,3.26,3.27,3.34,3.17,71188,26559815.0,5.28,1.55,0.05,2.64
2006-09-12,600821,3.28,3.23,3.29,3.2,51098,18905243.0,2.75,-1.22,-0.04,1.9
2006-09-13,600821,3.23,3.14,3.24,3.14,75503,27598928.0,3.1,-2.79,-0.09,2.8
2006-09-14,600821,3.13,3.19,3.2,3.13,51168,18613041.0,2.23,1.59,0.05,1.9
2006-09-15,600821,3.19,3.26,3.27,3.15,82159,30301273.0,3.76,2.19,0.07,3.05
2006-09-18,600821,3.29,3.36,3.39,3.22,184252,69515502.0,5.21,3.07,0.1,6.84
2006-09-19,600821,3.34,3.29,3.34,3.27,68505,25854181.0,2.08,-2.08,-0.07,2.54
2006-09-20,600821,3.26,3.24,3.27,3.2,60508,22421478.0,2.13,-1.52,-0.05,2.25
2006-09-21,600821,3.23,3.22,3.28,3.2,46634,17246432.0,2.47,-0.62,-0.02,1.73
2006-09-22,600821,3.24,3.23,3.37,3.17,102993,38447679.0,6.21,0.31,0.01,3.82
2006-09-25,600821,3.23,3.28,3.31,3.22,77649,28998772.0,2.79,1.55,0.05,2.88
2006-09-26,600821,3.25,3.17,3.25,3.15,51065,18669396.0,3.05,-3.35,-0.11,1.9
2006-09-27,600821,3.18,3.22,3.24,3.13,57459,20986756.0,3.47,1.58,0.05,2.13
2006-09-28,600821,3.22,3.19,3.23,3.17,40618,14866519.0,1.86,-0.93,-0.03,1.51
2006-09-29,600821,3.2,3.18,3.21,3.17,46012,16820824.0,1.25,-0.31,-0.01,1.71
2006-10-09,600821,3.19,3.28,3.32,3.17,93496,34757199.0,4.72,3.14,0.1,3.47
2006-10-10,600821,3.29,3.26,3.29,3.2,67725,25034919.0,2.74,-0.61,-0.02,2.51
2006-10-11,600821,3.26,3.37,3.4,3.25,173590,65871550.0,4.6,3.37,0.11,6.45
2006-10-12,600821,3.37,3.37,3.47,3.32,174647,67616966.0,4.45,0.0,0.0,6.48
2006-10-13,600821,3.39,3.59,3.74,3.38,300681,122726444.0,10.68,6.53,0.22,11.16
2006-10-16,600821,3.62,3.65,3.71,3.53,160701,65478647.0,5.01,1.67,0.06,5.97
2006-10-17,600821,3.62,3.58,3.71,3.56,97349,39810322.0,4.11,-1.92,-0.07,3.61
2006-10-18,600821,3.54,3.57,3.61,3.5,73552,29497651.0,3.07,-0.28,-0.01,2.73
2006-10-19,600821,3.56,3.48,3.56,3.46,81375,32308447.0,2.8,-2.52,-0.09,3.02
2006-10-23,600821,3.48,3.22,3.48,3.18,104237,39472124.0,8.62,-7.47,-0.26,3.87
2006-10-24,600821,3.22,3.29,3.34,3.2,58727,21885557.0,4.35,2.17,0.07,2.18
2006-10-25,600821,3.33,3.26,3.36,3.2,52467,19662532.0,4.86,-0.91,-0.03,1.95
2006-10-26,600821,3.24,3.2,3.27,3.19,50580,18692344.0,2.45,-1.84,-0.06,1.88
2006-10-27,600821,3.2,3.07,3.26,3.05,54601,19639979.0,6.56,-4.06,-0.13,2.03
2006-10-30,600821,3.07,2.91,3.07,2.72,94261,31411535.0,11.4,-5.21,-0.16,3.5
2006-10-31,600821,2.86,2.91,2.95,2.81,59349,19859955.0,4.81,0.0,0.0,2.2
2006-11-01,600821,2.91,2.94,2.98,2.86,41670,14215837.0,4.12,1.03,0.03,1.55
2006-11-02,600821,2.95,2.9,2.97,2.8,54050,17958705.0,5.78,-1.36,-0.04,2.01
2006-11-03,600821,2.87,2.9,2.9,2.83,32531,10859284.0,2.41,0.0,0.0,1.21
2006-11-06,600821,2.86,2.84,2.9,2.83,37306,12393170.0,2.41,-2.07,-0.06,1.39
2006-11-07,600821,2.84,2.79,2.84,2.72,46764,15127100.0,4.23,-1.76,-0.05,1.74
2006-11-08,600821,2.75,2.77,2.78,2.73,22750,7337433.0,1.79,-0.72,-0.02,0.84
2006-11-09,600821,2.73,2.81,2.86,2.73,31023,10180468.0,4.69,1.44,0.04,1.15
2006-11-10,600821,2.81,2.75,2.87,2.73,35146,11449877.0,4.98,-2.14,-0.06,1.3
2006-11-13,600821,2.73,2.48,2.73,2.44,59900,18138371.0,10.55,-9.82,-0.27,2.22
2006-11-14,600821,2.48,2.44,2.54,2.34,38582,11164837.0,8.06,-1.61,-0.04,1.43
2006-11-15,600821,2.46,2.58,2.61,2.44,47631,14358512.0,6.97,5.74,0.14,1.77
2006-11-16,600821,2.59,2.59,2.66,2.5,61504,18746829.0,6.2,0.39,0.01,2.28
2006-11-17,600821,2.58,2.55,2.6,2.52,28406,8591229.0,3.09,-1.54,-0.04,1.05
2006-11-20,600821,2.55,2.56,2.57,2.45,43882,13009171.0,4.71,0.39,0.01,1.63
2006-11-21,600821,2.53,2.52,2.56,2.46,32555,9667226.0,3.91,-1.56,-0.04,1.21
2006-11-22,600821,2.49,2.59,2.6,2.47,51379,15497080.0,5.16,2.78,0.07,1.91
2006-11-23,600821,2.59,2.6,2.67,2.53,46763,14363575.0,5.41,0.39,0.01,1.74
2006-11-24,600821,2.58,2.75,2.77,2.55,91952,28797173.0,8.46,5.77,0.15,3.41
2006-11-27,600821,2.74,2.75,2.78,2.7,59112,18931084.0,2.91,0.0,0.0,2.19
2006-11-28,600821,2.72,2.8,2.86,2.71,71022,23285144.0,5.45,1.82,0.05,2.64
2006-11-29,600821,2.77,2.77,2.82,2.69,46748,15150907.0,4.64,-1.07,-0.03,1.74
2006-11-30,600821,2.78,2.8,2.83,2.77,52534,17151386.0,2.17,1.08,0.03,1.95
2006-12-01,600821,2.8,2.76,2.87,2.74,59774,19540961.0,4.64,-1.43,-0.04,2.22
2006-12-04,600821,2.77,2.88,2.88,2.73,102809,33816621.0,5.43,4.35,0.12,3.82
2006-12-05,600821,2.88,3.01,3.02,2.84,121778,41722030.0,6.25,4.51,0.13,4.52
2006-12-06,600821,3.08,3.22,3.25,2.85,251402,89460661.0,13.29,6.98,0.21,9.33
2006-12-07,600821,3.33,3.33,3.53,3.32,424243,163811950.0,6.52,3.42,0.11,15.75
2006-12-08,600821,3.28,2.96,3.28,2.95,118950,42537190.0,9.91,-11.11,-0.37,4.42
2006-12-11,600821,2.92,3.07,3.08,2.86,71299,24551243.0,7.43,3.72,0.11,2.65
2006-12-12,600821,3.07,2.97,3.07,2.91,56219,19448990.0,5.21,-3.26,-0.1,2.09
2006-12-13,600821,2.96,2.97,2.99,2.9,32534,11082817.0,3.03,0.0,0.0,1.21
2006-12-14,600821,2.94,3.01,3.07,2.94,37153,12938761.0,4.38,1.35,0.04,1.38
2006-12-15,600821,3.0,3.12,3.26,2.99,70121,25405263.0,8.97,3.65,0.11,2.6
2006-12-18,600821,3.15,3.19,3.25,3.13,58620,21382535.0,3.85,2.24,0.07,2.18
2006-12-19,600821,3.21,3.14,3.21,3.04,62462,22285982.0,5.33,-1.57,-0.05,2.32
2006-12-20,600821,3.1,3.23,3.24,3.03,91673,33303198.0,6.69,2.87,0.09,3.4
2006-12-21,600821,3.24,3.18,3.3,3.03,98741,36648716.0,8.36,-1.55,-0.05,3.67
2006-12-22,600821,3.15,3.18,3.24,3.09,51188,18579161.0,4.72,0.0,0.0,1.9
2006-12-25,600821,3.18,3.11,3.21,3.07,58125,21018895.0,4.4,-2.2,-0.07,2.16
2006-12-26,600821,3.11,2.97,3.12,2.94,48273,16856868.0,5.79,-4.5,-0.14,1.79
2006-12-27,600821,2.97,2.97,2.97,2.89,55142,18742930.0,2.69,0.0,0.0,2.05
2006-12-28,600821,2.97,2.81,2.97,2.79,69834,23174139.0,6.06,-5.39,-0.16,2.59
2006-12-29,600821,2.83,2.84,2.9,2.83,60046,19985215.0,2.49,1.07,0.03,2.23
2007-01-04,600821,2.89,2.86,2.97,2.81,63463,21323573.0,5.63,0.7,0.02,2.36
2007-01-05,600821,2.83,2.96,2.96,2.83,44551,15044959.0,4.55,3.5,0.1,1.65
2007-01-08,600821,2.96,3.1,3.13,2.92,76068,26657263.0,7.09,4.73,0.14,2.82
2007-01-09,600821,3.1,3.2,3.21,3.07,100919,36760878.0,4.52,3.23,0.1,3.75
2007-01-10,600821,3.2,3.41,3.41,3.16,174097,65814597.0,7.81,6.56,0.21,6.46
2007-01-11,600821,3.41,3.46,3.6,3.33,220332,86942923.0,7.92,1.47,0.05,8.18
2007-01-12,600821,3.43,3.2,3.56,3.11,142730,54685864.0,13.01,-7.51,-0.26,5.3
2007-01-15,600821,3.19,3.45,3.46,3.16,115028,44053504.0,9.38,7.81,0.25,4.27
2007-01-16,600821,3.43,3.76,3.83,3.43,298110,122820194.0,11.59,8.99,0.31,11.07
2007-01-17,600821,3.73,3.72,3.95,3.59,295147,126212835.0,9.57,-1.06,-0.04,10.96
2007-01-18,600821,3.71,3.75,3.82,3.52,163169,67234179.0,8.06,0.81,0.03,6.06
2007-01-19,600821,3.75,3.85,3.93,3.72,178029,76156689.0,5.6,2.67,0.1,6.61
2007-01-22,600821,3.89,4.12,4.23,3.81,280729,125587689.0,10.91,7.01,0.27,10.42
2007-01-23,600821,4.09,3.97,4.1,3.84,191840,85035589.0,6.31,-3.64,-0.15,7.12
2007-01-24,600821,3.97,3.99,4.04,3.87,147738,65604027.0,4.28,0.5,0.02,5.49
2007-01-25,600821,3.93,3.63,3.93,3.62,155203,65564441.0,7.77,-9.02,-0.36,5.76
2007-01-26,600821,3.59,3.58,3.63,3.33,131633,52169096.0,8.26,-1.38,-0.05,4.89
2007-01-29,600821,3.56,3.78,3.81,3.56,116812,48601836.0,6.98,5.59,0.2,4.34
2007-01-30,600821,3.77,3.96,4.02,3.74,219797,96125358.0,7.41,4.76,0.18,8.16
2007-01-31,600821,3.96,3.81,4.09,3.8,250939,112321064.0,7.32,-3.79,-0.15,9.32
2007-02-01,600821,3.76,4.0,4.01,3.63,152439,66223153.0,9.97,4.99,0.19,5.66
2007-02-02,600821,4.03,3.99,4.21,3.95,240977,109767277.0,6.5,-0.25,-0.01,8.95
2007-02-05,600821,3.99,3.95,4.16,3.93,146605,66395171.0,5.76,-1.0,-0.04,5.44
2007-02-06,600821,3.99,4.09,4.15,3.85,177773,79779997.0,7.59,3.54,0.14,6.6
2007-02-07,600821,4.11,4.49,4.55,4.04,383254,184144604.0,12.47,9.78,0.4,14.23
2007-02-08,600821,4.39,4.44,4.61,4.34,257793,127426250.0,6.01,-1.11,-0.05,9.57
2007-02-09,600821,4.44,4.5,4.53,4.37,129391,63786805.0,3.6,1.35,0.06,4.8
2007-02-12,600821,4.58,4.52,4.71,4.49,155975,78808801.0,4.89,0.44,0.02,5.79
2007-02-13,600821,4.53,4.53,4.6,4.38,138909,68729570.0,4.87,0.22,0.01,5.16
2007-02-14,600821,4.51,4.68,4.69,4.43,179729,91009916.0,5.74,3.31,0.15,6.67
2007-02-15,600821,4.81,5.2,5.2,4.73,276292,149862040.0,10.04,11.11,0.52,10.26
2007-02-16,600821,5.24,5.41,5.77,5.22,316471,188879625.0,10.58,4.04,0.21,11.75
2007-02-26,600821,5.48,5.59,5.69,5.33,179529,107065821.0,6.65,3.33,0.18,6.67
2007-02-27,600821,5.58,4.98,5.58,4.98,243610,138799276.0,10.73,-10.91,-0.61,9.04
2007-02-28,600821,4.78,5.13,5.21,4.53,177542,94917662.0,13.65,3.01,0.15,6.59
2007-03-01,600821,5.13,4.91,5.13,4.57,168708,89433269.0,10.92,-4.29,-0.22,6.26
2007-03-02,600821,4.88,5.4,5.44,4.8,232600,132077799.0,13.03,9.98,0.49,8.64
2007-03-05,600821,5.33,5.2,5.38,4.93,162917,92487542.0,8.33,-3.7,-0.2,6.05
2007-03-06,600821,5.15,5.18,5.35,4.99,91444,51695364.0,6.92,-0.38,-0.02,3.4
2007-03-07,600821,5.19,5.39,5.43,5.15,119873,69346837.0,5.41,4.05,0.21,4.45
2007-03-08,600821,5.38,5.51,5.68,5.34,179600,107870470.0,6.31,2.23,0.12,6.67
2007-03-09,600821,5.55,5.3,5.55,5.22,133362,77749212.0,5.99,-3.81,-0.21,4.95
2007-03-12,600821,5.3,5.45,5.48,5.09,134746,77104387.0,7.36,2.83,0.15,5.0
2007-03-13,600821,5.44,5.83,6.03,5.37,267521,166574204.0,12.11,6.97,0.38,9.93
2007-03-14,600821,5.73,5.92,6.13,5.54,264025,169084145.0,10.12,1.54,0.09,9.8
2007-03-15,600821,6.02,6.12,6.2,5.83,232615,152009532.0,6.25,3.38,0.2,8.64
2007-03-16,600821,6.18,6.22,6.6,6.07,248342,169267111.0,8.66,1.63,0.1,9.22
2007-03-19,600821,5.93,6.89,6.89,5.85,313266,221003135.0,16.72,10.77,0.67,11.63
2007-03-20,600821,6.87,6.88,7.29,6.82,276228,207147333.0,6.82,-0.15,-0.01,10.26
2007-03-21,600821,6.9,6.93,7.03,6.68,196407,143528750.0,5.09,0.73,0.05,7.29
2007-03-22,600821,6.93,6.74,6.98,6.68,165570,120380701.0,4.33,-2.74,-0.19,6.15
2007-03-23,600821,6.73,6.81,6.85,6.43,198451,140689719.0,6.23,1.04,0.07,7.37
2007-03-26,600821,6.83,7.11,7.21,6.71,171994,127594101.0,7.34,4.41,0.3,6.39
2007-03-27,600821,7.07,7.08,7.19,6.9,160797,119827142.0,4.08,-0.42,-0.03,5.97
2007-03-28,600821,7.07,7.55,7.7,6.83,382973,298557644.0,12.29,6.64,0.47,14.22
2007-03-29,600821,7.53,6.93,7.67,6.91,208246,161059736.0,10.07,-8.21,-0.62,7.73
2007-03-30,600821,6.91,7.05,7.11,6.83,104650,78002021.0,4.04,1.73,0.12,3.89
2007-04-02,600821,7.02,7.28,7.36,6.96,155464,118641848.0,5.67,3.26,0.23,5.77
2007-04-03,600821,7.29,7.7,7.91,7.19,313274,250272327.0,9.89,5.77,0.42,11.63
2007-04-04,600821,7.61,7.47,7.72,7.43,169933,136030307.0,3.77,-2.99,-0.23,6.31
2007-04-05,600821,7.43,7.48,7.6,7.33,117772,93347219.0,3.61,0.13,0.01,4.37
2007-04-06,600821,7.41,7.41,7.58,7.33,143948,113890333.0,3.34,-0.94,-0.07,5.34
2007-04-09,600821,7.4,7.41,7.58,7.33,159577,126202630.0,3.37,0.0,0.0,5.92
2007-04-10,600821,7.43,7.27,7.52,7.08,155373,120309036.0,5.94,-1.89,-0.14,5.77
2007-04-11,600821,7.33,7.5,7.62,7.12,203779,159992039.0,6.88,3.16,0.23,7.57
2007-04-12,600821,7.45,7.76,7.91,7.43,257609,210627545.0,6.4,3.47,0.26,9.56
2007-04-13,600821,7.73,7.51,7.92,7.48,218897,179824858.0,5.67,-3.22,-0.25,8.13
2007-04-16,600821,7.51,8.14,8.28,7.45,291605,240603892.0,11.05,8.39,0.63,10.83
2007-04-17,600821,8.23,8.36,8.41,7.83,323208,276488679.0,7.13,2.7,0.22,12.0
2007-04-18,600821,8.33,8.41,8.51,8.16,222549,196224352.0,4.19,0.6,0.05,8.26
2007-04-19,600821,8.23,8.08,8.49,7.52,240277,204138569.0,11.53,-3.92,-0.33,8.92
2007-04-20,600821,8.13,8.56,8.69,8.13,284734,253520709.0,6.93,5.94,0.48,10.57
2007-04-23,600821,8.56,8.84,9.0,8.52,199269,184581063.0,5.61,3.27,0.28,7.4
2007-04-24,600821,8.85,9.2,9.35,8.61,322839,303721029.0,8.37,4.07,0.36,11.99
2007-04-25,600821,9.23,9.12,9.5,8.92,254686,246729452.0,6.3,-0.87,-0.08,9.46
2007-04-26,600821,8.78,8.81,9.12,8.74,159628,148927453.0,4.17,-3.4,-0.31,5.93
2007-04-27,600821,8.83,8.94,9.11,8.74,176772,165946986.0,4.2,1.48,0.13,6.56
2007-04-30,600821,8.84,9.88,9.88,8.81,386185,381858597.0,11.97,10.51,0.94,14.34
2007-05-08,600821,10.44,10.92,10.92,10.08,505820,560974215.0,8.5,10.53,1.04,18.78
2007-05-09,600821,10.98,10.94,11.92,10.39,431348,500704657.0,14.01,0.18,0.02,16.02
2007-05-10,600821,10.93,10.63,10.93,10.43,201394,223008710.0,4.57,-2.83,-0.31,7.48
2007-05-11,600821,10.54,10.28,10.54,9.83,250207,265762014.0,6.68,-3.29,-0.35,9.29
2007-05-14,600821,10.07,10.19,10.5,9.91,148230,158889716.0,5.74,-0.88,-0.09,5.5
2007-05-15,600821,10.18,9.53,10.46,9.5,173823,182271897.0,9.42,-6.48,-0.66,6.45
2007-05-17,600821,10.08,10.29,10.38,10.03,166388,177756682.0,3.67,7.97,0.76,6.18
2007-05-18,600821,10.19,10.04,10.27,9.98,117202,123806678.0,2.82,-2.43,-0.25,4.35
2007-05-21,600821,9.57,10.0,10.2,9.43,177085,183610200.0,7.67,-0.4,-0.04,6.57
2007-05-22,600821,10.11,10.63,10.81,10.03,265829,290757571.0,7.8,6.3,0.63,9.87
2007-05-23,600821,10.93,11.08,11.2,10.7,316492,361456982.0,4.7,4.23,0.45,11.75
2007-05-24,600821,11.08,10.8,11.23,10.54,239825,271007422.0,6.23,-2.53,-0.28,8.9
2007-05-25,600821,10.8,10.92,11.13,10.63,214928,244424095.0,4.63,1.11,0.12,7.98
2007-05-28,600821,11.03,10.99,11.18,10.84,251316,288088707.0,3.11,0.64,0.07,9.33
2007-05-29,600821,11.03,11.62,11.68,10.79,385405,450069238.0,8.1,5.73,0.63,14.31
2007-05-30,600821,10.43,10.41,11.38,10.41,340655,386671889.0,8.35,-10.41,-1.21,12.65
2007-05-31,600821,10.18,9.39,10.18,9.32,222227,220942960.0,8.26,-9.8,-1.02,8.25
2007-06-01,600821,9.18,8.4,9.52,8.4,178056,162907797.0,11.93,-10.54,-0.99,6.61
2007-06-04,600821,8.03,7.51,8.13,7.51,57077,46218117.0,7.38,-10.6,-0.89,2.12
2007-06-05,600821,6.71,7.27,7.33,6.71,215681,157113354.0,8.26,-3.2,-0.24,8.01
2007-06-06,600821,7.26,7.19,7.53,6.71,242710,184664779.0,11.28,-1.1,-0.08,9.01
2007-06-07,600821,7.23,7.96,7.96,7.03,266068,213484567.0,12.93,10.71,0.77,9.88
2007-06-08,600821,8.02,8.11,8.52,7.96,333729,290820637.0,7.04,1.88,0.15,12.39
2007-06-11,600821,8.03,8.04,8.33,7.97,173523,149658600.0,4.44,-0.86,-0.07,6.44
2007-06-12,600821,8.04,8.59,8.89,7.19,276719,238757251.0,21.14,6.84,0.55,10.27
2007-06-13,600821,8.41,8.78,9.09,8.32,268078,246405840.0,8.96,2.21,0.19,9.95
2007-06-14,600821,8.59,8.33,8.73,8.28,158572,142364460.0,5.13,-5.13,-0.45,5.89
2007-06-15,600821,8.28,8.25,8.64,8.14,129209,113970139.0,6.0,-0.96,-0.08,4.8
2007-06-18,600821,8.53,8.7,8.89,8.41,201859,184081662.0,5.82,5.45,0.45,7.49
2007-06-19,600821,8.67,8.86,9.0,8.51,200664,186196997.0,5.63,1.84,0.16,7.45
2007-06-20,600821,8.84,8.49,9.11,8.33,205845,191240714.0,8.8,-4.18,-0.37,7.64
2007-06-21,600821,8.36,8.94,9.03,8.14,182732,164367340.0,10.48,5.3,0.45,6.78
2007-06-22,600821,8.95,8.0,8.96,8.0,158828,141792564.0,10.74,-10.51,-0.94,5.9
2007-06-25,600821,8.2,7.16,8.28,7.15,189554,155251648.0,14.13,-10.5,-0.84,7.04
2007-06-26,600821,6.93,7.33,7.35,6.49,125681,91271909.0,12.01,2.37,0.17,4.67
2007-06-27,600821,7.35,7.41,7.53,7.13,120940,94366088.0,5.46,1.09,0.08,4.49
2007-06-28,600821,7.34,6.62,7.41,6.62,112332,82894822.0,10.66,-10.66,-0.79,4.17
2007-06-29,600821,6.13,5.91,6.41,5.91,126522,82609495.0,7.55,-10.73,-0.71,4.7
2007-07-02,600821,5.83,6.13,6.18,5.63,81806,52487972.0,9.31,3.72,0.22,3.04
2007-07-03,600821,6.23,6.07,6.3,5.81,69788,45599952.0,7.99,-0.98,-0.06,2.59
2007-07-04,600821,6.11,5.77,6.13,5.73,47804,30551543.0,6.59,-4.94,-0.3,1.77
2007-07-05,600821,5.73,5.25,5.9,5.22,89526,54921627.0,11.79,-9.01,-0.52,3.32
2007-07-06,600821,5.35,5.82,5.82,5.23,109193,65773770.0,11.24,10.86,0.57,4.05
2007-07-09,600821,6.0,6.0,6.13,5.82,113576,73276666.0,5.33,3.09,0.18,4.22
2007-07-10,600821,5.95,6.14,6.33,5.78,124869,81483103.0,9.17,2.33,0.14,4.64
2007-07-11,600821,6.03,6.21,6.33,5.94,75832,50303626.0,6.35,1.14,0.07,2.82
2007-07-12,600821,6.22,6.5,6.58,6.05,163946,112212266.0,8.53,4.67,0.29,6.09
2007-07-13,600821,6.56,6.52,6.63,6.32,155085,107702536.0,4.77,0.31,0.02,5.76
2007-07-16,600821,6.6,6.13,6.71,6.13,104327,72077900.0,8.9,-5.98,-0.39,3.87
2007-07-17,600821,6.12,6.27,6.48,5.86,72889,48418451.0,10.11,2.28,0.14,2.71
2007-07-18,600821,6.21,6.23,6.33,6.0,72284,47944967.0,5.26,-0.64,-0.04,2.68
2007-07-19,600821,6.24,6.18,6.52,6.13,89958,61027547.0,6.26,-0.8,-0.05,3.34
2007-07-20,600821,6.23,6.46,6.53,6.19,108193,74569600.0,5.5,4.53,0.28,4.02
2007-07-23,600821,6.47,6.82,6.89,6.47,169122,121616474.0,6.5,5.57,0.36,6.28
2007-07-24,600821,6.94,6.8,7.13,6.72,149339,110275237.0,6.01,-0.29,-0.02,5.54
2007-07-25,600821,6.83,7.01,7.08,6.76,107313,79450921.0,4.71,3.09,0.21,3.98
2007-07-26,600821,7.04,7.19,7.28,6.92,131441,99934607.0,5.14,2.57,0.18,4.88
2007-07-27,600821,7.19,7.68,7.78,7.02,203159,160848502.0,10.57,6.82,0.49,7.54
2007-07-30,600821,7.62,7.66,7.86,7.55,166799,136173603.0,4.04,-0.26,-0.02,6.19
2007-07-31,600821,7.6,8.01,8.09,7.58,177858,147896908.0,6.66,4.57,0.35,6.6
2007-08-01,600821,8.05,7.48,8.1,7.32,194847,158678513.0,9.74,-6.62,-0.53,7.23
2007-08-02,600821,7.7,7.82,7.86,7.43,184865,151472040.0,5.75,4.55,0.34,6.86
2007-08-03,600821,7.83,7.74,7.91,7.63,125503,103264464.0,3.58,-1.02,-0.08,4.66
2007-08-06,600821,7.75,8.56,8.56,7.75,319850,283408045.0,10.47,10.59,0.82,11.88
2007-08-07,600821,8.82,9.17,9.46,8.63,425130,412822111.0,9.7,7.13,0.61,15.78
2007-08-08,600821,9.11,9.0,9.42,8.74,222696,212502990.0,7.42,-1.85,-0.17,8.27
2007-08-09,600821,8.94,9.89,9.95,8.92,245302,246573288.0,11.44,9.89,0.89,9.11
2007-08-10,600821,9.74,10.06,10.69,9.53,269358,287549653.0,11.73,1.72,0.17,10.0
2007-08-13,600821,10.13,10.02,10.49,9.73,171054,180773727.0,7.55,-0.4,-0.04,6.35
2007-08-14,600821,9.86,10.07,10.28,9.81,144431,151451757.0,4.69,0.5,0.05,5.36
2007-08-15,600821,10.01,10.36,10.39,9.76,143434,152126007.0,6.26,2.88,0.29,5.33
2007-08-16,600821,10.36,10.4,10.81,10.13,163244,179409165.0,6.56,0.39,0.04,6.06
2007-08-17,600821,10.32,10.34,10.78,10.09,117760,128622888.0,6.63,-0.58,-0.06,4.37
2007-08-20,600821,10.7,10.81,10.98,10.41,117243,131503580.0,5.51,4.55,0.47,4.35
2007-08-21,600821,10.82,10.43,10.89,10.23,149905,164363044.0,6.11,-3.52,-0.38,5.57
2007-08-22,600821,10.28,10.22,10.58,9.93,148551,157971387.0,6.23,-2.01,-0.21,5.52
2007-08-23,600821,10.13,10.51,10.66,9.91,145857,158122392.0,7.34,2.84,0.29,5.42
2007-08-24,600821,10.54,11.21,11.37,10.54,206230,237866807.0,7.9,6.66,0.7,7.66
2007-08-27,600821,11.03,11.87,12.03,10.94,301750,361651186.0,9.72,5.89,0.66,8.36
2007-08-28,600821,11.88,11.79,12.03,11.41,142547,174101460.0,5.22,-0.67,-0.08,3.95
2007-08-29,600821,11.66,12.41,12.98,11.39,246728,314817200.0,13.49,5.26,0.62,6.84
2007-08-30,600821,12.28,12.53,13.18,12.21,166482,220800364.0,7.82,0.97,0.12,4.61
2007-08-31,600821,12.63,12.49,12.81,12.29,122259,158527078.0,4.15,-0.32,-0.04,3.39
2007-09-03,600821,12.78,13.47,13.71,12.77,180361,249073287.0,7.53,7.85,0.98,5.0
2007-09-04,600821,13.47,13.29,14.0,13.19,148174,208827020.0,6.01,-1.34,-0.18,4.11
2007-09-05,600821,13.3,12.9,13.7,12.43,119933,161961052.0,9.56,-2.93,-0.39,3.32
2007-09-06,600821,12.98,13.12,13.43,12.85,104088,141206079.0,4.5,1.71,0.22,2.88
2007-09-07,600821,13.08,12.04,13.08,12.03,144888,187722418.0,8.0,-8.23,-1.08,4.01
2007-09-10,600821,11.88,12.43,12.93,11.63,146825,189856543.0,10.8,3.24,0.39,4.07
2007-09-11,600821,12.41,11.33,12.82,11.16,142784,181138395.0,13.35,-8.85,-1.1,3.96
2007-09-12,600821,11.53,12.05,12.11,10.83,195595,232238075.0,11.3,6.35,0.72,5.42
2007-09-13,600821,12.01,13.3,13.3,11.78,177000,237903863.0,12.61,10.37,1.25,4.9
2007-09-14,600821,13.88,14.34,14.53,13.71,246801,362181478.0,6.17,7.82,1.04,6.84
2007-09-17,600821,14.34,14.73,14.93,13.64,231792,344813204.0,9.0,2.72,0.39,6.42
2007-09-18,600821,14.93,14.25,15.02,14.03,168323,253022532.0,6.72,-3.26,-0.48,4.66
2007-09-19,600821,14.23,14.07,14.47,13.54,99850,144062873.0,6.53,-1.26,-0.18,2.77
2007-09-20,600821,14.02,14.08,14.49,14.01,80253,117875734.0,3.41,0.07,0.01,2.22
2007-09-21,600821,14.23,14.9,15.03,13.71,201600,302329240.0,9.38,5.82,0.82,5.59
2007-09-24,600821,15.13,14.74,15.63,14.63,141516,220120242.0,6.71,-1.07,-0.16,3.92
2007-09-25,600821,14.76,14.72,14.93,14.11,112739,168896600.0,5.56,-0.14,-0.02,3.12
2007-09-26,600821,14.82,13.2,14.82,13.2,189219,267646748.0,11.01,-10.33,-1.52,5.24
2007-09-27,600821,13.2,12.7,13.52,12.1,186954,245047553.0,10.76,-3.79,-0.5,5.18
2007-09-28,600821,12.77,12.79,13.13,12.44,113135,149454132.0,5.43,0.71,0.09,3.14
2007-10-08,600821,13.1,12.18,13.1,12.11,104417,133631340.0,7.74,-4.77,-0.61,2.89
2007-10-09,600821,12.24,12.54,12.78,11.41,130522,164558276.0,11.25,2.96,0.36,3.62
2007-10-10,600821,12.33,12.33,12.78,12.11,67578,86936257.0,5.34,-1.67,-0.21,1.87
2007-10-11,600821,12.23,12.01,12.71,11.83,72322,90944871.0,7.14,-2.6,-0.32,2.0
2007-10-12,600821,12.08,11.25,12.09,10.76,102054,119569504.0,11.07,-6.33,-0.76,2.83
2007-10-15,600821,11.03,10.84,11.23,10.73,86728,98729659.0,4.44,-3.64,-0.41,2.4
2007-10-16,600821,10.81,11.17,11.47,10.43,85389,97594658.0,9.59,3.04,0.33,2.37
2007-10-17,600821,11.19,11.37,11.57,10.96,57179,67831732.0,5.46,1.79,0.2,1.58
2007-10-18,600821,11.53,10.76,11.54,10.73,34367,39518358.0,7.12,-5.36,-0.61,0.95
2007-10-19,600821,10.83,10.97,11.13,10.64,36307,41197809.0,4.55,1.95,0.21,1.01
2007-10-22,600821,11.18,11.22,11.75,10.74,61734,73349987.0,9.21,2.28,0.25,1.71
2007-10-23,600821,11.29,11.48,11.68,10.91,41869,49643878.0,6.86,2.32,0.26,1.16
2007-10-24,600821,11.51,10.73,11.63,10.54,50432,57325318.0,9.49,-6.53,-0.75,1.4
2007-10-25,600821,10.53,9.61,10.53,9.61,52922,54378929.0,8.57,-10.44,-1.12,1.47
2007-10-26,600821,8.61,8.6,9.23,8.6,162429,147812178.0,6.56,-10.51,-1.01,4.5
2007-10-29,600821,8.43,8.91,8.95,7.74,112378,100760048.0,14.07,3.6,0.31,3.11
2007-10-30,600821,8.9,9.12,9.31,8.88,132557,126592437.0,4.83,2.36,0.21,3.67
2007-10-31,600821,9.21,9.6,9.71,8.93,128569,125789321.0,8.55,5.26,0.48,3.56
2007-11-01,600821,9.58,8.67,9.58,8.59,96201,90961600.0,10.31,-9.69,-0.93,2.67
2007-11-02,600821,8.63,7.93,8.63,7.79,100281,85918563.0,9.69,-8.54,-0.74,2.78
2007-11-05,600821,7.91,8.22,8.41,7.6,96216,82595936.0,10.21,3.66,0.29,2.67
2007-11-06,600821,8.23,8.24,8.48,7.93,60858,52901289.0,6.69,0.24,0.02,1.69
2007-11-07,600821,8.29,8.42,8.58,8.1,60921,53774637.0,5.83,2.18,0.18,1.69
2007-11-08,600821,8.29,7.84,8.44,7.79,59059,50490684.0,7.72,-6.89,-0.58,1.64
2007-11-09,600821,7.83,7.56,7.86,7.33,62139,50029131.0,6.76,-3.57,-0.28,1.72
2007-11-12,600821,7.46,7.63,7.73,7.09,54311,42949120.0,8.47,0.93,0.07,1.51
2007-11-13,600821,7.65,7.72,7.93,7.49,51579,42356819.0,5.77,1.18,0.09,1.43
2007-11-14,600821,7.74,8.09,8.11,7.68,73769,61929258.0,5.57,4.79,0.37,2.04
2007-11-15,600821,8.01,8.34,8.37,7.84,126230,109037464.0,6.55,3.09,0.25,3.5
2007-11-16,600821,8.18,8.35,8.36,8.03,73853,64081892.0,3.96,0.12,0.01,2.05
2007-11-19,600821,8.35,8.53,8.71,8.35,142365,127995650.0,4.31,2.16,0.18,3.95
2007-11-20,600821,8.44,8.43,8.63,8.29,72300,64437946.0,3.99,-1.17,-0.1,2.0
2007-11-21,600821,8.58,8.46,8.89,8.43,85478,77716877.0,5.46,0.36,0.03,2.37
2007-11-22,600821,8.03,7.72,8.42,7.61,57801,49061067.0,9.57,-8.75,-0.74,1.6
2007-11-23,600821,7.51,7.97,7.98,7.51,48238,39433139.0,6.09,3.24,0.25,1.34
2007-11-26,600821,8.03,7.73,8.12,7.63,44616,37348766.0,6.15,-3.01,-0.24,1.24
2007-11-27,600821,7.74,7.84,7.88,7.59,34215,28140166.0,3.75,1.42,0.11,0.95
2007-11-28,600821,7.83,7.76,7.93,7.68,32334,26644385.0,3.19,-1.02,-0.08,0.9
2007-11-29,600821,7.86,8.01,8.09,7.71,46442,39007382.0,4.9,3.22,0.25,1.29
2007-11-30,600821,7.97,7.74,7.98,7.62,36596,30194880.0,4.49,-3.37,-0.27,1.01
2007-12-03,600821,7.75,7.77,7.87,7.54,41853,34199718.0,4.26,0.39,0.03,1.16
2007-12-04,600821,7.76,7.87,7.96,7.68,41710,34589147.0,3.6,1.29,0.1,1.16
2007-12-05,600821,7.88,8.37,8.53,7.73,110403,95279411.0,10.17,6.35,0.5,3.06
2007-12-06,600821,8.46,8.54,8.83,8.37,138822,124965559.0,5.5,2.03,0.17,3.85
2007-12-07,600821,8.51,8.53,8.61,8.43,63340,57014396.0,2.11,-0.12,-0.01,1.76
2007-12-10,600821,8.42,8.71,8.85,8.31,123036,112839559.0,6.33,2.11,0.18,3.41
2007-12-11,600821,8.79,9.01,9.11,8.57,139451,129681319.0,6.2,3.44,0.3,3.86
2007-12-12,600821,8.91,8.97,9.19,8.83,95862,91245319.0,4.0,-0.44,-0.04,2.66
2007-12-13,600821,8.93,8.47,9.13,8.43,98455,90537341.0,7.8,-5.57,-0.5,2.73
2007-12-14,600821,8.4,8.77,8.8,8.18,69297,62155496.0,7.32,3.54,0.3,1.92
2007-12-17,600821,8.84,9.11,9.42,8.78,156025,149657421.0,7.3,3.88,0.34,4.32
2007-12-18,600821,9.11,8.92,9.31,8.86,75810,72169116.0,4.94,-2.09,-0.19,2.1
2007-12-19,600821,8.99,9.06,9.23,8.96,68073,65185960.0,3.03,1.57,0.14,1.89
2007-12-20,600821,9.19,9.73,9.88,9.08,191107,189684485.0,8.83,7.4,0.67,5.3
2007-12-21,600821,9.75,10.13,10.22,9.73,248620,259023794.0,5.04,4.11,0.4,6.89
2007-12-24,600821,10.28,10.21,10.34,10.01,164565,174461568.0,3.26,0.79,0.08,4.56
2007-12-25,600821,10.17,10.2,10.33,10.01,74893,79693305.0,3.13,-0.1,-0.01,2.08
2007-12-26,600821,10.2,10.65,10.73,10.14,107583,118591308.0,5.78,4.41,0.45,2.98
2007-12-27,600821,10.73,10.55,10.91,10.35,121997,135537758.0,5.26,-0.94,-0.1,3.38
2007-12-28,600821,10.44,10.25,10.64,10.2,115412,124609411.0,4.17,-2.84,-0.3,3.2
2008-01-02,600821,10.25,11.32,11.32,10.23,135772,156532137.0,10.63,10.44,1.07,3.76
2008-01-03,600821,11.71,11.34,11.75,11.32,190138,227139664.0,3.8,0.18,0.02,5.27
2008-01-04,600821,11.33,11.28,11.41,10.91,108231,126372226.0,4.41,-0.53,-0.06,3.0
2008-01-07,600821,11.28,11.51,11.93,11.28,109499,132358500.0,5.76,2.04,0.23,3.03
2008-01-08,600821,11.53,10.89,11.61,10.73,148541,172303151.0,7.65,-5.39,-0.62,4.12
2008-01-09,600821,10.78,11.05,11.17,10.71,82048,93517815.0,4.22,1.47,0.16,2.27
2008-01-10,600821,11.04,11.58,11.6,10.84,170057,201112208.0,6.88,4.8,0.53,4.71
2008-01-11,600821,11.74,11.41,11.81,11.23,162221,194051731.0,5.01,-1.47,-0.17,4.5
2008-01-14,600821,11.35,11.53,11.63,11.35,89479,106956028.0,2.45,1.05,0.12,2.48
2008-01-15,600821,11.58,11.95,12.03,11.38,169736,207053920.0,5.64,3.64,0.42,4.7
2008-01-16,600821,11.98,11.98,12.3,11.73,212091,266122178.0,4.77,0.25,0.03,5.88
2008-01-17,600821,11.73,11.15,12.03,10.74,160287,189791518.0,10.77,-6.93,-0.83,4.44
2008-01-18,600821,11.16,10.86,11.34,10.61,94727,107910160.0,6.55,-2.6,-0.29,2.62
2008-01-21,600821,11.13,10.46,11.13,10.13,129638,145450215.0,9.21,-3.68,-0.4,3.59
2008-01-22,600821,10.37,9.37,10.37,9.37,104628,105469583.0,9.56,-10.42,-1.09,2.9
2008-01-23,600821,8.95,9.67,9.75,8.83,120226,118707266.0,9.82,3.2,0.3,3.33
2008-01-24,600821,9.78,9.76,9.91,9.43,137916,139744405.0,4.96,0.93,0.09,3.82
2008-01-25,600821,9.68,10.15,10.21,9.51,142660,146995503.0,7.17,4.0,0.39,3.95
2008-01-28,600821,10.15,9.49,10.15,9.09,140606,138839090.0,10.44,-6.5,-0.66,3.9
2008-01-29,600821,9.49,9.69,9.81,9.41,117308,118698994.0,4.21,2.11,0.2,3.25
2008-01-30,600821,9.79,9.55,9.83,9.24,55700,56245765.0,6.09,-1.44,-0.14,1.54
2008-01-31,600821,9.48,8.93,9.72,8.89,44289,43245302.0,8.69,-6.49,-0.62,1.23
2008-02-01,600821,8.96,8.11,9.22,7.99,67365,59255459.0,13.77,-9.18,-0.82,1.87
2008-02-04,600821,8.26,8.89,8.91,8.26,49669,45223045.0,8.01,9.62,0.78,1.38
2008-02-05,600821,8.83,8.93,9.18,8.57,45011,42553820.0,6.86,0.45,0.04,1.25
2008-02-13,600821,8.83,8.8,9.1,8.69,26119,24523220.0,4.59,-1.46,-0.13,0.72
2008-02-14,600821,8.85,8.94,9.02,8.79,31047,29168601.0,2.61,1.59,0.14,0.86
2008-02-15,600821,8.88,8.74,8.93,8.43,41902,38217275.0,5.59,-2.24,-0.2,1.16
2008-02-18,600821,8.85,9.09,9.31,8.78,55996,53413547.0,6.06,4.0,0.35,1.55
2008-02-19,600821,9.07,9.34,9.43,9.0,51022,49728072.0,4.73,2.75,0.25,1.41
2008-02-20,600821,9.39,9.27,9.58,9.24,47367,46600541.0,3.64,-0.75,-0.07,1.31
2008-02-21,600821,9.13,9.42,9.53,8.93,62755,61300594.0,6.47,1.62,0.15,1.74
2008-02-25,600821,9.15,8.61,9.33,8.53,56305,52414345.0,8.49,-8.6,-0.81,1.56
2008-02-26,600821,8.78,9.11,9.13,8.53,59667,55163764.0,6.97,5.81,0.5,1.65
2008-02-27,600821,9.17,9.51,9.55,8.95,84256,82480301.0,6.59,4.39,0.4,2.33
2008-02-28,600821,9.63,9.44,9.72,9.35,98166,98313979.0,3.89,-0.74,-0.07,2.72
2008-02-29,600821,9.45,9.44,9.6,9.36,42319,42019911.0,2.54,0.0,0.0,1.17
2008-03-03,600821,9.42,9.74,9.78,9.24,76925,77335934.0,5.72,3.18,0.3,2.13
2008-03-04,600821,9.73,9.76,9.9,9.66,83688,85751637.0,2.46,0.21,0.02,2.32
2008-03-05,600821,9.73,10.04,10.25,9.68,135542,142049045.0,5.84,2.87,0.28,3.76
2008-03-06,600821,10.09,10.06,10.3,9.84,91576,96588937.0,4.58,0.2,0.02,2.54
2008-03-07,600821,9.96,9.65,10.22,9.63,60890,62961581.0,5.86,-4.08,-0.41,1.69
2008-03-10,600821,9.55,8.98,9.63,8.91,63874,61703726.0,7.46,-6.94,-0.67,1.77
2008-03-11,600821,8.86,9.14,9.18,8.69,41684,39281771.0,5.46,1.78,0.16,1.16
2008-03-12,600821,9.29,8.75,9.38,8.74,38904,36947601.0,7.0,-4.27,-0.39,1.08
2008-03-13,600821,8.71,8.16,8.71,7.88,59360,52253322.0,9.49,-6.74,-0.59,1.64
2008-03-14,600821,8.13,8.23,8.38,8.07,28038,24308130.0,3.8,0.86,0.07,0.78
2008-03-17,600821,8.23,7.37,8.23,7.36,41050,33542212.0,10.57,-10.45,-0.86,1.14
2008-03-18,600821,7.23,6.7,7.56,6.59,44984,33553172.0,13.16,-9.09,-0.67,1.25
2008-03-19,600821,6.84,7.21,7.33,6.83,47486,35893131.0,7.46,7.61,0.51,1.32
2008-03-20,600821,7.1,7.97,7.98,6.93,99986,81326486.0,14.56,10.54,0.76,2.77
2008-03-21,600821,7.93,7.96,8.4,7.73,92543,79584171.0,8.41,-0.13,-0.01,2.56
2008-03-24,600821,7.97,7.68,8.18,7.59,43387,36581885.0,7.41,-3.52,-0.28,1.2
2008-03-25,600821,7.51,7.88,7.97,7.39,30715,25148974.0,7.55,2.6,0.2,0.85
2008-03-26,600821,7.93,7.78,8.12,7.64,23668,19763240.0,6.09,-1.27,-0.1,0.66
2008-03-27,600821,7.65,7.13,7.65,7.09,34745,27219619.0,7.2,-8.35,-0.65,0.96
2008-03-28,600821,7.03,7.65,7.73,6.83,50454,39760589.0,12.62,7.29,0.52,1.4
2008-03-31,600821,7.33,7.33,7.72,7.16,38712,30769260.0,7.32,-4.18,-0.32,1.07
2008-04-01,600821,7.28,6.64,7.47,6.61,39874,29192568.0,11.73,-9.41,-0.69,1.1
2008-04-02,600821,6.73,6.14,6.83,6.01,43759,30011505.0,12.35,-7.53,-0.5,1.21
2008-04-03,600821,6.16,6.39,6.48,5.91,34048,22575935.0,9.28,4.07,0.25,0.94
2008-04-07,600821,6.28,6.72,6.79,6.16,33852,23898074.0,9.86,5.16,0.33,0.94
2008-04-08,600821,6.64,7.12,7.31,6.57,63016,46357556.0,11.01,5.95,0.4,1.75
2008-04-09,600821,7.03,6.47,7.18,6.43,45833,33672014.0,10.53,-9.13,-0.65,1.27
2008-04-10,600821,6.31,6.79,6.91,6.2,42520,30091294.0,10.97,4.95,0.32,1.18
2008-04-11,600821,6.8,6.86,7.01,6.69,34494,25200650.0,4.71,1.03,0.07,0.96
2008-04-14,600821,6.63,6.39,6.73,6.26,31934,22283418.0,6.85,-6.85,-0.47,0.88
2008-04-15,600821,6.39,6.59,6.61,6.21,18829,12980180.0,6.26,3.13,0.2,0.52
2008-04-16,600821,6.63,6.38,6.63,6.33,14091,9800618.0,4.55,-3.19,-0.21,0.39
2008-04-17,600821,6.33,6.0,6.53,5.93,22450,14911393.0,9.4,-5.96,-0.38,0.62
2008-04-18,600821,6.04,5.37,6.04,5.35,34061,20632358.0,11.5,-10.5,-0.63,0.94
2008-04-21,600821,5.95,5.24,5.95,5.06,43384,25712899.0,16.57,-2.42,-0.13,1.2
2008-04-22,600821,5.23,5.11,5.23,4.73,28982,15880145.0,9.54,-2.48,-0.13,0.8
2008-04-23,600821,5.09,5.3,5.37,4.93,30458,17448247.0,8.61,3.72,0.19,0.84
2008-04-25,600821,5.88,5.88,5.88,5.73,120688,76526904.0,2.83,10.94,0.58,3.34
2008-04-28,600821,6.02,6.12,6.21,5.89,149811,97983474.0,5.44,4.08,0.24,4.15
2008-04-29,600821,6.13,6.15,6.21,5.93,74639,48695427.0,4.58,0.49,0.03,2.07
2008-04-30,600821,6.18,6.36,6.39,6.12,82196,55409468.0,4.39,3.41,0.21,2.28
2008-05-05,600821,6.38,6.63,6.65,6.33,80279,55817907.0,5.03,4.25,0.27,2.22
2008-05-06,600821,6.49,6.41,6.58,6.34,62612,43378239.0,3.62,-3.32,-0.22,1.74
2008-05-07,600821,6.4,5.95,6.46,5.94,60318,40344525.0,8.11,-7.18,-0.46,1.67
2008-05-08,600821,5.92,6.12,6.13,5.83,37856,24581788.0,5.04,2.86,0.17,1.05
2008-05-09,600821,6.14,6.1,6.25,5.96,46447,30559024.0,4.74,-0.33,-0.02,1.29
2008-05-12,600821,6.03,6.15,6.25,5.83,50258,32658274.0,6.89,0.82,0.05,1.39
2008-05-13,600821,5.88,6.07,6.14,5.83,60311,38915334.0,5.04,-1.3,-0.08,1.67
2008-05-14,600821,6.03,6.72,6.72,6.03,108472,75726646.0,11.37,10.71,0.65,3.01
2008-05-15,600821,6.83,6.44,6.89,6.41,126779,90061939.0,7.14,-4.17,-0.28,3.51
2008-05-16,600821,6.43,6.35,6.69,6.23,53487,37015123.0,7.14,-1.4,-0.09,1.48
2008-05-19,600821,6.32,6.39,6.41,6.24,32827,22343870.0,2.68,0.63,0.04,0.91
2008-05-20,600821,6.39,5.75,6.49,5.73,51502,33857478.0,11.89,-10.02,-0.64,1.43
2008-05-21,600821,5.75,5.92,6.01,5.43,45927,28389230.0,10.09,2.96,0.17,1.27
2008-05-22,600821,5.9,5.84,6.05,5.78,33144,21143465.0,4.56,-1.35,-0.08,0.92
2008-05-23,600821,5.76,5.74,5.83,5.55,34224,21173698.0,4.79,-1.71,-0.1,0.95
2008-05-26,600821,5.58,5.54,5.71,5.53,27408,16621111.0,3.14,-3.48,-0.2,0.76
2008-05-27,600821,5.55,5.62,5.69,5.53,17428,10575878.0,2.89,1.44,0.08,0.48
2008-05-28,600821,5.68,5.82,5.91,5.57,25739,16047223.0,6.05,3.56,0.2,0.71
2008-05-29,600821,5.81,5.58,5.82,5.58,23740,14641377.0,4.12,-4.12,-0.24,0.66
2008-05-30,600821,5.59,5.64,5.67,5.52,20410,12352726.0,2.69,1.08,0.06,0.57
2008-06-02,600821,5.53,5.65,5.72,5.53,20729,12600472.0,3.37,0.18,0.01,0.57
2008-06-03,600821,5.65,5.71,5.73,5.53,34402,20881071.0,3.54,1.06,0.06,0.95
2008-06-04,600821,5.64,5.59,5.68,5.54,17804,10767627.0,2.45,-2.1,-0.12,0.49
2008-06-05,600821,5.54,5.46,5.64,5.43,19146,11469496.0,3.76,-2.33,-0.13,0.53
2008-06-06,600821,5.51,5.47,5.54,5.42,14226,8441925.0,2.2,0.18,0.01,0.39
2008-06-10,600821,5.23,4.88,5.29,4.88,24328,13314482.0,7.5,-10.79,-0.59,0.67
2008-06-11,600821,4.84,4.65,4.84,4.54,22332,11491064.0,6.15,-4.71,-0.23,0.62
2008-06-12,600821,4.69,4.57,4.71,4.4,24340,12205581.0,6.67,-1.72,-0.08,0.67
2008-06-13,600821,4.61,4.43,4.62,4.39,19083,9443157.0,5.03,-3.06,-0.14,0.53
2008-06-16,600821,4.43,4.28,4.52,4.17,18721,8967750.0,7.9,-3.39,-0.15,0.52
2008-06-17,600821,4.29,3.82,4.39,3.81,21086,9560273.0,13.55,-10.75,-0.46,0.58
2008-06-18,600821,3.81,4.13,4.16,3.71,34988,15503965.0,11.78,8.12,0.31,0.97
2008-06-19,600821,4.08,3.67,4.18,3.67,31884,13913367.0,12.35,-11.14,-0.46,0.88
2008-06-20,600821,3.68,3.77,4.03,3.49,30454,12975147.0,14.71,2.72,0.1,0.84
2008-06-23,600821,3.81,3.77,3.88,3.7,15744,6718855.0,4.77,0.0,0.0,0.44
2008-06-25,600821,3.99,4.19,4.19,3.92,39206,18079330.0,7.16,11.14,0.42,1.09
2008-06-26,600821,4.38,4.35,4.48,4.26,96571,46718256.0,5.25,3.82,0.16,2.68
2008-06-27,600821,4.13,3.89,4.15,3.87,50784,22688172.0,6.44,-10.57,-0.46,1.41
2008-06-30,600821,3.89,4.03,4.05,3.84,24893,11048738.0,5.4,3.6,0.14,0.69
2008-07-01,600821,4.03,3.88,4.15,3.86,16308,7234726.0,7.2,-3.72,-0.15,0.45
2008-07-02,600821,3.91,3.99,4.06,3.89,20995,9382134.0,4.38,2.84,0.11,0.58
2008-07-03,600821,3.93,4.13,4.27,3.86,38568,17650160.0,10.28,3.51,0.14,1.07
2008-07-04,600821,4.13,4.21,4.36,4.07,36910,17348077.0,7.02,1.94,0.08,1.02
2008-07-07,600821,4.21,4.57,4.63,4.21,58658,29212630.0,9.98,8.55,0.36,1.63
2008-07-08,600821,4.6,4.58,4.6,4.43,47523,23704595.0,3.72,0.22,0.01,1.32
2008-07-09,600821,4.56,4.68,4.69,4.53,64215,32705242.0,3.49,2.18,0.1,1.78
2008-07-10,600821,4.57,4.59,4.87,4.54,66282,34520069.0,7.05,-1.92,-0.09,1.84
2008-07-11,600821,4.53,4.47,4.61,4.33,35888,17710386.0,6.1,-2.61,-0.12,0.99
2008-07-14,600821,4.38,4.6,4.6,4.33,25124,12545094.0,6.04,2.91,0.13,0.7
2008-07-15,600821,4.61,4.46,4.7,4.43,36199,18212306.0,5.87,-3.04,-0.14,1.0
2008-07-16,600821,4.41,4.14,4.45,4.03,32375,15278654.0,9.42,-7.17,-0.32,0.9
2008-07-17,600821,4.23,4.07,4.32,4.04,18551,8674579.0,6.76,-1.69,-0.07,0.51
2008-07-18,600821,4.09,4.24,4.3,3.95,20158,9314022.0,8.6,4.18,0.17,0.56
2008-07-21,600821,4.25,4.43,4.48,4.23,25962,12607565.0,5.9,4.48,0.19,0.72
2008-07-22,600821,4.47,4.47,4.53,4.36,24511,12124837.0,3.84,0.9,0.04,0.68
2008-07-23,600821,4.53,4.49,4.59,4.47,37257,18630158.0,2.68,0.45,0.02,1.03
2008-07-24,600821,4.52,4.63,4.65,4.5,31310,15834343.0,3.34,3.12,0.14,0.87
2008-07-25,600821,4.57,4.52,4.59,4.46,25183,12604158.0,2.81,-2.38,-0.11,0.7
2008-07-28,600821,4.56,4.79,4.83,4.53,66658,34321551.0,6.64,5.97,0.27,1.85
2008-07-29,600821,4.79,4.7,4.88,4.64,80554,42181818.0,5.01,-1.88,-0.09,2.23
2008-07-30,600821,4.71,4.59,4.78,4.58,38143,19527148.0,4.26,-2.34,-0.11,1.06
2008-07-31,600821,4.62,4.42,4.68,4.4,26701,13217229.0,6.1,-3.7,-0.17,0.74
2008-08-01,600821,4.43,4.54,4.61,4.41,23568,11716726.0,4.52,2.71,0.12,0.65
2008-08-04,600821,4.53,4.51,4.67,4.43,29192,14643905.0,5.29,-0.66,-0.03,0.81
2008-08-05,600821,4.53,4.47,4.54,4.32,24215,11808463.0,4.88,-0.89,-0.04,0.67
2008-08-06,600821,4.55,4.44,4.58,4.38,32826,16227755.0,4.47,-0.67,-0.03,0.91
2008-08-07,600821,4.43,4.66,4.66,4.43,47051,23718694.0,5.18,4.95,0.22,1.3
2008-08-08,600821,4.68,4.15,4.71,4.15,44026,21373779.0,12.02,-10.94,-0.51,1.22
2008-08-11,600821,4.11,3.69,4.11,3.69,27840,11821758.0,10.12,-11.08,-0.46,0.77
2008-08-12,600821,3.6,3.47,3.6,3.27,32285,12608723.0,8.94,-5.96,-0.22,0.89
2008-08-13,600821,3.43,3.36,3.51,3.11,23012,8660940.0,11.53,-3.17,-0.11,0.64
2008-08-14,600821,3.33,3.38,3.46,3.33,15380,5947133.0,3.87,0.6,0.02,0.43
2008-08-15,600821,3.38,3.35,3.42,3.3,14438,5552064.0,3.55,-0.89,-0.03,0.4
2008-08-18,600821,3.38,2.97,3.4,2.97,25756,9214418.0,12.84,-11.34,-0.38,0.71
2008-08-19,600821,2.84,3.02,3.05,2.84,18690,6424580.0,7.07,1.68,0.05,0.52
2008-08-20,600821,3.01,3.34,3.37,2.89,38331,14139253.0,15.89,10.6,0.32,1.06
2008-08-21,600821,3.21,3.1,3.37,3.08,26467,9750961.0,8.68,-7.19,-0.24,0.73
2008-08-22,600821,3.1,3.11,3.26,3.03,21283,7714704.0,7.42,0.32,0.01,0.59
2008-08-25,600821,3.11,3.07,3.14,2.96,14984,5307179.0,5.79,-1.29,-0.04,0.42
2008-08-26,600821,3.03,2.76,3.04,2.74,22671,7524872.0,9.77,-10.1,-0.31,0.63
2008-08-27,600821,2.76,2.77,2.88,2.7,17845,5820553.0,6.52,0.36,0.01,0.44
2008-08-28,600821,2.82,2.79,2.83,2.74,14066,4572451.0,3.25,0.72,0.02,0.35
2008-08-29,600821,2.8,2.9,2.96,2.8,20208,6781057.0,5.73,3.94,0.11,0.5
2008-09-01,600821,2.9,2.98,3.06,2.82,26853,9154889.0,8.28,2.76,0.08,0.67
2008-09-02,600821,2.91,3.14,3.15,2.91,33436,11802915.0,8.05,5.37,0.16,0.83
2008-09-03,600821,3.1,3.12,3.26,3.03,29271,10498001.0,7.32,-0.64,-0.02,0.73
2008-09-04,600821,3.08,3.04,3.14,2.94,18878,6655976.0,6.41,-2.56,-0.08,0.47
2008-09-05,600821,2.91,2.85,2.98,2.84,13506,4562413.0,4.61,-6.25,-0.19,0.34
2008-09-08,600821,2.91,2.78,2.98,2.76,16200,5333330.0,7.72,-2.46,-0.07,0.4
2008-09-09,600821,2.78,2.85,2.9,2.78,11594,3827785.0,4.32,2.52,0.07,0.29
2008-09-10,600821,2.83,2.89,2.97,2.74,17894,6008422.0,8.07,1.4,0.04,0.44
2008-09-11,600821,2.86,2.83,2.93,2.8,10877,3600445.0,4.5,-2.08,-0.06,0.27
2008-09-12,600821,2.83,2.82,2.88,2.79,7083,2344211.0,3.18,-0.35,-0.01,0.18
2008-09-16,600821,2.81,2.71,2.82,2.7,18369,5916757.0,4.26,-3.9,-0.11,0.46
2008-09-17,600821,2.77,2.63,2.77,2.61,12604,3965893.0,5.9,-2.95,-0.08,0.31
2008-09-18,600821,2.53,2.62,2.63,2.32,30892,9138208.0,11.79,-0.38,-0.01,0.77
2008-09-19,600821,2.93,2.93,2.93,2.83,37948,12860070.0,3.82,11.83,0.31,0.94
2008-09-22,600821,3.09,3.07,3.27,2.95,67564,24289045.0,10.92,4.78,0.14,1.68
2008-09-23,600821,2.93,2.76,2.98,2.74,30848,10289144.0,7.82,-10.1,-0.31,0.77
2008-09-24,600821,2.75,2.88,2.89,2.64,18231,5960275.0,9.06,4.35,0.12,0.45
2008-09-25,600821,2.86,2.93,3.02,2.86,28763,9794583.0,5.56,1.74,0.05,0.71
2008-09-26,600821,2.94,2.9,2.98,2.81,20838,7018833.0,5.8,-1.02,-0.03,0.52
2008-10-06,600821,2.79,2.7,2.85,2.68,17049,5514037.0,5.86,-6.9,-0.2,0.42
2008-10-07,600821,2.65,2.65,2.69,2.58,16069,4992096.0,4.07,-1.85,-0.05,0.4
2008-10-08,600821,2.54,2.59,2.65,2.54,9188,2821001.0,4.15,-2.26,-0.06,0.23
2008-10-09,600821,2.63,2.55,2.7,2.52,14518,4442548.0,6.95,-1.54,-0.04,0.36
2008-10-10,600821,2.43,2.35,2.48,2.33,21350,6109539.0,5.88,-7.84,-0.2,0.53
2008-10-13,600821,2.34,2.45,2.46,2.26,16102,4559930.0,8.51,4.26,0.1,0.4
2008-10-14,600821,2.53,2.37,2.57,2.37,20625,6121692.0,8.16,-3.27,-0.08,0.51
2008-10-15,600821,2.37,2.4,2.42,2.33,12693,3605045.0,3.8,1.27,0.03,0.32
2008-10-16,600821,2.27,2.26,2.33,2.22,11799,3244424.0,4.58,-5.83,-0.14,0.29
2008-10-17,600821,2.28,2.25,2.33,2.22,17952,4886496.0,4.87,-0.44,-0.01,0.45
2008-10-20,600821,2.25,2.36,2.42,2.24,14879,4178542.0,8.0,4.89,0.11,0.37
2008-10-21,600821,2.4,2.34,2.42,2.33,15568,4427524.0,3.81,-0.85,-0.02,0.39
2008-10-22,600821,2.32,2.36,2.48,2.28,22735,6520522.0,8.55,0.85,0.02,0.56
2008-10-23,600821,2.31,2.42,2.42,2.28,18237,5178514.0,5.93,2.54,0.06,0.45
2008-10-24,600821,2.43,2.36,2.51,2.33,16494,4721664.0,7.44,-2.48,-0.06,0.41
2008-10-27,600821,2.28,2.08,2.36,2.08,23689,6308728.0,11.86,-11.86,-0.28,0.59
2008-10-28,600821,2.07,2.17,2.18,2.01,17150,4416137.0,8.17,4.33,0.09,0.43
2008-10-29,600821,2.22,2.03,2.23,2.03,15629,4066128.0,9.22,-6.45,-0.14,0.39
2008-10-30,600821,2.06,2.06,2.12,2.03,10532,2661495.0,4.43,1.48,0.03,0.26
2008-10-31,600821,2.06,1.94,2.09,1.91,11818,2896745.0,8.74,-5.83,-0.12,0.29
2008-11-03,600821,1.94,1.86,1.98,1.84,7274,1732350.0,7.22,-4.12,-0.08,0.18
2008-11-04,600821,1.84,1.84,1.89,1.78,9085,2090393.0,5.91,-1.08,-0.02,0.23
2008-11-05,600821,1.84,1.94,1.96,1.84,20419,4854328.0,6.52,5.43,0.1,0.51
2008-11-06,600821,1.86,1.87,1.89,1.83,9271,2160510.0,3.09,-3.61,-0.07,0.23
2008-11-07,600821,1.85,1.94,1.95,1.81,14909,3546314.0,7.49,3.74,0.07,0.37
2008-11-10,600821,1.98,2.14,2.16,1.96,32645,8302718.0,10.31,10.31,0.2,0.81
2008-11-11,600821,2.13,2.17,2.23,2.06,40682,10665548.0,7.94,1.4,0.03,1.01
2008-11-12,600821,2.17,2.22,2.22,2.13,28114,7459792.0,4.15,2.3,0.05,0.7
2008-11-13,600821,2.18,2.49,2.49,2.14,115630,33471364.0,15.77,12.16,0.27,2.87
2008-11-14,600821,2.51,2.64,2.66,2.39,132266,39177819.0,10.84,6.02,0.15,3.29
2008-11-17,600821,2.58,2.68,2.72,2.52,99691,30807045.0,7.58,1.52,0.04,2.48
2008-11-18,600821,2.61,2.37,2.65,2.37,78606,23167863.0,10.45,-11.57,-0.31,1.95
2008-11-19,600821,2.3,2.53,2.54,2.29,52187,15170016.0,10.55,6.75,0.16,1.3
2008-11-20,600821,2.46,2.51,2.57,2.43,62415,18593882.0,5.53,-0.79,-0.02,1.55
2008-11-21,600821,2.43,2.42,2.52,2.27,47984,13793788.0,9.96,-3.59,-0.09,1.19
2008-11-24,600821,2.42,2.34,2.54,2.33,41647,12131013.0,8.68,-3.31,-0.08,1.03
2008-11-25,600821,2.38,2.3,2.44,2.24,23096,6447363.0,8.55,-1.71,-0.04,0.57
2008-11-26,600821,2.29,2.33,2.39,2.27,15903,4458384.0,5.22,1.3,0.03,0.4
2008-11-27,600821,2.54,2.37,2.54,2.36,40191,11744327.0,7.73,1.72,0.04,1.0
2008-11-28,600821,2.34,2.47,2.47,2.27,48838,14031797.0,8.44,4.22,0.1,1.21
2008-12-01,600821,2.43,2.61,2.62,2.43,92708,28124813.0,7.69,5.67,0.14,2.3
2008-12-02,600821,2.53,2.58,2.67,2.49,74070,22611659.0,6.9,-1.15,-0.03,1.84
2008-12-03,600821,2.62,2.69,2.69,2.58,81452,25376238.0,4.26,4.26,0.11,2.02
2008-12-04,600821,2.7,2.63,2.79,2.61,105330,33440880.0,6.69,-2.23,-0.06,2.62
2008-12-05,600821,2.63,2.74,2.75,2.59,64028,20020137.0,6.08,4.18,0.11,1.59
2008-12-08,600821,2.77,2.92,2.98,2.77,127103,42585758.0,7.66,6.57,0.18,3.16
2008-12-09,600821,2.89,2.77,2.97,2.77,81291,27137005.0,6.85,-5.14,-0.15,2.02
2008-12-10,600821,2.71,2.85,2.88,2.69,55248,17986874.0,6.86,2.89,0.08,1.37
2008-12-11,600821,2.83,2.71,2.88,2.69,50729,16520736.0,6.67,-4.91,-0.14,1.26
2008-12-12,600821,2.71,2.55,2.71,2.47,54441,16645971.0,8.86,-5.9,-0.16,1.35
2008-12-15,600821,2.6,2.62,2.64,2.53,30198,9262669.0,4.31,2.75,0.07,0.75
2008-12-16,600821,2.6,2.66,2.66,2.48,36784,11166894.0,6.87,1.53,0.04,0.91
2008-12-17,600821,2.67,2.69,2.75,2.64,51732,16380160.0,4.14,1.13,0.03,1.29
2008-12-18,600821,2.67,2.78,2.81,2.64,76318,24581348.0,6.32,3.35,0.09,1.9
2008-12-19,600821,2.81,2.79,2.86,2.75,62876,20628879.0,3.96,0.36,0.01,1.56
2008-12-22,600821,2.76,2.85,2.88,2.74,57049,18775893.0,5.02,2.15,0.06,1.42
2008-12-23,600821,2.86,2.56,2.87,2.54,60851,19298521.0,11.58,-10.18,-0.29,1.51
2008-12-24,600821,2.46,2.57,2.64,2.46,45855,13914460.0,7.03,0.39,0.01,1.14
2008-12-25,600821,2.57,2.53,2.63,2.48,38086,11542785.0,5.84,-1.56,-0.04,0.95
2008-12-26,600821,2.45,2.44,2.57,2.44,29623,8748668.0,5.14,-3.56,-0.09,0.74
2008-12-29,600821,2.45,2.43,2.47,2.35,18936,5435926.0,4.92,-0.41,-0.01,0.47
2008-12-30,600821,2.43,2.34,2.47,2.33,22469,6451605.0,5.76,-3.7,-0.09,0.56
2008-12-31,600821,2.37,2.3,2.4,2.3,16444,4626473.0,4.27,-1.71,-0.04,0.41
2009-01-05,600821,2.36,2.43,2.43,2.34,18381,5258865.0,3.91,5.65,0.13,0.46
2009-01-06,600821,2.43,2.55,2.56,2.39,38579,11443930.0,7.0,4.94,0.12,0.96
2009-01-07,600821,2.53,2.52,2.58,2.49,33938,10194413.0,3.53,-1.18,-0.03,0.84
2009-01-08,600821,2.48,2.43,2.49,2.38,23884,6933533.0,4.37,-3.57,-0.09,0.59
2009-01-09,600821,2.39,2.49,2.5,2.39,18521,5443702.0,4.53,2.47,0.06,0.46
2009-01-12,600821,2.49,2.54,2.58,2.48,34443,10399919.0,4.02,2.01,0.05,0.86
2009-01-13,600821,2.51,2.45,2.52,2.44,22108,6529304.0,3.15,-3.54,-0.09,0.55
2009-01-14,600821,2.44,2.54,2.55,2.44,27394,8131574.0,4.49,3.67,0.09,0.68
2009-01-15,600821,2.51,2.59,2.64,2.5,62879,19263522.0,5.51,1.97,0.05,1.56
2009-01-16,600821,2.61,2.74,2.75,2.6,103503,32703035.0,5.79,5.79,0.15,2.57
2009-01-19,600821,2.81,2.68,2.85,2.62,149591,47931308.0,8.39,-2.19,-0.06,3.72
2009-01-20,600821,2.68,2.68,2.71,2.61,45580,14209208.0,3.73,0.0,0.0,1.13
2009-01-21,600821,2.63,2.62,2.67,2.6,34980,10859673.0,2.61,-2.24,-0.06,0.87
2009-01-22,600821,2.64,2.64,2.66,2.59,34629,10716535.0,2.67,0.76,0.02,0.86
2009-01-23,600821,2.64,2.6,2.66,2.58,33246,10233329.0,3.03,-1.52,-0.04,0.83
2009-02-02,600821,2.63,2.68,2.7,2.59,46787,14608129.0,4.23,3.08,0.08,1.16
2009-02-03,600821,2.67,2.77,2.78,2.65,87344,28070781.0,4.85,3.36,0.09,2.17
2009-02-04,600821,2.8,2.87,2.88,2.73,118088,38991529.0,5.42,3.61,0.1,2.93
2009-02-05,600821,2.86,2.78,2.9,2.74,96484,31743196.0,5.57,-3.14,-0.09,2.4
2009-02-06,600821,2.8,2.97,3.01,2.79,147285,50093609.0,7.91,6.83,0.19,3.66
2009-02-09,600821,3.0,3.19,3.21,2.93,160661,56265724.0,9.43,7.41,0.22,3.99
2009-02-10,600821,3.12,3.23,3.25,3.07,139483,50330998.0,5.64,1.25,0.04,3.47
2009-02-11,600821,3.14,3.15,3.28,3.06,137291,50167686.0,6.81,-2.48,-0.08,3.41
2009-02-12,600821,3.16,3.32,3.33,3.05,163154,60257342.0,8.89,5.4,0.17,4.05
2009-02-13,600821,3.32,3.47,3.53,3.26,160597,62704064.0,8.13,4.52,0.15,3.99
2009-02-16,600821,3.52,3.6,3.61,3.39,150222,59791828.0,6.34,3.75,0.13,3.73
2009-02-17,600821,3.6,3.33,3.6,3.32,129852,50582554.0,7.78,-7.5,-0.27,3.23
2009-02-18,600821,3.26,3.08,3.31,3.07,104784,38297555.0,7.21,-7.51,-0.25,2.6
2009-02-19,600821,3.14,3.16,3.18,3.07,62734,22552438.0,3.57,2.6,0.08,1.56
2009-02-20,600821,3.16,3.31,3.32,3.08,74552,27636973.0,7.59,4.75,0.15,1.85
2009-02-23,600821,3.29,3.47,3.5,3.24,110341,42821028.0,7.85,4.83,0.16,2.74
2009-02-24,600821,3.41,3.31,3.58,3.29,147119,57541475.0,8.36,-4.61,-0.16,3.66
2009-02-25,600821,3.37,3.69,3.69,3.33,200988,81947176.0,10.88,11.48,0.38,4.99
2009-02-26,600821,3.83,3.35,3.88,3.27,348510,143905074.0,16.53,-9.21,-0.34,8.66
2009-02-27,600821,3.15,2.97,3.25,2.97,117585,41329952.0,8.36,-11.34,-0.38,2.92
2009-03-02,600821,2.87,2.96,3.04,2.83,73708,25169428.0,7.07,-0.34,-0.01,1.83
2009-03-03,600821,2.83,2.98,3.04,2.81,70326,23929756.0,7.77,0.68,0.02,1.75
2009-03-04,600821,2.97,3.17,3.18,2.97,97342,34830246.0,7.05,6.38,0.19,2.42
2009-03-05,600821,3.24,3.23,3.3,3.08,108412,39828715.0,6.94,1.89,0.06,2.69
2009-03-06,600821,3.16,3.19,3.21,3.11,53189,19323126.0,3.1,-1.24,-0.04,1.32
2009-03-09,600821,3.2,2.97,3.27,2.95,70187,25204528.0,10.03,-6.9,-0.22,1.74
2009-03-10,600821,2.93,3.05,3.07,2.88,42788,14827115.0,6.4,2.69,0.08,1.06
2009-03-11,600821,3.15,3.4,3.4,3.08,150594,56045888.0,10.49,11.48,0.35,3.74
2009-03-12,600821,3.31,3.28,3.35,3.14,144571,53740826.0,6.18,-3.53,-0.12,3.59
2009-03-13,600821,3.29,3.19,3.31,3.15,61347,22666917.0,4.88,-2.74,-0.09,1.52
2009-03-16,600821,3.2,3.17,3.22,3.07,43282,15625190.0,4.7,-0.63,-0.02,1.08
2009-03-17,600821,3.18,3.3,3.36,3.17,83026,31221925.0,5.99,4.1,0.13,2.06
2009-03-18,600821,3.31,3.34,3.48,3.28,124140,47780936.0,6.06,1.21,0.04,3.08
2009-03-19,600821,3.35,3.46,3.49,3.32,121626,47303692.0,5.09,3.59,0.12,3.02
2009-03-20,600821,3.43,3.39,3.45,3.33,83212,32094490.0,3.47,-2.02,-0.07,2.07
2009-03-23,600821,3.37,3.48,3.48,3.33,101276,39508116.0,4.42,2.65,0.09,2.52
2009-03-24,600821,3.49,3.59,3.61,3.43,127033,50448286.0,5.17,3.16,0.11,3.16
2009-03-25,600821,3.55,3.6,3.67,3.5,165334,67055370.0,4.74,0.28,0.01,4.11
2009-03-26,600821,3.63,3.62,3.64,3.43,207677,83718532.0,5.83,0.56,0.02,5.16
2009-03-27,600821,3.63,3.59,3.7,3.58,155546,63798724.0,3.31,-0.83,-0.03,3.86
2009-03-30,600821,3.57,3.52,3.61,3.49,94022,37626342.0,3.34,-1.95,-0.07,2.34
2009-03-31,600821,3.44,3.5,3.5,3.39,78543,30775097.0,3.13,-0.57,-0.02,1.95
2009-04-01,600821,3.51,3.57,3.61,3.5,87910,35456907.0,3.14,2.0,0.07,2.18
2009-04-02,600821,3.59,3.51,3.6,3.5,95839,38455786.0,2.8,-1.68,-0.06,2.38
2009-04-03,600821,3.54,3.44,3.56,3.42,71734,28315855.0,3.99,-1.99,-0.07,1.78
2009-04-07,600821,3.44,3.52,3.52,3.42,64673,25447742.0,2.91,2.33,0.08,1.61
2009-04-08,600821,3.5,3.38,3.56,3.38,75159,29736504.0,5.11,-3.98,-0.14,1.87
2009-04-09,600821,3.39,3.42,3.43,3.28,63381,24302005.0,4.44,1.18,0.04,1.57
2009-04-10,600821,3.41,3.53,3.57,3.4,93261,37142701.0,4.97,3.22,0.11,2.32
2009-04-13,600821,3.54,3.6,3.63,3.51,134752,54361154.0,3.4,1.98,0.07,3.35
2009-04-14,600821,3.58,3.6,3.62,3.54,89520,36274088.0,2.22,0.0,0.0,2.22
2009-04-15,600821,3.55,3.68,3.72,3.53,146391,60068196.0,5.28,2.22,0.08,3.64
2009-04-16,600821,3.66,3.74,3.86,3.6,198886,83854798.0,7.07,1.63,0.06,4.94
2009-04-17,600821,3.7,3.63,3.78,3.54,119291,49397553.0,6.42,-2.94,-0.11,2.96
2009-04-20,600821,3.61,3.79,3.81,3.57,156892,65749024.0,6.61,4.41,0.16,3.9
2009-04-21,600821,3.73,3.92,3.95,3.7,244122,106022721.0,6.6,3.43,0.13,6.07
2009-04-22,600821,3.89,3.59,3.93,3.49,218385,92170815.0,11.22,-8.42,-0.33,5.43
2009-04-23,600821,3.55,3.58,3.62,3.44,92225,36931612.0,5.01,-0.28,-0.01,2.29
2009-04-24,600821,3.6,3.47,3.61,3.44,83500,33416175.0,4.75,-3.07,-0.11,2.07
2009-04-27,600821,3.48,3.29,3.51,3.24,76841,29431990.0,7.78,-5.19,-0.18,1.91
2009-04-28,600821,3.28,3.37,3.37,3.25,40403,15362139.0,3.65,2.43,0.08,1.0
2009-04-29,600821,3.37,3.46,3.48,3.34,49954,19479757.0,4.15,2.67,0.09,1.24
2009-04-30,600821,3.48,3.51,3.53,3.45,63713,25219708.0,2.31,1.45,0.05,1.58
2009-05-04,600821,3.53,3.69,3.72,3.51,100185,41245492.0,5.98,5.13,0.18,2.49
2009-05-05,600821,3.7,3.77,3.8,3.65,146409,61787429.0,4.07,2.17,0.08,3.64
2009-05-06,600821,3.76,3.82,3.82,3.69,129570,55114856.0,3.45,1.33,0.05,3.22
2009-05-07,600821,3.82,3.76,3.82,3.63,140444,58801571.0,4.97,-1.57,-0.06,3.49
2009-05-08,600821,3.7,3.91,4.0,3.67,231473,100481022.0,8.78,3.99,0.15,5.75
2009-05-11,600821,3.89,3.63,3.97,3.63,156349,66773546.0,8.7,-7.16,-0.28,3.88
2009-05-12,600821,3.63,3.77,3.78,3.58,85128,35346341.0,5.51,3.86,0.14,2.11
2009-05-13,600821,3.77,3.88,3.97,3.72,155635,67342502.0,6.63,2.92,0.11,3.87
2009-05-14,600821,3.81,3.9,3.91,3.76,120458,51889035.0,3.87,0.52,0.02,2.99
2009-05-15,600821,3.9,3.99,4.01,3.82,184644,81419197.0,4.87,2.31,0.09,4.59
2009-05-18,600821,4.0,3.99,4.07,3.85,135494,59899333.0,5.51,0.0,0.0,3.37
2009-05-19,600821,3.99,3.98,4.08,3.89,152046,67728770.0,4.76,-0.25,-0.01,3.78
2009-05-21,600821,3.87,3.82,3.96,3.71,145029,62169468.0,6.28,-4.02,-0.16,3.6
2009-05-22,600821,3.78,3.88,3.9,3.73,94510,40591625.0,4.45,1.57,0.06,2.35
2009-05-25,600821,3.75,3.91,3.93,3.71,106081,45382558.0,5.67,0.77,0.03,2.64
2009-05-26,600821,3.93,3.96,4.11,3.93,247354,110950439.0,4.6,1.28,0.05,6.15
2009-05-27,600821,3.96,3.92,3.99,3.85,89724,39341143.0,3.54,-1.01,-0.04,2.23
2009-06-01,600821,3.94,3.96,4.03,3.9,103475,45958479.0,3.32,1.02,0.04,2.57
2009-06-02,600821,3.95,4.09,4.11,3.93,181242,81821000.0,4.55,3.28,0.13,4.5
2009-06-03,600821,4.11,4.09,4.13,4.02,114402,51925866.0,2.69,0.0,0.0,2.84
2009-06-04,600821,4.09,3.98,4.09,3.89,131941,58650092.0,4.89,-2.69,-0.11,3.28
2009-06-05,600821,3.97,4.12,4.19,3.97,217613,99784646.0,5.53,3.52,0.14,5.41
2009-06-08,600821,4.14,4.38,4.47,4.13,335894,159841614.0,8.25,6.31,0.26,8.35
2009-06-09,600821,4.38,4.48,4.52,4.22,292586,141318265.0,6.85,2.28,0.1,7.27
2009-06-10,600821,4.43,4.41,4.47,4.33,164817,80140213.0,3.13,-1.56,-0.07,4.09
2009-06-11,600821,4.37,4.55,4.63,4.35,246130,121767856.0,6.35,3.17,0.14,6.12
2009-06-12,600821,4.55,4.31,4.55,4.18,182013,87871515.0,8.13,-5.27,-0.24,4.52
2009-06-15,600821,4.31,4.39,4.41,4.21,86489,41472540.0,4.64,1.86,0.08,2.15
2009-06-16,600821,4.39,4.48,4.56,4.33,149375,73568198.0,5.24,2.05,0.09,3.71
2009-06-17,600821,4.47,4.48,4.51,4.36,98384,48454721.0,3.35,0.0,0.0,2.44
2009-06-18,600821,4.48,4.44,4.54,4.42,98959,48812596.0,2.68,-0.89,-0.04,2.46
2009-06-19,600821,4.42,4.5,4.53,4.33,148206,72657321.0,4.5,1.35,0.06,3.68
2009-06-22,600821,4.52,4.63,4.69,4.46,194997,97951559.0,5.11,2.89,0.13,4.84
2009-06-23,600821,4.58,4.61,4.81,4.53,362962,186798026.0,6.05,-0.43,-0.02,9.02
2009-06-24,600821,4.58,4.61,4.62,4.54,110373,55756200.0,1.74,0.0,0.0,2.74
2009-06-25,600821,4.6,4.46,4.61,4.45,139719,69614505.0,3.47,-3.25,-0.15,3.47
2009-06-26,600821,4.46,4.48,4.5,4.4,75264,36985878.0,2.24,0.45,0.02,1.87
2009-06-29,600821,4.48,4.45,4.5,4.42,70428,34666382.0,1.79,-0.67,-0.03,1.75
2009-06-30,600821,4.47,4.44,4.57,4.43,92861,46098858.0,3.15,-0.22,-0.01,2.31
2009-07-01,600821,4.44,4.52,4.55,4.42,80905,40290462.0,2.93,1.8,0.08,2.01
2009-07-02,600821,4.51,4.48,4.54,4.43,94584,46706014.0,2.43,-0.88,-0.04,2.35
2009-07-03,600821,4.48,4.54,4.56,4.43,108285,53735179.0,2.9,1.34,0.06,2.69
2009-07-06,600821,4.55,4.68,4.71,4.55,187487,95740910.0,3.52,3.08,0.14,4.66
2009-07-07,600821,4.63,4.6,4.68,4.57,93471,47564879.0,2.35,-1.71,-0.08,2.32
2009-07-08,600821,4.58,4.61,4.65,4.56,82898,42026583.0,1.96,0.22,0.01,2.06
2009-07-09,600821,4.61,4.65,4.66,4.55,122353,62105317.0,2.39,0.87,0.04,3.04
2009-07-10,600821,4.65,4.78,4.9,4.62,245294,128256037.0,6.02,2.8,0.13,6.09
2009-07-13,600821,4.73,4.93,5.0,4.71,240655,129198555.0,6.07,3.14,0.15,5.98
2009-07-14,600821,5.03,4.96,5.11,4.93,326293,177731301.0,3.65,0.61,0.03,8.11
2009-07-15,600821,4.96,4.95,4.98,4.88,157471,84820579.0,2.02,-0.2,-0.01,3.91
2009-07-16,600821,4.95,4.92,5.02,4.9,123570,67037847.0,2.42,-0.61,-0.03,3.07
2009-07-17,600821,4.92,5.03,5.04,4.88,159228,86561828.0,3.25,2.24,0.11,3.96
2009-07-20,600821,5.06,5.16,5.18,4.96,255245,141120759.0,4.37,2.58,0.13,6.34
2009-07-21,600821,5.23,4.91,5.24,4.86,347672,193066343.0,7.36,-4.84,-0.25,8.64
2009-07-22,600821,4.83,4.92,4.96,4.83,123298,66221661.0,2.65,0.2,0.01,3.06
2009-07-23,600821,4.94,4.9,4.96,4.86,90773,48663753.0,2.03,-0.41,-0.02,2.26
2009-07-24,600821,4.91,4.81,4.93,4.71,128007,67806192.0,4.49,-1.84,-0.09,3.18
2009-07-27,600821,4.81,4.87,4.89,4.77,90654,48174652.0,2.49,1.25,0.06,2.25
2009-07-28,600821,4.88,4.97,4.97,4.82,117734,63441134.0,3.08,2.05,0.1,2.93
2009-07-29,600821,4.97,4.57,4.97,4.43,147830,77152059.0,10.87,-8.05,-0.4,3.67
2009-07-30,600821,4.6,4.61,4.67,4.44,84525,42507174.0,5.03,0.88,0.04,2.1
2009-07-31,600821,4.63,4.83,4.87,4.58,121148,62967933.0,6.29,4.77,0.22,3.01
2009-08-03,600821,4.78,4.96,4.99,4.78,131260,70500965.0,4.35,2.69,0.13,3.26
2009-08-04,600821,4.95,5.11,5.13,4.86,216315,118464418.0,5.44,3.02,0.15,5.37
2009-08-05,600821,5.05,5.07,5.18,4.92,169164,93710978.0,5.09,-0.78,-0.04,4.2
2009-08-06,600821,4.99,5.13,5.28,4.83,216723,120351674.0,8.88,1.18,0.06,5.38
2009-08-07,600821,5.08,5.01,5.12,4.89,145657,79968664.0,4.48,-2.34,-0.12,3.62
2009-08-10,600821,5.03,5.2,5.28,5.03,272634,153361395.0,4.99,3.79,0.19,6.77
2009-08-11,600821,5.28,5.09,5.33,5.07,256213,144874089.0,5.0,-2.12,-0.11,6.37
2009-08-12,600821,5.03,4.66,5.06,4.57,143729,76082386.0,9.63,-8.45,-0.43,3.57
2009-08-13,600821,4.66,4.75,4.83,4.59,84881,44142378.0,5.15,1.93,0.09,2.11
2009-08-14,600821,4.7,4.42,4.77,4.39,92129,46490981.0,8.0,-6.95,-0.33,2.29
2009-08-17,600821,4.34,4.02,4.41,4.0,89581,41861662.0,9.28,-9.05,-0.4,2.23
2009-08-18,600821,3.98,4.12,4.16,3.94,55285,25113856.0,5.47,2.49,0.1,1.37
2009-08-19,600821,4.11,3.75,4.17,3.71,62396,27712039.0,11.17,-8.98,-0.37,1.55
2009-08-20,600821,3.77,3.93,3.96,3.76,64467,27999509.0,5.33,4.8,0.18,1.6
2009-08-21,600821,3.95,4.05,4.07,3.88,61344,27345167.0,4.83,3.05,0.12,1.52
2009-08-24,600821,4.06,4.13,4.14,4.0,59555,27126787.0,3.46,1.98,0.08,1.48
2009-08-25,600821,4.09,4.23,4.23,3.96,130367,59789304.0,6.54,2.42,0.1,3.24
2009-08-26,600821,4.13,4.32,4.34,4.12,106623,50611093.0,5.2,2.13,0.09,2.65
2009-08-27,600821,4.36,4.34,4.46,4.26,106731,51592592.0,4.63,0.46,0.02,2.65
2009-08-28,600821,4.28,4.14,4.35,4.11,77484,36061375.0,5.53,-4.61,-0.2,1.86
2009-08-31,600821,4.04,3.79,4.07,3.78,61177,26774571.0,7.0,-8.45,-0.35,1.47
2009-09-01,600821,3.74,3.81,3.95,3.74,41261,17797714.0,5.54,0.53,0.02,0.99
2009-09-02,600821,3.83,3.93,3.94,3.81,46147,20059018.0,3.41,3.15,0.12,1.11
2009-09-03,600821,3.93,4.08,4.12,3.91,56610,25502310.0,5.34,3.82,0.15,1.36
2009-09-04,600821,4.08,4.28,4.3,4.01,95501,44387669.0,7.11,4.9,0.2,2.29
2009-09-07,600821,4.36,4.3,4.41,4.22,157190,75273958.0,4.44,0.47,0.02,3.78
2009-09-08,600821,4.33,4.33,4.39,4.24,94199,45208784.0,3.49,0.7,0.03,2.26
2009-09-09,600821,4.33,4.28,4.35,4.24,61325,29151645.0,2.54,-1.15,-0.05,1.47
2009-09-10,600821,4.25,4.21,4.29,4.17,51996,24415512.0,2.8,-1.64,-0.07,1.25
2009-09-11,600821,4.2,4.27,4.3,4.16,46043,21793666.0,3.33,1.43,0.06,1.11
2009-09-14,600821,4.37,4.36,4.38,4.27,76317,36737292.0,2.58,2.11,0.09,1.83
2009-09-15,600821,4.36,4.48,4.52,4.33,139225,68529575.0,4.36,2.75,0.12,3.34
2009-09-16,600821,4.47,4.49,4.56,4.4,109028,54215812.0,3.57,0.22,0.01,2.62
2009-09-17,600821,4.47,4.61,4.65,4.47,110517,55815855.0,4.01,2.67,0.12,2.65
2009-09-18,600821,4.61,4.36,4.63,4.31,114580,57053518.0,6.94,-5.42,-0.25,2.75
2009-09-21,600821,4.35,4.68,4.71,4.31,137602,68814270.0,9.17,7.34,0.32,3.31
2009-09-22,600821,4.7,4.48,4.78,4.46,153057,78386432.0,6.84,-4.27,-0.2,3.68
2009-09-23,600821,4.43,4.63,4.63,4.32,166469,83203719.0,6.92,3.35,0.15,4.0
2009-09-24,600821,4.58,4.58,4.68,4.41,133288,67428370.0,5.83,-1.08,-0.05,3.2
2009-09-25,600821,4.65,4.57,4.65,4.53,124786,63249168.0,2.62,-0.22,-0.01,3.0
2009-09-28,600821,4.53,4.19,4.56,4.11,73412,35594938.0,9.85,-8.32,-0.38,1.76
2009-09-29,600821,4.18,3.97,4.24,3.9,56464,25495099.0,8.11,-5.25,-0.22,1.36
2009-09-30,600821,4.01,4.0,4.11,3.99,45953,20695061.0,3.02,0.76,0.03,1.1
2009-10-09,600821,4.06,4.2,4.21,4.04,48628,22397554.0,4.25,5.0,0.2,1.17
2009-10-12,600821,4.19,4.22,4.29,4.15,45874,21593580.0,3.33,0.48,0.02,1.1
2009-10-13,600821,4.18,4.33,4.35,4.16,54552,25984613.0,4.5,2.61,0.11,1.31
2009-10-14,600821,4.3,4.36,4.42,4.29,59384,28755783.0,3.0,0.69,0.03,1.43
2009-10-15,600821,4.37,4.73,4.77,4.33,126597,63056471.0,10.09,8.49,0.37,3.04
2009-10-16,600821,4.91,4.7,4.91,4.51,152281,77960374.0,8.46,-0.63,-0.03,3.66
2009-10-19,600821,4.68,4.7,4.81,4.6,177593,91908161.0,4.47,0.0,0.0,4.27
2009-10-20,600821,4.7,4.69,4.72,4.63,99695,51300550.0,1.91,-0.21,-0.01,2.39
2009-10-21,600821,4.68,4.68,4.74,4.61,142435,73238900.0,2.77,-0.21,-0.01,3.42
2009-10-22,600821,4.64,4.67,4.74,4.61,84038,43330848.0,2.78,-0.21,-0.01,2.02
2009-10-23,600821,4.68,4.74,4.87,4.66,160143,84245388.0,4.5,1.5,0.07,3.85
2009-10-26,600821,4.71,4.66,4.72,4.62,82448,42237594.0,2.11,-1.69,-0.08,1.98
2009-10-27,600821,4.63,4.48,4.63,4.48,77023,38664473.0,3.22,-3.86,-0.18,1.85
2009-10-28,600821,4.44,4.51,4.53,4.39,49783,24592193.0,3.13,0.67,0.03,1.2
2009-10-29,600821,4.45,4.35,4.46,4.32,54308,26297494.0,3.1,-3.55,-0.16,1.3
2009-10-30,600821,4.46,4.39,4.52,4.38,53658,26418089.0,3.22,0.92,0.04,1.29
2009-11-02,600821,4.33,4.62,4.68,4.28,109259,54996773.0,9.11,5.24,0.23,2.62
2009-11-03,600821,4.65,4.7,4.72,4.61,96159,49426307.0,2.38,1.73,0.08,2.31
2009-11-04,600821,4.72,4.7,4.75,4.66,78101,40433105.0,1.91,0.0,0.0,1.88
2009-11-05,600821,4.71,4.78,4.78,4.66,109149,56815342.0,2.55,1.7,0.08,2.62
2009-11-06,600821,4.8,4.78,4.87,4.74,148188,78449779.0,2.72,0.0,0.0,3.56
2009-11-09,600821,4.78,4.98,5.06,4.75,256731,137705269.0,6.49,4.18,0.2,6.17
2009-11-10,600821,5.53,5.53,5.53,5.46,440453,264229085.0,1.41,11.04,0.55,10.58
2009-11-11,600821,5.49,5.31,5.49,5.23,607876,353019880.0,4.7,-3.98,-0.22,14.6
2009-11-12,600821,5.23,5.21,5.32,5.18,251656,143718592.0,2.64,-1.88,-0.1,6.05
2009-11-13,600821,5.18,5.26,5.27,5.11,172852,98042293.0,3.07,0.96,0.05,4.15
2009-11-16,600821,5.28,5.29,5.32,5.24,191052,109828602.0,1.52,0.57,0.03,4.59
2009-11-17,600821,5.32,5.46,5.48,5.25,251397,146792040.0,4.35,3.21,0.17,6.04
2009-11-18,600821,5.39,5.39,5.44,5.33,157519,92204237.0,2.01,-1.28,-0.07,3.78
2009-11-19,600821,5.41,5.52,5.56,5.38,221417,131994879.0,3.34,2.41,0.13,5.32
2009-11-20,600821,5.52,5.44,5.55,5.43,149131,88753928.0,2.17,-1.45,-0.08,3.58
2009-11-23,600821,5.44,5.66,5.83,5.4,185383,113127739.0,7.9,4.04,0.22,4.45
2009-11-24,600821,5.68,5.21,5.7,5.18,214914,128099481.0,9.19,-7.95,-0.45,5.16
2009-11-25,600821,5.16,5.46,5.48,5.16,148464,86348617.0,6.14,4.8,0.25,3.57
2009-11-26,600821,5.48,5.42,5.62,5.32,226710,134896870.0,5.49,-0.73,-0.04,5.45
2009-11-27,600821,5.23,5.17,5.43,5.13,128955,74094771.0,5.54,-4.61,-0.25,3.1
2009-11-30,600821,5.26,5.41,5.42,5.21,100512,58431958.0,4.06,4.64,0.24,2.41
2009-12-01,600821,5.39,5.56,5.6,5.33,150241,89580838.0,4.99,2.77,0.15,3.61
2009-12-02,600821,5.58,5.81,5.89,5.56,306781,191218166.0,5.94,4.5,0.25,7.37
2009-12-03,600821,5.74,5.75,5.77,5.62,172709,106503580.0,2.58,-1.03,-0.06,4.15
2009-12-04,600821,5.71,5.52,5.8,5.36,181436,109748708.0,7.65,-4.0,-0.23,4.36
2009-12-07,600821,5.53,5.66,5.67,5.48,93111,56620203.0,3.44,2.54,0.14,2.24
2009-12-08,600821,5.68,5.73,5.81,5.64,146882,91103961.0,3.0,1.24,0.07,3.53
2009-12-09,600821,5.64,5.54,5.71,5.52,108773,66079727.0,3.32,-3.32,-0.19,2.61
2009-12-10,600821,5.56,5.58,5.65,5.51,75392,45467711.0,2.53,0.72,0.04,1.81
2009-12-11,600821,5.62,5.7,5.78,5.59,156993,97064379.0,3.41,2.15,0.12,3.77
2009-12-15,600821,5.65,5.61,5.75,5.55,100785,61569903.0,3.51,-1.58,-0.09,2.42
2009-12-16,600821,5.61,5.47,5.61,5.44,98441,58958449.0,3.03,-2.5,-0.14,2.36
2009-12-17,600821,5.45,5.21,5.51,5.19,101640,58645807.0,5.85,-4.75,-0.26,2.44
2009-12-18,600821,5.08,5.09,5.23,5.03,61648,34436982.0,3.84,-2.3,-0.12,1.48
2009-12-21,600821,5.05,5.25,5.26,5.05,47007,26516235.0,4.13,3.14,0.16,1.13
2009-12-22,600821,5.25,5.06,5.26,5.03,45391,25377670.0,4.38,-3.62,-0.19,1.09
2009-12-23,600821,5.07,5.18,5.19,5.01,49992,27889688.0,3.56,2.37,0.12,1.2
2009-12-24,600821,5.18,5.31,5.34,5.16,73946,42416249.0,3.47,2.51,0.13,1.78
2009-12-25,600821,5.33,5.32,5.38,5.28,57979,33646350.0,1.88,0.19,0.01,1.39
2009-12-28,600821,5.32,5.38,5.42,5.3,56261,32860394.0,2.26,1.13,0.06,1.35
2009-12-29,600821,5.38,5.47,5.48,5.34,81628,48079364.0,2.6,1.67,0.09,1.96
2009-12-30,600821,5.44,5.37,5.48,5.31,65267,38095002.0,3.11,-1.83,-0.1,1.57
2009-12-31,600821,5.34,5.48,5.52,5.34,93511,55340629.0,3.35,2.05,0.11,2.25
2010-01-04,600821,5.49,5.44,5.62,5.43,96769,58130158.0,3.47,-0.73,-0.04,2.32
2010-01-05,600821,5.45,5.51,5.52,5.36,63967,37877126.0,2.94,1.29,0.07,1.54
2010-01-06,600821,5.49,5.42,5.57,5.41,72319,43238418.0,2.9,-1.63,-0.09,1.74
2010-01-07,600821,5.42,5.31,5.45,5.28,67493,39390450.0,3.14,-2.03,-0.11,1.62
2010-01-08,600821,5.28,5.39,5.4,5.25,45555,26425662.0,2.82,1.51,0.08,1.09
2010-01-11,600821,5.41,5.35,5.46,5.3,59014,34427930.0,2.97,-0.74,-0.04,1.42
2010-01-12,600821,5.35,5.5,5.5,5.35,83354,49308093.0,2.8,2.8,0.15,2.0
2010-01-13,600821,5.41,5.54,5.6,5.38,167338,100575963.0,4.0,0.73,0.04,4.02
2010-01-14,600821,5.53,5.71,5.75,5.53,181906,111534044.0,3.97,3.07,0.17,4.37
2010-01-15,600821,5.71,5.65,5.73,5.59,107886,65983404.0,2.45,-1.05,-0.06,2.59
2010-01-18,600821,5.68,5.71,5.74,5.61,97709,60205841.0,2.3,1.06,0.06,2.35
2010-01-19,600821,5.67,5.67,5.77,5.61,96926,59615483.0,2.8,-0.7,-0.04,2.33
2010-01-20,600821,5.66,5.5,5.73,5.48,141479,85676521.0,4.41,-3.0,-0.17,3.4
2010-01-21,600821,5.51,5.58,5.66,5.45,102526,61909332.0,3.82,1.45,0.08,2.46
2010-01-22,600821,5.51,5.46,5.55,5.25,100601,59256080.0,5.38,-2.15,-0.12,2.42
2010-01-25,600821,5.38,5.41,5.51,5.31,52299,30658333.0,3.66,-0.92,-0.05,1.26
2010-01-26,600821,5.39,5.1,5.43,5.05,55122,31310384.0,7.02,-5.73,-0.31,1.32
2010-01-27,600821,5.12,4.99,5.14,4.98,48054,26556574.0,3.14,-2.16,-0.11,1.15
2010-01-28,600821,4.96,5.05,5.09,4.96,32223,17767946.0,2.61,1.2,0.06,0.77
2010-01-29,600821,5.04,5.09,5.14,5.0,40174,22302127.0,2.77,0.79,0.04,0.97
2010-02-01,600821,5.1,5.02,5.1,4.93,36310,19898243.0,3.34,-1.38,-0.07,0.87
2010-02-02,600821,5.08,4.99,5.11,4.98,35675,19724550.0,2.59,-0.6,-0.03,0.86
2010-02-03,600821,5.0,5.11,5.12,4.78,53429,29198873.0,6.81,2.4,0.12,1.28
2010-02-04,600821,5.08,5.17,5.22,5.02,69079,38812114.0,3.91,1.17,0.06,1.66
2010-02-05,600821,5.08,5.73,5.73,5.03,654646,402232197.0,13.54,10.83,0.56,15.73
2010-02-08,600821,5.83,6.35,6.35,5.65,881758,574217132.0,12.22,10.82,0.62,21.18
2010-02-09,600821,6.13,6.01,6.37,5.74,394752,260123636.0,9.92,-5.35,-0.34,9.48
2010-02-10,600821,6.03,5.91,6.04,5.84,225669,144058927.0,3.33,-1.66,-0.1,5.42
2010-02-11,600821,5.92,5.67,5.93,5.65,215684,134168618.0,4.74,-4.06,-0.24,5.18
2010-02-12,600821,5.69,5.73,5.8,5.61,176569,109504229.0,3.35,1.06,0.06,4.24
2010-02-22,600821,5.71,6.01,6.29,5.69,368028,239429683.0,10.47,4.89,0.28,8.84
2010-02-23,600821,5.92,6.17,6.29,5.86,373595,246796572.0,7.15,2.66,0.16,8.97
2010-02-24,600821,6.05,6.14,6.29,6.04,232939,153527449.0,4.05,-0.49,-0.03,5.6
2010-02-25,600821,6.13,6.8,6.8,6.08,395358,280565662.0,11.73,10.75,0.66,9.5
2010-02-26,600821,7.07,6.91,7.21,6.66,763818,563583097.0,8.09,1.62,0.11,18.35
2010-03-01,600821,6.75,7.65,7.65,6.75,793237,627886087.0,13.02,10.71,0.74,19.06
2010-03-02,600821,7.73,7.8,8.02,7.34,738833,600098807.0,8.89,1.96,0.15,17.75
2010-03-03,600821,7.68,7.6,7.73,7.46,349963,281519135.0,3.46,-2.56,-0.2,8.41
2010-03-04,600821,7.53,7.34,7.88,7.26,445767,359746100.0,8.16,-3.42,-0.26,10.71
2010-03-05,600821,7.22,7.24,7.4,6.95,301122,230876176.0,6.13,-1.36,-0.1,7.23
2010-03-08,600821,7.22,7.37,7.48,7.14,224414,174675584.0,4.7,1.8,0.13,5.39
2010-03-09,600821,7.35,7.18,7.36,7.04,178200,136346541.0,4.34,-2.58,-0.19,4.28
2010-03-10,600821,7.14,7.14,7.23,6.92,204989,154376921.0,4.32,-0.56,-0.04,4.92
2010-03-11,600821,7.06,6.92,7.08,6.85,180612,133910835.0,3.22,-3.08,-0.22,4.34
2010-03-12,600821,6.94,6.86,7.1,6.84,166489,123487507.0,3.76,-0.87,-0.06,4.0
2010-03-15,600821,6.79,6.74,6.83,6.63,142876,102773387.0,2.92,-1.75,-0.12,3.43
2010-03-16,600821,6.74,6.79,6.8,6.61,155027,111457443.0,2.82,0.74,0.05,3.72
2010-03-17,600821,6.79,6.97,7.04,6.63,222796,163674721.0,6.04,2.65,0.18,5.35
2010-03-18,600821,6.92,6.98,7.07,6.86,157938,117543150.0,3.01,0.14,0.01,3.79
2010-03-19,600821,6.93,7.01,7.18,6.89,212306,159638531.0,4.15,0.43,0.03,5.1
2010-03-22,600821,7.03,6.83,7.03,6.75,174941,128259993.0,3.99,-2.57,-0.18,4.2
2010-03-23,600821,6.82,6.83,6.97,6.68,167573,121944941.0,4.25,0.0,0.0,4.03
2010-03-24,600821,6.82,6.76,6.92,6.74,115688,84135237.0,2.64,-1.02,-0.07,2.78
2010-03-25,600821,6.73,6.88,7.0,6.68,248449,183066507.0,4.73,1.78,0.12,5.97
2010-03-26,600821,6.83,6.93,6.96,6.73,149626,109603170.0,3.34,0.73,0.05,3.59
2010-03-29,600821,6.93,7.05,7.08,6.89,248287,185544599.0,2.74,1.73,0.12,5.96
2010-03-30,600821,6.97,6.93,7.02,6.86,119704,88383456.0,2.27,-1.7,-0.12,2.88
2010-03-31,600821,6.91,6.78,6.91,6.75,136713,99233973.0,2.31,-2.16,-0.15,3.28
2010-04-01,600821,6.78,6.82,6.86,6.74,112093,81473379.0,1.77,0.59,0.04,2.69
2010-04-02,600821,6.83,6.77,6.83,6.71,124246,89694894.0,1.76,-0.73,-0.05,2.98
2010-04-06,600821,6.78,6.95,6.97,6.74,172268,126221654.0,3.4,2.66,0.18,4.14
2010-04-07,600821,6.93,6.84,6.93,6.78,87003,63541088.0,2.16,-1.58,-0.11,2.09
2010-04-08,600821,6.79,6.75,6.84,6.73,91215,66047848.0,1.61,-1.32,-0.09,2.19
2010-04-09,600821,6.79,6.78,6.8,6.65,120138,86430706.0,2.22,0.44,0.03,2.89
2010-04-12,600821,6.76,6.66,6.78,6.61,152953,109316911.0,2.51,-1.77,-0.12,3.67
2010-04-13,600821,6.65,6.52,6.71,6.43,125862,88452329.0,4.2,-2.1,-0.14,3.02
2010-04-14,600821,6.52,6.69,6.71,6.45,98592,69849540.0,3.99,2.61,0.17,2.37
2010-04-15,600821,6.69,6.56,6.69,6.52,70393,49691233.0,2.54,-1.94,-0.13,1.69
2010-04-16,600821,6.56,6.57,6.64,6.45,52380,36812191.0,2.9,0.15,0.01,1.26
2010-04-19,600821,6.54,6.06,6.54,6.05,95766,65042378.0,7.46,-7.76,-0.51,2.3
2010-04-20,600821,6.06,6.07,6.14,5.92,67797,44056687.0,3.63,0.17,0.01,1.63
2010-04-21,600821,6.13,6.29,6.33,6.05,74701,50083760.0,4.61,3.62,0.22,1.79
2010-04-22,600821,6.24,6.44,6.49,6.19,101800,69706649.0,4.77,2.38,0.15,2.45
2010-04-23,600821,6.43,6.27,6.46,6.26,61744,42028853.0,3.11,-2.64,-0.17,1.48
2010-04-26,600821,6.25,6.31,6.37,6.14,55094,37050274.0,3.67,0.64,0.04,1.32
2010-04-27,600821,6.26,6.07,6.28,5.93,67114,43839315.0,5.55,-3.8,-0.24,1.61
2010-04-28,600821,6.08,6.1,6.18,6.0,52416,34408964.0,2.97,0.49,0.03,1.26
2010-04-29,600821,6.13,5.81,6.17,5.78,58955,38247899.0,6.39,-4.75,-0.29,1.42
2010-04-30,600821,5.8,5.55,5.87,5.44,67383,40741901.0,7.4,-4.48,-0.26,1.62
2010-05-04,600821,5.43,5.54,5.61,5.38,32410,19445722.0,4.14,-0.18,-0.01,0.78
2010-05-05,600821,5.45,5.79,5.8,5.44,64242,39314100.0,6.5,4.51,0.25,1.54
2010-05-06,600821,5.76,5.55,5.77,5.54,56324,34469222.0,3.97,-4.15,-0.24,1.35
2010-05-07,600821,5.5,5.54,5.68,5.42,72582,43418957.0,4.68,-0.18,-0.01,1.74
2010-05-10,600821,5.49,5.69,5.72,5.48,75942,46237166.0,4.33,2.71,0.15,1.82
2010-05-11,600821,5.83,5.52,5.83,5.48,71916,43845303.0,6.15,-2.99,-0.17,1.73
2010-05-12,600821,5.46,5.37,5.46,5.19,82484,47576516.0,4.89,-2.72,-0.15,1.98
2010-05-13,600821,5.35,5.48,5.49,5.18,75519,43818898.0,5.77,2.05,0.11,1.81
2010-05-14,600821,5.39,5.4,5.48,5.29,59718,34960981.0,3.47,-1.46,-0.08,1.43
2010-05-17,600821,5.31,4.87,5.42,4.83,66925,37784968.0,10.93,-9.81,-0.53,1.61
2010-05-18,600821,4.83,4.92,4.96,4.64,64691,34098655.0,6.57,1.03,0.05,1.55
2010-05-19,600821,4.88,4.87,4.99,4.77,49068,26185356.0,4.47,-1.02,-0.05,1.18
2010-05-20,600821,4.82,4.8,4.94,4.73,54122,28679914.0,4.31,-1.44,-0.07,1.3
2010-05-24,600821,4.9,5.33,5.33,4.88,86879,49287737.0,9.38,11.04,0.53,2.09
2010-05-25,600821,5.34,5.37,5.61,5.31,235380,139481450.0,5.63,0.75,0.04,5.65
2010-05-26,600821,5.26,5.33,5.4,5.25,83130,48117091.0,2.79,-0.74,-0.04,2.0
2010-05-27,600821,5.36,5.43,5.46,5.24,81021,47279758.0,4.13,1.88,0.1,1.95
2010-05-28,600821,5.48,5.34,5.51,5.28,76038,44511895.0,4.24,-1.66,-0.09,1.83
2010-05-31,600821,5.31,5.09,5.41,5.08,69256,39746270.0,6.18,-4.68,-0.25,1.66
2010-06-01,600821,5.03,4.97,5.09,4.83,58919,31989709.0,5.11,-2.36,-0.12,1.42
2010-06-02,600821,4.92,5.1,5.13,4.89,46995,25673600.0,4.83,2.62,0.13,1.13
2010-06-03,600821,5.12,5.19,5.48,5.02,141279,80827588.0,9.02,1.76,0.09,3.39
2010-06-04,600821,5.04,5.16,5.18,5.03,74884,41754398.0,2.89,-0.58,-0.03,1.8
2010-06-07,600821,5.0,5.04,5.09,4.93,49230,27059359.0,3.1,-2.33,-0.12,1.18
2010-06-08,600821,5.04,5.12,5.2,5.03,55932,31207056.0,3.37,1.59,0.08,1.34
2010-06-09,600821,5.12,5.27,5.31,5.1,78953,44802890.0,4.1,2.93,0.15,1.9
2010-06-10,600821,5.24,5.36,5.44,5.18,116058,67341002.0,4.93,1.71,0.09,2.79
2010-06-11,600821,5.33,5.25,5.38,5.21,72879,41905440.0,3.17,-2.05,-0.11,1.75
2010-06-17,600821,5.26,5.25,5.37,5.24,45129,25996200.0,2.48,0.0,0.0,1.08
2010-06-18,600821,5.23,4.93,5.25,4.86,61640,34172195.0,7.43,-6.1,-0.32,1.48
2010-06-21,600821,4.93,5.15,5.17,4.88,66403,36807321.0,5.88,4.46,0.22,1.6
2010-06-22,600821,5.12,5.31,5.4,5.08,102382,58798669.0,6.21,3.11,0.16,2.46
2010-06-23,600821,5.24,5.22,5.31,5.09,63305,35933426.0,4.14,-1.69,-0.09,1.52
2010-06-24,600821,5.18,5.24,5.29,5.12,49655,28268740.0,3.26,0.38,0.02,1.19
2010-06-25,600821,5.23,5.1,5.23,5.03,43431,24276410.0,3.82,-2.67,-0.14,1.04
2010-06-28,600821,5.03,5.02,5.16,5.0,26839,14827072.0,3.14,-1.57,-0.08,0.64
2010-06-29,600821,5.04,4.65,5.08,4.64,57332,30200087.0,8.76,-7.37,-0.37,1.38
2010-06-30,600821,4.63,4.49,4.63,4.4,34084,16950545.0,4.95,-3.44,-0.16,0.82
2010-07-01,600821,4.48,4.43,4.53,4.38,31301,15379426.0,3.34,-1.34,-0.06,0.75
2010-07-02,600821,4.43,4.4,4.43,4.13,40062,19122522.0,6.77,-0.68,-0.03,0.96
2010-07-05,600821,4.32,4.39,4.43,4.24,30976,14867717.0,4.32,-0.23,-0.01,0.74
2010-07-06,600821,4.34,4.5,4.51,4.32,43083,21247651.0,4.33,2.51,0.11,1.03
2010-07-07,600821,4.5,4.58,4.6,4.45,41957,20985067.0,3.33,1.78,0.08,1.01
2010-07-08,600821,4.56,4.56,4.76,4.56,59674,30525744.0,4.37,-0.44,-0.02,1.43
2010-07-09,600821,4.54,4.67,4.7,4.46,63855,32428961.0,5.26,2.41,0.11,1.53
2010-07-12,600821,4.68,4.71,4.77,4.61,50063,25882683.0,3.43,0.86,0.04,1.2
2010-07-13,600821,4.65,4.58,4.68,4.53,40145,20362797.0,3.18,-2.76,-0.13,0.96
2010-07-14,600821,4.63,4.72,4.73,4.56,72496,37422779.0,3.71,3.06,0.14,1.74
2010-07-15,600821,4.73,4.57,4.75,4.55,52274,26803754.0,4.24,-3.18,-0.15,1.26
2010-07-16,600821,4.53,4.58,4.6,4.42,40900,20389516.0,3.94,0.22,0.01,0.98
2010-07-19,600821,4.51,4.68,4.7,4.46,45597,23268523.0,5.24,2.18,0.1,1.1
2010-07-20,600821,4.69,4.83,4.87,4.68,89970,47161581.0,4.06,3.21,0.15,2.16
2010-07-21,600821,4.83,4.83,4.92,4.75,79454,42159582.0,3.52,0.0,0.0,1.91
2010-07-22,600821,4.79,4.92,4.99,4.77,74276,39814207.0,4.55,1.86,0.09,1.78
2010-07-23,600821,4.88,4.89,4.93,4.81,53817,28699881.0,2.44,-0.61,-0.03,1.29
2010-07-26,600821,5.19,5.43,5.43,5.19,163181,96037923.0,4.91,11.04,0.54,3.92
2010-07-27,600821,5.66,5.44,5.66,5.43,401693,240803208.0,4.24,0.18,0.01,9.65
2010-07-28,600821,5.33,5.55,5.62,5.33,238285,142528032.0,5.33,2.02,0.11,5.72
2010-07-29,600821,5.53,5.53,5.73,5.4,191891,115802223.0,5.95,-0.36,-0.02,4.61
2010-07-30,600821,5.53,5.42,5.53,5.35,94913,56001531.0,3.25,-1.99,-0.11,2.28
2010-08-02,600821,5.38,5.47,5.52,5.37,96853,57449464.0,2.77,0.92,0.05,2.33
2010-08-03,600821,5.48,5.44,5.6,5.42,129756,77750031.0,3.29,-0.55,-0.03,3.12
2010-08-04,600821,5.39,5.45,5.46,5.23,92960,54209993.0,4.23,0.18,0.01,2.23
2010-08-05,600821,5.44,5.57,5.66,5.4,164482,99129981.0,4.77,2.2,0.12,3.95
2010-08-06,600821,5.59,5.62,5.62,5.45,125383,75620600.0,3.05,0.9,0.05,3.01
2010-08-09,600821,5.62,5.73,5.79,5.58,175402,108239774.0,3.74,1.96,0.11,4.21
2010-08-10,600821,5.71,5.42,5.78,5.4,135441,81654027.0,6.63,-5.41,-0.31,3.25
2010-08-11,600821,5.36,5.44,5.51,5.33,66140,38940738.0,3.32,0.37,0.02,1.59
2010-08-12,600821,5.44,5.29,5.45,5.25,66111,38530508.0,3.68,-2.76,-0.15,1.59
2010-08-13,600821,5.34,5.49,5.51,5.27,78020,45884004.0,4.54,3.78,0.2,1.87
2010-08-16,600821,5.49,5.57,5.58,5.42,92015,55235981.0,2.91,1.46,0.08,2.21
2010-08-17,600821,5.58,5.69,5.75,5.55,152585,93332158.0,3.59,2.15,0.12,3.67
2010-08-18,600821,5.64,5.58,5.68,5.53,93500,56658749.0,2.64,-1.93,-0.11,2.25
2010-08-19,600821,5.57,5.67,5.69,5.56,116760,71427701.0,2.33,1.61,0.09,2.8
2010-08-20,600821,5.63,5.52,5.66,5.48,90025,54208678.0,3.17,-2.65,-0.15,2.16
2010-08-23,600821,5.52,5.46,5.57,5.43,64287,38369063.0,2.54,-1.09,-0.06,1.54
2010-08-24,600821,5.46,5.54,5.56,5.38,60139,35924884.0,3.3,1.47,0.08,1.44
2010-08-25,600821,5.48,5.41,5.56,5.4,73358,43620934.0,2.89,-2.35,-0.13,1.76
2010-08-26,600821,5.44,5.47,5.49,5.4,47038,27837077.0,1.66,1.11,0.06,1.13
2010-08-27,600821,5.45,5.57,5.57,5.4,64984,38914269.0,3.11,1.83,0.1,1.56
2010-08-30,600821,5.59,5.71,5.73,5.55,140210,85988592.0,3.23,2.51,0.14,3.37
2010-08-31,600821,5.7,5.66,5.7,5.58,97928,59858035.0,2.1,-0.88,-0.05,2.35
2010-09-01,600821,5.69,5.75,5.97,5.66,249551,156877428.0,5.48,1.59,0.09,5.99
2010-09-02,600821,5.79,5.82,5.92,5.77,162672,102761692.0,2.61,1.22,0.07,3.91
2010-09-03,600821,5.86,5.9,5.96,5.77,137118,86995512.0,3.26,1.37,0.08,3.29
2010-09-06,600821,5.93,5.91,6.1,5.83,145502,93459070.0,4.58,0.17,0.01,3.5
2010-09-07,600821,5.93,6.02,6.05,5.79,157700,101200864.0,4.4,1.86,0.11,3.79
2010-09-08,600821,5.98,6.04,6.07,5.93,106793,69308157.0,2.33,0.33,0.02,2.57
2010-09-09,600821,6.04,5.84,6.07,5.8,134573,85560339.0,4.47,-3.31,-0.2,3.23
2010-09-10,600821,5.83,5.89,5.92,5.62,108465,67921897.0,5.14,0.86,0.05,2.61
2010-09-13,600821,5.9,6.06,6.08,5.86,142011,91530939.0,3.74,2.89,0.17,3.41
2010-09-14,600821,6.08,6.02,6.16,5.98,150240,98273221.0,2.97,-0.66,-0.04,3.61
2010-09-15,600821,6.08,6.01,6.25,5.99,183365,121239992.0,4.32,-0.17,-0.01,4.4
2010-09-16,600821,6.01,5.82,6.02,5.69,123041,77011390.0,5.49,-3.16,-0.19,2.96
2010-09-17,600821,5.75,5.71,5.82,5.7,57037,35483895.0,2.06,-1.89,-0.11,1.37
2010-09-20,600821,5.71,5.6,5.75,5.58,51539,31609242.0,2.98,-1.93,-0.11,1.24
2010-09-21,600821,5.6,5.62,5.67,5.6,34074,20779270.0,1.25,0.36,0.02,0.82
2010-09-27,600821,5.64,5.75,5.76,5.64,38426,23773250.0,2.14,2.31,0.13,0.92
2010-09-28,600821,5.75,5.79,5.87,5.68,68555,42878013.0,3.3,0.7,0.04,1.65
2010-09-29,600821,5.78,5.66,5.81,5.61,51499,31798485.0,3.45,-2.25,-0.13,1.24
2010-09-30,600821,5.64,5.74,5.75,5.59,42704,26334641.0,2.83,1.41,0.08,1.03
2010-10-08,600821,5.78,5.94,6.06,5.74,114904,72927469.0,5.57,3.48,0.2,2.76
2010-10-11,600821,5.92,5.91,6.0,5.85,96270,61446579.0,2.53,-0.51,-0.03,2.31
2010-10-12,600821,5.92,5.86,5.93,5.82,85133,53840434.0,1.86,-0.85,-0.05,2.05
2010-10-13,600821,5.86,5.92,5.93,5.82,94421,59917152.0,1.88,1.02,0.06,2.27
2010-10-14,600821,5.9,5.61,5.93,5.6,120211,74582205.0,5.57,-5.24,-0.31,2.89
2010-10-15,600821,5.61,5.59,5.7,5.51,79566,48220424.0,3.39,-0.36,-0.02,1.91
2010-10-18,600821,5.58,5.48,5.64,5.28,99259,58838864.0,6.44,-1.97,-0.11,2.38
2010-10-19,600821,5.43,5.68,5.71,5.38,100980,61042475.0,6.02,3.65,0.2,2.43
2010-10-20,600821,5.59,5.9,5.92,5.55,193732,121194570.0,6.51,3.87,0.22,4.65
2010-10-21,600821,5.88,5.9,5.98,5.75,180767,114886394.0,3.9,0.0,0.0,4.34
2010-10-22,600821,5.88,5.87,5.91,5.77,124676,78837362.0,2.37,-0.51,-0.03,3.0
2010-10-25,600821,5.87,5.96,6.16,5.79,214340,137724033.0,6.3,1.53,0.09,5.15
2010-10-26,600821,5.97,5.9,6.02,5.81,117023,74458287.0,3.52,-1.01,-0.06,2.81
2010-10-27,600821,5.87,5.8,5.89,5.73,87578,55202054.0,2.71,-1.69,-0.1,2.1
2010-10-28,600821,5.76,5.95,6.01,5.75,142880,91256917.0,4.48,2.59,0.15,3.43
2010-10-29,600821,5.91,5.89,6.06,5.83,129564,82796216.0,3.87,-1.01,-0.06,3.11
2010-11-01,600821,5.9,5.9,5.95,5.82,136615,86746686.0,2.21,0.17,0.01,3.28
2010-11-02,600821,5.91,6.06,6.18,5.83,264323,171221777.0,5.93,2.71,0.16,6.35
2010-11-03,600821,6.01,6.08,6.24,5.91,258372,169672028.0,5.45,0.33,0.02,6.21
2010-11-04,600821,6.13,6.29,6.37,6.1,277710,186485298.0,4.44,3.45,0.21,6.67
2010-11-05,600821,6.33,6.25,6.35,6.19,181262,121885386.0,2.54,-0.64,-0.04,4.35
2010-11-08,600821,6.24,6.36,6.53,6.24,181330,124409997.0,4.64,1.76,0.11,4.36
2010-11-09,600821,6.36,6.49,6.66,6.27,230499,159135042.0,6.13,2.04,0.13,5.54
2010-11-10,600821,6.37,6.45,6.58,6.23,194116,133285469.0,5.39,-0.62,-0.04,4.66
2010-11-11,600821,6.41,6.21,6.46,6.2,168478,114914146.0,4.03,-3.72,-0.24,4.05
2010-11-12,600821,6.14,5.67,6.24,5.63,171221,109498141.0,9.82,-8.7,-0.54,4.11
2010-11-15,600821,5.73,5.86,5.88,5.68,80406,50087738.0,3.53,3.35,0.19,1.93
2010-11-16,600821,5.85,5.65,5.88,5.59,91389,56817759.0,4.95,-3.58,-0.21,2.2
2010-11-17,600821,5.6,5.49,5.69,5.45,64210,38936767.0,4.25,-2.83,-0.16,1.54
2010-11-18,600821,5.54,5.58,5.61,5.47,44592,26801695.0,2.55,1.64,0.09,1.07
2010-11-19,600821,5.61,5.65,5.65,5.48,53637,32365609.0,3.05,1.25,0.07,1.29
2010-11-22,600821,5.58,5.76,5.78,5.56,65145,40064558.0,3.89,1.95,0.11,1.56
2010-11-23,600821,5.73,5.6,5.77,5.52,50620,30809777.0,4.34,-2.78,-0.16,1.22
2010-11-24,600821,5.56,5.71,5.71,5.55,39252,24052533.0,2.86,1.96,0.11,0.94
2010-11-25,600821,5.75,5.78,5.8,5.68,61688,38406877.0,2.1,1.23,0.07,1.48
2010-11-26,600821,5.78,5.76,5.8,5.68,50036,31077650.0,2.08,-0.35,-0.02,1.2
2010-11-29,600821,5.73,5.71,5.8,5.67,51585,31917922.0,2.26,-0.87,-0.05,1.24
2010-11-30,600821,5.66,5.45,5.72,5.33,83395,49727741.0,6.83,-4.55,-0.26,2.0
2010-12-01,600821,5.42,5.46,5.51,5.4,44486,26360163.0,2.02,0.18,0.01,1.07
2010-12-02,600821,5.51,5.56,5.61,5.48,61925,37289841.0,2.38,1.83,0.1,1.49
2010-12-03,600821,5.56,5.47,5.58,5.41,40478,24048317.0,3.06,-1.62,-0.09,0.97
2010-12-06,600821,5.47,5.36,5.49,5.29,35202,20586304.0,3.66,-2.01,-0.11,0.85
2010-12-07,600821,5.36,5.41,5.42,5.3,25424,14826762.0,2.24,0.93,0.05,0.61
2010-12-08,600821,5.4,5.47,5.51,5.39,41809,24746393.0,2.22,1.11,0.06,1.0
2010-12-09,600821,5.44,5.32,5.47,5.31,36211,21267225.0,2.93,-2.74,-0.15,0.87
2010-12-10,600821,5.29,5.37,5.43,5.2,23060,13390056.0,4.32,0.94,0.05,0.55
2010-12-13,600821,5.38,5.52,5.53,5.37,39369,23367283.0,2.98,2.79,0.15,0.95
2010-12-14,600821,5.54,5.56,5.59,5.51,41683,25098238.0,1.45,0.72,0.04,1.0
2010-12-15,600821,5.56,5.55,5.63,5.53,38037,23017139.0,1.8,-0.18,-0.01,0.91
2010-12-16,600821,5.54,5.56,5.61,5.53,28379,17146372.0,1.44,0.18,0.01,0.68
2010-12-17,600821,5.57,5.55,5.57,5.51,24228,14552359.0,1.08,-0.18,-0.01,0.58
2010-12-20,600821,5.57,5.43,5.57,5.33,38139,22528030.0,4.32,-2.16,-0.12,0.92
2010-12-21,600821,5.43,5.57,5.61,5.43,48724,29310273.0,3.31,2.58,0.14,1.17
2010-12-22,600821,5.59,5.6,5.67,5.57,55153,33537189.0,1.8,0.54,0.03,1.32
2010-12-23,600821,5.58,5.45,5.58,5.44,27324,16312869.0,2.5,-2.68,-0.15,0.66
2010-12-24,600821,5.47,5.47,5.55,5.39,26780,15916442.0,2.94,0.37,0.02,0.64
2010-12-27,600821,5.47,5.32,5.6,5.31,33767,20102886.0,5.3,-2.74,-0.15,0.81
2010-12-28,600821,5.32,5.27,5.37,5.25,35252,20387633.0,2.26,-0.94,-0.05,0.85
2010-12-29,600821,5.28,5.38,5.39,5.22,20481,11817166.0,3.23,2.09,0.11,0.49
2010-12-30,600821,5.38,5.53,5.54,5.33,37165,22012989.0,3.9,2.79,0.15,0.89
2010-12-31,600821,5.47,5.67,5.7,5.46,55964,34123618.0,4.34,2.53,0.14,1.34
2011-01-04,600821,5.66,5.69,5.7,5.59,39225,24030141.0,1.94,0.35,0.02,0.94
2011-01-05,600821,5.68,5.74,5.84,5.63,66515,41558181.0,3.69,0.88,0.05,1.6
2011-01-06,600821,6.36,6.36,6.36,6.36,137516,93923271.0,0.0,10.8,0.62,3.3
2011-01-07,600821,6.43,6.26,6.64,6.13,416460,287994539.0,8.02,-1.57,-0.1,10.0
2011-01-10,600821,6.17,5.92,6.32,5.87,137403,89268188.0,7.19,-5.43,-0.34,3.3
2011-01-11,600821,5.91,6.02,6.03,5.82,59897,38364539.0,3.55,1.69,0.1,1.44
2011-01-12,600821,6.03,6.11,6.18,5.95,83514,54612554.0,3.82,1.5,0.09,2.01
2011-01-13,600821,6.11,5.94,6.11,5.85,53353,34246122.0,4.26,-2.78,-0.17,1.28
2011-01-14,600821,5.95,6.23,6.46,5.94,191186,128067401.0,8.75,4.88,0.29,4.59
2011-01-17,600821,6.2,6.17,6.35,6.04,117274,78057556.0,4.98,-0.96,-0.06,2.82
2011-01-19,600821,6.83,6.83,6.83,6.55,494128,357563791.0,4.54,10.7,0.66,11.87
2011-01-20,600821,6.68,6.66,6.86,6.59,236583,169883777.0,3.95,-2.49,-0.17,5.68
2011-01-21,600821,7.14,7.18,7.33,6.92,365135,277533061.0,6.16,7.81,0.52,8.77
2011-01-24,600821,6.82,6.42,7.0,6.42,283075,201335269.0,8.08,-10.58,-0.76,6.8
2011-01-25,600821,6.23,6.39,6.59,5.93,161640,110001043.0,10.28,-0.47,-0.03,3.88
2011-01-26,600821,6.2,6.51,6.58,6.19,109870,76135339.0,6.1,1.88,0.12,2.64
2011-01-27,600821,6.43,6.51,6.72,6.29,133171,93386258.0,6.61,0.0,0.0,3.2
2011-01-28,600821,6.49,6.83,6.87,6.35,182731,129680884.0,7.99,4.92,0.32,4.39
2011-01-31,600821,6.79,6.86,6.98,6.65,134460,97769411.0,4.83,0.44,0.03,3.23
2011-02-01,600821,6.78,6.58,6.82,6.55,123497,88073619.0,3.94,-4.08,-0.28,2.97
2011-02-09,600821,6.5,6.68,6.7,6.45,95515,67414526.0,3.8,1.52,0.1,2.29
2011-02-10,600821,6.61,7.1,7.17,6.55,236574,176392524.0,9.28,6.29,0.42,5.68
2011-02-11,600821,7.03,7.03,7.18,6.86,148229,110833679.0,4.51,-0.99,-0.07,3.56
2011-02-14,600821,6.97,6.96,7.17,6.93,148326,111032110.0,3.41,-1.0,-0.07,3.56
2011-02-15,600821,6.93,7.05,7.34,6.88,217487,165768838.0,6.61,1.29,0.09,5.22
2011-02-16,600821,7.03,7.12,7.18,6.93,111118,83636419.0,3.55,0.99,0.07,2.67
2011-02-17,600821,7.13,6.93,7.17,6.83,157075,116425801.0,4.78,-2.67,-0.19,3.77
2011-02-18,600821,6.92,6.78,6.97,6.73,101747,74250734.0,3.46,-2.16,-0.15,2.44
2011-02-21,600821,6.71,6.88,6.91,6.69,78095,57078817.0,3.24,1.47,0.1,1.88
2011-02-22,600821,6.89,6.55,6.92,6.51,108599,77780935.0,5.96,-4.8,-0.33,2.61
2011-02-23,600821,6.51,6.67,6.71,6.48,76433,54313708.0,3.51,1.83,0.12,1.84
2011-02-24,600821,6.64,6.66,6.7,6.53,57032,40471172.0,2.55,-0.15,-0.01,1.37
2011-02-25,600821,6.64,6.91,6.98,6.56,96739,70510796.0,6.31,3.75,0.25,2.32
2011-02-28,600821,6.88,7.08,7.1,6.82,134724,100565501.0,4.05,2.46,0.17,3.24
2011-03-01,600821,7.03,7.08,7.17,6.93,125289,94414293.0,3.39,0.0,0.0,3.01
2011-03-02,600821,7.02,6.94,7.02,6.83,56418,41614400.0,2.68,-1.98,-0.14,1.36
2011-03-03,600821,6.92,7.27,7.38,6.88,231478,178078696.0,7.2,4.76,0.33,5.56
2011-03-04,600821,7.18,7.36,7.48,7.05,184463,143243590.0,5.91,1.24,0.09,4.43
2011-03-07,600821,7.37,7.3,7.64,7.23,125642,98410929.0,5.57,-0.82,-0.06,3.02
2011-03-08,600821,7.26,7.33,7.37,7.13,87152,67262835.0,3.29,0.41,0.03,2.09
2011-03-09,600821,7.33,7.26,7.45,7.18,73510,57002418.0,3.68,-0.95,-0.07,1.77
2011-03-10,600821,7.21,7.07,7.31,7.06,72179,55031698.0,3.44,-2.62,-0.19,1.73
2011-03-11,600821,7.03,6.94,7.16,6.93,65556,49452279.0,3.25,-1.84,-0.13,1.57
2011-03-14,600821,6.92,7.15,7.16,6.91,62147,46746137.0,3.6,3.03,0.21,1.49
2011-03-15,600821,7.15,7.12,7.28,6.93,75391,56972978.0,4.9,-0.42,-0.03,1.81
2011-03-16,600821,7.1,7.13,7.19,6.99,55817,42204192.0,2.81,0.14,0.01,1.34
2011-03-17,600821,7.08,6.81,7.08,6.73,82503,60719566.0,4.91,-4.49,-0.32,1.98
2011-03-18,600821,6.85,6.77,6.9,6.72,60144,43509668.0,2.64,-0.59,-0.04,1.44
2011-03-21,600821,6.77,6.64,6.83,6.63,45330,32525012.0,2.95,-1.92,-0.13,1.09
2011-03-22,600821,6.69,6.81,6.82,6.63,39389,28443114.0,2.86,2.56,0.17,0.95
2011-03-23,600821,6.81,6.86,6.88,6.75,38728,28291789.0,1.91,0.73,0.05,0.93
2011-03-24,600821,6.86,6.72,6.88,6.71,60917,44006901.0,2.48,-2.04,-0.14,1.46
2011-03-25,600821,6.7,6.75,6.8,6.68,51143,36819245.0,1.79,0.45,0.03,1.23
2011-03-28,600821,6.77,6.97,7.01,6.7,103474,75583391.0,4.59,3.26,0.22,2.49
2011-03-29,600821,6.87,6.87,7.02,6.8,70687,52081398.0,3.16,-1.43,-0.1,1.7
2011-03-30,600821,6.87,7.14,7.25,6.87,160263,121594011.0,5.53,3.93,0.27,3.85
2011-03-31,600821,7.15,7.06,7.2,6.95,74530,56184268.0,3.5,-1.12,-0.08,1.79
2011-04-01,600821,7.07,7.19,7.21,6.99,70180,53236416.0,3.12,1.84,0.13,1.69
2011-04-06,600821,7.16,7.19,7.28,7.08,70050,53588488.0,2.78,0.0,0.0,1.68
2011-04-07,600821,7.18,7.43,7.61,7.15,214997,170052487.0,6.4,3.34,0.24,5.16
2011-04-08,600821,7.39,7.34,7.47,7.26,82678,64525111.0,2.83,-1.21,-0.09,1.99
2011-04-11,600821,7.35,7.07,7.38,7.04,97476,74101259.0,4.63,-3.68,-0.27,2.34
2011-04-12,600821,7.08,7.09,7.14,6.91,56340,42283049.0,3.25,0.28,0.02,1.35
2011-04-13,600821,7.09,7.11,7.11,6.92,53457,39952217.0,2.68,0.28,0.02,1.28
2011-04-14,600821,7.05,7.16,7.34,7.05,82205,63288433.0,4.08,0.7,0.05,1.97
2011-04-15,600821,7.11,7.38,7.48,7.09,130418,101907531.0,5.45,3.07,0.22,3.13
2011-04-18,600821,7.33,7.4,7.56,7.28,99754,78722964.0,3.79,0.27,0.02,2.4
2011-04-19,600821,7.33,7.62,7.65,7.19,171049,136395995.0,6.22,2.97,0.22,4.11
2011-04-20,600821,7.59,7.42,7.86,7.4,127304,102409509.0,6.04,-2.62,-0.2,3.06
2011-04-21,600821,7.43,7.69,7.81,7.35,139992,113784259.0,6.2,3.64,0.27,3.36
2011-04-22,600821,7.64,7.5,7.68,7.42,86072,68887556.0,3.38,-2.47,-0.19,2.07
2011-04-25,600821,7.43,7.46,7.63,7.37,77835,62106967.0,3.47,-0.53,-0.04,1.87
2011-04-26,600821,7.38,6.99,7.38,6.95,78936,60147792.0,5.76,-6.3,-0.47,1.9
2011-04-27,600821,7.02,6.88,7.14,6.78,51047,37939794.0,5.15,-1.57,-0.11,1.23
2011-04-28,600821,6.88,6.77,7.01,6.73,41738,30582614.0,4.07,-1.6,-0.11,1.0
2011-04-29,600821,6.75,6.87,6.89,6.69,23862,17411125.0,2.95,1.48,0.1,0.57
2011-05-03,600821,6.93,7.04,7.04,6.85,38224,28435864.0,2.77,2.47,0.17,0.92
2011-05-04,600821,7.03,6.9,7.04,6.84,38420,28435254.0,2.84,-1.99,-0.14,0.92
2011-05-05,600821,6.89,7.27,7.41,6.83,77407,59004471.0,8.41,5.36,0.37,1.86
2011-05-06,600821,7.18,7.32,7.53,6.91,79512,61891268.0,8.53,0.69,0.05,1.91
2011-05-09,600821,7.36,7.45,7.5,7.23,64910,50867070.0,3.69,1.78,0.13,1.56
2011-05-10,600821,7.36,7.41,7.43,7.26,47210,36898068.0,2.28,-0.54,-0.04,1.13
2011-05-11,600821,7.39,7.53,7.61,7.33,85887,68617516.0,3.78,1.62,0.12,2.06
2011-05-12,600821,7.49,7.42,7.67,7.35,85567,68256546.0,4.25,-1.46,-0.11,2.06
2011-05-13,600821,7.36,7.82,7.88,7.36,217299,178146979.0,7.01,5.39,0.4,5.22
2011-05-16,600821,7.8,7.74,7.9,7.69,133592,110163234.0,2.69,-1.02,-0.08,3.21
2011-05-17,600821,7.68,7.32,7.78,7.29,134155,106962920.0,6.33,-5.43,-0.42,3.22
2011-05-19,600821,7.35,8.1,8.1,7.35,409066,348099782.0,10.25,10.66,0.78,9.83
2011-05-20,600821,8.12,8.28,8.32,7.9,424852,366540737.0,5.19,2.22,0.18,10.21
2011-05-23,600821,8.14,7.73,8.27,7.64,272172,228144850.0,7.61,-6.64,-0.55,6.54
2011-05-24,600821,7.71,8.01,8.02,7.42,249971,203691616.0,7.76,3.62,0.28,6.01
2011-05-25,600821,7.91,7.62,7.98,7.49,229348,187716669.0,6.12,-4.87,-0.39,5.51
2011-05-26,600821,7.65,6.89,7.72,6.84,261997,203082767.0,11.55,-9.58,-0.73,6.29
2011-05-27,600821,6.78,6.37,6.82,6.23,189974,133622177.0,8.56,-7.55,-0.52,4.56
2011-05-30,600821,6.38,6.33,6.42,6.15,60851,41255625.0,4.24,-0.63,-0.04,1.46
2011-05-31,600821,6.33,6.5,6.56,6.27,71976,49563051.0,4.58,2.69,0.17,1.73
2011-06-01,600821,6.47,6.48,6.54,6.37,71792,49795138.0,2.62,-0.31,-0.02,1.72
2011-06-02,600821,6.35,6.2,6.38,6.06,83316,55601658.0,4.94,-4.32,-0.28,2.0
2011-06-03,600821,6.23,6.62,6.8,6.15,158303,110966142.0,10.48,6.77,0.42,3.8
2011-06-07,600821,6.48,6.57,6.62,6.43,96948,67785955.0,2.87,-0.76,-0.05,2.33
2011-06-08,600821,6.5,6.57,6.6,6.32,90201,62595799.0,4.26,0.0,0.0,2.17
2011-06-09,600821,6.53,6.22,6.59,6.21,75282,51934739.0,5.78,-5.33,-0.35,1.81
2011-06-10,600821,6.19,6.29,6.3,6.05,89594,59649462.0,4.02,1.13,0.07,2.15
2011-06-13,600821,6.22,6.22,6.26,6.13,44570,29740412.0,2.07,-1.11,-0.07,1.07
2011-06-14,600821,6.19,6.37,6.41,6.19,55416,37747190.0,3.54,2.41,0.15,1.33
2011-06-15,600821,6.33,6.27,6.41,6.26,41606,28272975.0,2.35,-1.57,-0.1,1.0
2011-06-16,600821,6.19,5.9,6.21,5.84,68187,44561230.0,5.9,-5.9,-0.37,1.64
2011-06-17,600821,5.9,5.79,6.03,5.73,38028,24247227.0,5.08,-1.86,-0.11,0.91
2011-06-20,600821,5.78,5.65,5.83,5.55,36116,22193492.0,4.84,-2.42,-0.14,0.87
2011-06-21,600821,5.66,5.74,5.74,5.63,33190,20473488.0,1.95,1.59,0.09,0.8
2011-06-22,600821,5.73,5.76,5.82,5.71,34281,21393705.0,1.92,0.35,0.02,0.82
2011-06-23,600821,5.73,5.88,5.91,5.68,38447,24123896.0,3.99,2.08,0.12,0.92
2011-06-24,600821,5.84,6.04,6.1,5.79,63880,41301142.0,5.27,2.72,0.16,1.53
2011-06-27,600821,6.01,6.12,6.21,6.0,59842,39334488.0,3.48,1.32,0.08,1.44
2011-06-28,600821,6.12,6.11,6.16,6.01,32753,21438978.0,2.45,-0.16,-0.01,0.79
2011-06-29,600821,6.09,6.02,6.11,5.89,37893,24589853.0,3.6,-1.47,-0.09,0.91
2011-06-30,600821,6.01,6.27,6.29,5.99,69194,45490879.0,4.98,4.15,0.25,1.66
2011-07-01,600821,6.18,6.21,6.3,6.17,53700,35974223.0,2.07,-0.96,-0.06,1.29
2011-07-04,600821,6.22,6.31,6.31,6.16,51309,34538116.0,2.42,1.61,0.1,1.23
2011-07-05,600821,6.3,6.29,6.32,6.23,56848,38252275.0,1.43,-0.32,-0.02,1.37
2011-07-06,600821,6.27,6.21,6.27,6.14,52692,35137657.0,2.07,-1.27,-0.08,1.27
2011-07-07,600821,6.22,6.34,6.43,6.18,107859,73258722.0,4.03,2.09,0.13,2.59
2011-07-08,600821,6.33,6.36,6.39,6.23,57322,38704786.0,2.52,0.32,0.02,1.38
2011-07-11,600821,6.28,6.3,6.36,6.16,57167,38469562.0,3.14,-0.94,-0.06,1.37
2011-07-12,600821,6.21,6.18,6.23,6.14,44824,29850404.0,1.43,-1.9,-0.12,1.08
2011-07-13,600821,6.16,6.28,6.31,6.14,44763,30043022.0,2.75,1.62,0.1,1.08
2011-07-14,600821,6.29,6.37,6.38,6.25,73996,50228807.0,2.07,1.43,0.09,1.78
2011-07-15,600821,6.33,6.47,6.6,6.31,95651,66547810.0,4.55,1.57,0.1,2.3
2011-07-18,600821,6.47,6.47,6.53,6.38,50658,35068073.0,2.32,0.0,0.0,1.22
2011-07-19,600821,6.48,6.58,6.63,6.41,96291,67658063.0,3.4,1.7,0.11,2.31
2011-07-20,600821,6.59,6.51,6.62,6.39,55112,38439587.0,3.5,-1.06,-0.07,1.32
2011-07-21,600821,6.51,6.54,6.63,6.39,83295,58320535.0,3.69,0.46,0.03,2.0
2011-07-22,600821,6.56,6.58,6.68,6.47,65950,46604850.0,3.21,0.61,0.04,1.58
2011-07-25,600821,6.53,5.99,6.54,5.88,97652,65003034.0,10.03,-8.97,-0.59,2.35
2011-07-26,600821,5.98,5.91,6.03,5.74,70981,44982534.0,4.84,-1.34,-0.08,1.71
2011-07-27,600821,5.86,5.98,6.01,5.79,48479,30996478.0,3.72,1.18,0.07,1.16
2011-07-28,600821,5.91,5.89,5.92,5.79,39298,24881823.0,2.17,-1.51,-0.09,0.94
2011-07-29,600821,5.87,5.79,5.9,5.75,40154,25223734.0,2.55,-1.7,-0.1,0.96
2011-08-01,600821,5.81,5.82,5.84,5.76,33259,20873880.0,1.38,0.52,0.03,0.8
2011-08-02,600821,5.82,5.71,5.82,5.61,36826,22666007.0,3.61,-1.89,-0.11,0.88
2011-08-03,600821,5.64,5.74,5.79,5.63,29223,18107585.0,2.8,0.53,0.03,0.7
2011-08-04,600821,5.73,5.78,5.84,5.73,23899,14945860.0,1.92,0.7,0.04,0.57
2011-08-05,600821,5.61,5.63,5.68,5.48,39419,23913398.0,3.46,-2.6,-0.15,0.95
2011-08-08,600821,5.53,5.2,5.62,5.07,54373,31525011.0,9.77,-7.64,-0.43,1.31
2011-08-09,600821,5.03,5.22,5.3,4.89,50228,28135420.0,7.88,0.38,0.02,1.21
2011-08-10,600821,5.33,5.33,5.44,5.28,47846,27878837.0,3.07,2.11,0.11,1.15
2011-08-11,600821,5.23,5.45,5.47,5.18,34149,19925763.0,5.44,2.25,0.12,0.82
2011-08-12,600821,5.51,5.53,5.55,5.41,46645,27836130.0,2.57,1.47,0.08,1.12
2011-08-15,600821,5.52,5.62,5.67,5.46,40878,24803357.0,3.8,1.63,0.09,0.98
2011-08-16,600821,5.66,5.53,5.66,5.51,30603,18434196.0,2.67,-1.6,-0.09,0.74
2011-08-17,600821,5.48,5.46,5.6,5.44,35048,20970252.0,2.89,-1.27,-0.07,0.84
2011-08-18,600821,5.43,5.41,5.59,5.41,29850,17846914.0,3.3,-0.92,-0.05,0.72
2011-08-19,600821,5.29,5.32,5.36,5.21,29777,17121090.0,2.77,-1.66,-0.09,0.72
2011-08-22,600821,5.32,5.34,5.43,5.31,17812,10399422.0,2.26,0.38,0.02,0.43
2011-08-23,600821,5.38,5.45,5.45,5.35,18151,10680087.0,1.87,2.06,0.11,0.44
2011-08-24,600821,5.47,5.44,5.52,5.41,19268,11443430.0,2.02,-0.18,-0.01,0.46
2011-08-25,600821,5.45,5.61,5.62,5.43,36776,22115835.0,3.49,3.13,0.17,0.88
2011-08-26,600821,5.57,5.6,5.62,5.52,27158,16402223.0,1.78,-0.18,-0.01,0.65
2011-08-29,600821,5.61,5.54,5.61,5.51,17791,10704811.0,1.79,-1.07,-0.06,0.43
2011-08-30,600821,5.54,5.6,5.66,5.54,45856,27870528.0,2.17,1.08,0.06,1.1
2011-08-31,600821,5.63,5.72,5.85,5.61,93943,58428539.0,4.29,2.14,0.12,2.26
2011-09-01,600821,5.68,5.64,5.76,5.62,34787,21387737.0,2.45,-1.4,-0.08,0.84
2011-09-02,600821,5.62,5.45,5.68,5.44,36339,21771477.0,4.26,-3.37,-0.19,0.87
2011-09-05,600821,5.43,5.28,5.43,5.27,24771,14363036.0,2.94,-3.12,-0.17,0.6
2011-09-06,600821,5.2,5.28,5.31,5.2,13948,7992121.0,2.08,0.0,0.0,0.34
2011-09-07,600821,5.31,5.49,5.54,5.28,41458,24586181.0,4.92,3.98,0.21,1.0
2011-09-08,600821,5.52,5.48,5.6,5.45,59467,35676215.0,2.73,-0.18,-0.01,1.43
2011-09-09,600821,5.44,5.38,5.52,5.36,29844,17599942.0,2.92,-1.82,-0.1,0.72
2011-09-13,600821,5.29,5.28,5.32,5.21,15997,9161308.0,2.04,-1.86,-0.1,0.38
2011-09-14,600821,5.3,5.35,5.35,5.21,13977,8034083.0,2.65,1.33,0.07,0.34
2011-09-15,600821,5.36,5.37,5.47,5.33,16865,9910753.0,2.62,0.37,0.02,0.41
2011-09-16,600821,5.39,5.45,5.46,5.38,17019,10023985.0,1.49,1.49,0.08,0.41
2011-09-19,600821,5.44,5.26,5.44,5.24,13150,7665781.0,3.67,-3.49,-0.19,0.32
2011-09-20,600821,5.28,5.38,5.4,5.25,17476,10132011.0,2.85,2.28,0.12,0.42
2011-09-21,600821,5.34,5.55,5.57,5.34,39978,23794595.0,4.28,3.16,0.17,0.96
2011-09-22,600821,5.49,5.39,5.53,5.38,27265,16184852.0,2.7,-2.88,-0.16,0.65
2011-09-23,600821,5.32,5.42,5.42,5.25,18037,10463384.0,3.15,0.56,0.03,0.43
2011-09-26,600821,5.42,5.25,5.46,5.23,25694,14930409.0,4.24,-3.14,-0.17,0.62
2011-09-27,600821,5.33,5.27,5.33,5.24,16925,9726549.0,1.71,0.38,0.02,0.41
2011-09-28,600821,5.3,5.04,5.33,5.01,30396,17046943.0,6.07,-4.36,-0.23,0.73
2011-09-29,600821,5.02,4.96,5.04,4.86,29730,16090300.0,3.57,-1.59,-0.08,0.71
2011-09-30,600821,4.97,5.0,5.02,4.92,21643,11761187.0,2.02,0.81,0.04,0.52
2011-10-10,600821,5.01,4.97,5.23,4.92,24784,13489706.0,6.2,-0.6,-0.03,0.6
2011-10-11,600821,5.08,4.97,5.17,4.94,24216,13416065.0,4.63,0.0,0.0,0.58
2011-10-12,600821,4.96,5.17,5.21,4.93,31609,17718385.0,5.63,4.02,0.2,0.76
2011-10-13,600821,5.2,5.26,5.29,5.14,42048,24006506.0,2.9,1.74,0.09,1.01
2011-10-14,600821,5.26,5.19,5.28,5.15,23646,13410127.0,2.47,-1.33,-0.07,0.57
2011-10-17,600821,5.19,5.17,5.24,5.12,20661,11654577.0,2.31,-0.39,-0.02,0.5
2011-10-18,600821,5.13,4.93,5.13,4.92,24926,13675430.0,4.06,-4.64,-0.24,0.6
2011-10-19,600821,4.93,4.93,4.99,4.87,12287,6641180.0,2.43,0.0,0.0,0.3
2011-10-20,600821,4.88,4.63,4.94,4.55,36271,18782087.0,7.91,-6.09,-0.3,0.87
2011-10-21,600821,4.63,4.63,4.71,4.56,36589,18703548.0,3.24,0.0,0.0,0.88
2011-10-24,600821,4.65,4.59,4.69,4.29,58113,29028173.0,8.64,-0.86,-0.04,1.4
2011-10-25,600821,4.55,4.7,4.73,4.5,32762,16695364.0,5.01,2.4,0.11,0.79
2011-10-26,600821,4.68,4.74,4.83,4.63,41008,21366789.0,4.26,0.85,0.04,0.99
2011-10-27,600821,4.68,4.88,4.91,4.68,58223,30996650.0,4.85,2.95,0.14,1.4
2011-10-28,600821,4.88,4.92,4.94,4.84,71352,38256981.0,2.05,0.82,0.04,1.71
2011-10-31,600821,4.9,4.87,4.9,4.81,32601,17341022.0,1.83,-1.02,-0.05,0.78
2011-11-01,600821,4.78,4.81,4.89,4.78,32124,17039882.0,2.26,-1.23,-0.06,0.77
2011-11-02,600821,4.77,4.86,4.86,4.66,33943,17736968.0,4.16,1.04,0.05,0.82
2011-11-03,600821,4.85,4.94,4.98,4.84,56576,30543547.0,2.88,1.65,0.08,1.36
2011-11-04,600821,4.95,5.0,5.08,4.92,53096,28987173.0,3.24,1.21,0.06,1.28
2011-11-07,600821,5.03,4.94,5.08,4.91,39168,21326187.0,3.4,-1.2,-0.06,0.94
2011-11-08,600821,4.94,4.92,5.0,4.91,30204,16372850.0,1.82,-0.4,-0.02,0.73
2011-11-09,600821,4.94,4.96,4.99,4.83,31416,16914785.0,3.25,0.81,0.04,0.75
2011-11-10,600821,4.88,4.76,4.91,4.76,39742,21020955.0,3.02,-4.03,-0.2,0.95
2011-11-11,600821,4.8,4.72,4.81,4.7,27246,14247490.0,2.31,-0.84,-0.04,0.65
2011-11-14,600821,4.79,4.87,4.9,4.76,30101,15998414.0,2.97,3.18,0.15,0.72
2011-11-15,600821,4.86,4.98,4.99,4.86,41108,22210007.0,2.67,2.26,0.11,0.99
2011-11-16,600821,4.98,4.81,5.02,4.77,47389,25225704.0,5.02,-3.41,-0.17,1.14
2011-11-17,600821,4.78,4.81,4.88,4.75,56979,29981262.0,2.7,0.0,0.0,1.37
2011-11-18,600821,4.77,4.65,4.81,4.64,25752,13334337.0,3.53,-3.33,-0.16,0.62
2011-11-21,600821,4.73,4.63,4.74,4.57,20687,10587557.0,3.66,-0.43,-0.02,0.5
2011-11-22,600821,4.62,4.65,4.65,4.53,18452,9327336.0,2.59,0.43,0.02,0.44
2011-11-23,600821,4.64,4.63,4.69,4.6,20291,10380332.0,1.94,-0.43,-0.02,0.49
2011-11-24,600821,4.59,4.62,4.64,4.55,17253,8737066.0,1.94,-0.22,-0.01,0.41
2011-11-25,600821,4.63,4.52,4.66,4.49,19848,10010019.0,3.68,-2.16,-0.1,0.48
2011-11-28,600821,4.53,4.54,4.57,4.47,13778,6878350.0,2.21,0.44,0.02,0.33
2011-11-29,600821,4.56,4.62,4.63,4.53,27669,13940909.0,2.2,1.76,0.08,0.66
2011-11-30,600821,4.58,4.3,4.6,4.23,36247,17650839.0,8.01,-6.93,-0.32,0.87
2011-12-01,600821,4.44,4.42,4.54,4.37,31043,15291162.0,3.95,2.79,0.12,0.75
2011-12-02,600821,4.42,4.33,4.42,4.25,19155,9184543.0,3.85,-2.04,-0.09,0.46
2011-12-05,600821,4.38,4.19,4.38,4.17,12474,5841487.0,4.85,-3.23,-0.14,0.3
2011-12-06,600821,4.19,4.18,4.19,4.09,10066,4651958.0,2.39,-0.24,-0.01,0.24
2011-12-07,600821,4.19,4.2,4.21,4.14,9328,4337991.0,1.67,0.48,0.02,0.22
2011-12-08,600821,4.2,4.18,4.21,4.06,12135,5600732.0,3.57,-0.48,-0.02,0.29
2011-12-09,600821,4.13,4.03,4.17,4.01,12793,5813494.0,3.83,-3.59,-0.15,0.31
2011-12-12,600821,4.05,3.92,4.07,3.92,13614,6059481.0,3.72,-2.73,-0.11,0.33
2011-12-13,600821,3.9,3.67,3.93,3.65,31628,13312270.0,7.14,-6.38,-0.25,0.76
2011-12-14,600821,3.68,3.63,3.73,3.59,14774,6117880.0,3.81,-1.09,-0.04,0.35
2011-12-15,600821,3.63,3.51,3.63,3.45,20723,8284475.0,4.96,-3.31,-0.12,0.5
2011-12-16,600821,3.5,3.61,3.62,3.49,18858,7574686.0,3.7,2.85,0.1,0.45
2011-12-19,600821,3.6,3.56,3.6,3.47,20706,8295657.0,3.6,-1.39,-0.05,0.5
2011-12-20,600821,3.57,3.57,3.66,3.53,25171,10251454.0,3.65,0.28,0.01,0.6
2011-12-21,600821,3.6,3.49,3.64,3.48,21181,8550866.0,4.48,-2.24,-0.08,0.51
2011-12-22,600821,3.43,3.37,3.46,3.24,39179,15047307.0,6.3,-3.44,-0.12,0.94
2011-12-23,600821,3.41,3.49,3.53,3.35,35227,13856851.0,5.34,3.56,0.12,0.85
2011-12-26,600821,3.48,3.45,3.56,3.42,23049,9090032.0,4.01,-1.15,-0.04,0.55
2011-12-27,600821,3.42,3.34,3.45,3.32,14982,5767763.0,3.77,-3.19,-0.11,0.36
2011-12-28,600821,3.34,3.35,3.4,3.26,18270,6931775.0,4.19,0.3,0.01,0.44
2011-12-29,600821,3.35,3.38,3.39,3.31,16157,6187373.0,2.39,0.9,0.03,0.39
2011-12-30,600821,3.4,3.47,3.48,3.38,30355,11843054.0,2.96,2.66,0.09,0.73
2012-01-04,600821,3.49,3.4,3.53,3.4,28608,11216146.0,3.75,-2.02,-0.07,0.69
2012-01-05,600821,3.4,3.19,3.4,3.18,17545,6615092.0,6.47,-6.18,-0.21,0.42
2012-01-06,600821,3.17,3.2,3.21,3.09,15028,5438193.0,3.76,0.31,0.01,0.36
2012-01-09,600821,3.19,3.39,3.4,3.17,32710,12369700.0,7.19,5.94,0.19,0.79
2012-01-10,600821,3.37,3.56,3.59,3.35,74106,29525147.0,7.08,5.01,0.17,1.78
2012-01-11,600821,3.53,3.57,3.64,3.51,58786,23834646.0,3.65,0.28,0.01,1.41
2012-01-12,600821,3.53,3.63,3.75,3.51,45206,18492582.0,6.72,1.68,0.06,1.09
2012-01-13,600821,3.61,3.46,3.62,3.41,39210,15522070.0,5.79,-4.68,-0.17,0.94
2012-01-16,600821,3.44,3.32,3.45,3.3,18926,7278452.0,4.34,-4.05,-0.14,0.45
2012-01-17,600821,3.33,3.58,3.59,3.31,35426,13878333.0,8.43,7.83,0.26,0.85
2012-01-18,600821,3.57,3.47,3.62,3.44,47426,18888189.0,5.03,-3.07,-0.11,1.14
2012-01-19,600821,3.48,3.51,3.51,3.44,32233,12724348.0,2.02,1.15,0.04,0.77
2012-01-20,600821,3.5,3.53,3.55,3.48,27756,11059765.0,1.99,0.57,0.02,0.67
2012-01-30,600821,3.53,3.46,3.56,3.45,18993,7537139.0,3.12,-1.98,-0.07,0.46
2012-01-31,600821,3.46,3.48,3.49,3.43,18321,7197650.0,1.73,0.58,0.02,0.44
2012-02-01,600821,3.49,3.41,3.51,3.4,15861,6219647.0,3.16,-2.01,-0.07,0.38
2012-02-02,600821,3.43,3.5,3.51,3.4,19628,7691299.0,3.23,2.64,0.09,0.47
2012-02-03,600821,3.5,3.57,3.6,3.48,32161,12891977.0,3.43,2.0,0.07,0.77
2012-02-06,600821,3.57,3.59,3.62,3.55,30063,12183926.0,1.96,0.56,0.02,0.72
2012-02-07,600821,3.62,3.62,3.74,3.58,96543,39835189.0,4.46,0.84,0.03,2.32
2012-02-08,600821,3.59,3.78,3.79,3.58,88167,36731533.0,5.8,4.42,0.16,2.12
2012-02-09,600821,3.78,3.73,3.8,3.72,77201,32628524.0,2.12,-1.32,-0.05,1.85
2012-02-10,600821,3.75,3.74,3.8,3.7,56049,23632301.0,2.68,0.27,0.01,1.35
2012-02-13,600821,3.69,3.75,3.77,3.65,38117,15962015.0,3.21,0.27,0.01,0.92
2012-02-14,600821,3.75,3.82,3.83,3.68,59444,25042772.0,4.0,1.87,0.07,1.43
2012-02-15,600821,3.78,3.93,3.94,3.78,88455,38234953.0,4.19,2.88,0.11,2.12
2012-02-16,600821,3.88,3.91,3.97,3.82,66829,29179553.0,3.82,-0.51,-0.02,1.61
2012-02-17,600821,3.89,3.87,3.95,3.82,36030,15674594.0,3.32,-1.02,-0.04,0.87
2012-02-20,600821,3.9,3.88,3.94,3.86,37732,16470748.0,2.07,0.26,0.01,0.91
2012-02-21,600821,3.87,3.9,3.9,3.77,37758,16277501.0,3.35,0.52,0.02,0.91
2012-02-22,600821,3.91,4.03,4.11,3.88,77176,34466207.0,5.9,3.33,0.13,1.85
2012-02-23,600821,4.02,3.99,4.03,3.94,35872,15984558.0,2.23,-0.99,-0.04,0.86
2012-02-24,600821,3.95,4.05,4.05,3.94,50814,22763525.0,2.76,1.5,0.06,1.22
2012-02-27,600821,4.04,4.11,4.26,4.04,108896,50328073.0,5.43,1.48,0.06,2.62
2012-02-28,600821,4.07,4.0,4.11,3.93,65606,29312123.0,4.38,-2.68,-0.11,1.58
2012-02-29,600821,3.99,3.97,4.04,3.94,36338,16169367.0,2.5,-0.75,-0.03,0.87
2012-03-01,600821,3.95,4.04,4.07,3.94,47025,21108025.0,3.27,1.76,0.07,1.13
2012-03-02,600821,4.03,4.1,4.11,4.02,39484,17927441.0,2.23,1.49,0.06,0.95
2012-03-05,600821,4.1,4.14,4.22,4.07,64209,29671567.0,3.66,0.98,0.04,1.54
2012-03-06,600821,4.14,4.06,4.14,4.02,32686,14825404.0,2.9,-1.93,-0.08,0.79
2012-03-07,600821,3.98,4.09,4.16,3.98,44855,20395405.0,4.43,0.74,0.03,1.08
2012-03-08,600821,4.09,4.16,4.2,4.07,51645,23874574.0,3.18,1.71,0.07,1.24
2012-03-09,600821,4.17,4.23,4.24,4.15,56035,26155537.0,2.16,1.68,0.07,1.35
2012-03-12,600821,4.23,4.25,4.29,4.16,44277,20827234.0,3.07,0.47,0.02,1.06
2012-03-13,600821,4.29,4.34,4.41,4.27,75548,36285457.0,3.29,2.12,0.09,1.81
2012-03-14,600821,4.35,4.06,4.37,3.98,79538,37542504.0,8.99,-6.45,-0.28,1.91
2012-03-15,600821,4.02,4.03,4.1,3.91,38213,17137883.0,4.68,-0.74,-0.03,0.92
2012-03-16,600821,4.02,4.48,4.48,4.02,148300,72261259.0,11.41,11.17,0.45,3.56
2012-03-19,600821,4.61,4.52,4.61,4.43,196745,98268749.0,4.02,0.89,0.04,4.73
2012-03-20,600821,4.43,4.33,4.49,4.3,83267,40427655.0,4.2,-4.2,-0.19,2.0
2012-03-21,600821,4.37,4.42,4.45,4.18,69543,33446641.0,6.24,2.08,0.09,1.67
2012-03-22,600821,4.42,4.42,4.48,4.33,47450,23179570.0,3.39,0.0,0.0,1.14
2012-03-23,600821,4.41,4.23,4.41,4.21,42980,20439021.0,4.52,-4.3,-0.19,1.03
2012-03-26,600821,4.22,4.17,4.26,4.11,30954,14329984.0,3.55,-1.42,-0.06,0.74
2012-03-27,600821,4.21,4.14,4.23,4.12,23772,11027745.0,2.64,-0.72,-0.03,0.57
2012-03-28,600821,4.09,3.88,4.12,3.83,42493,18764137.0,7.0,-6.28,-0.26,1.02
2012-03-29,600821,3.88,3.79,3.92,3.66,31166,13432042.0,6.7,-2.32,-0.09,0.75
2012-03-30,600821,3.81,3.8,3.85,3.73,13856,5894344.0,3.17,0.26,0.01,0.33
2012-04-05,600821,3.8,3.93,3.93,3.76,20100,8738499.0,4.47,3.42,0.13,0.48
2012-04-06,600821,3.89,3.96,3.99,3.89,23112,10206105.0,2.54,0.76,0.03,0.56
2012-04-09,600821,3.95,4.06,4.08,3.91,38669,17308336.0,4.29,2.53,0.1,0.93
2012-04-10,600821,4.02,4.19,4.19,3.89,41652,18794416.0,7.39,3.2,0.13,1.0
2012-04-11,600821,4.13,4.2,4.29,4.08,39497,18426875.0,5.01,0.24,0.01,0.95
2012-04-12,600821,4.24,4.24,4.24,4.12,37155,17365098.0,2.86,0.95,0.04,0.89
2012-04-13,600821,4.24,4.38,4.63,4.21,80369,39503627.0,9.91,3.3,0.14,1.93
2012-04-16,600821,4.33,4.87,4.87,4.31,316444,164673270.0,12.79,11.19,0.49,7.6
2012-04-17,600821,4.91,4.67,5.22,4.64,374901,203413735.0,11.91,-4.11,-0.2,9.01
2012-04-18,600821,4.54,4.67,4.86,4.34,241597,120891663.0,11.13,0.0,0.0,5.8
2012-04-19,600821,4.55,4.49,4.57,4.4,117006,58044037.0,3.64,-3.85,-0.18,2.81
2012-04-20,600821,4.45,4.54,4.63,4.45,98392,49432979.0,4.01,1.11,0.05,2.36
2012-04-23,600821,4.56,4.5,4.72,4.43,106420,53517011.0,6.39,-0.88,-0.04,2.56
2012-04-24,600821,4.41,4.53,4.56,4.28,98704,48173795.0,6.22,0.67,0.03,2.37
2012-04-25,600821,4.47,4.67,4.73,4.45,132183,67761638.0,6.18,3.09,0.14,3.18
2012-04-26,600821,4.63,4.54,4.71,4.52,65727,33297289.0,4.07,-2.78,-0.13,1.58
2012-04-27,600821,4.56,4.46,4.56,4.41,42033,20720858.0,3.3,-1.76,-0.08,1.01
2012-05-02,600821,4.53,4.53,4.57,4.47,38893,19398059.0,2.24,1.57,0.07,0.93
2012-05-03,600821,4.49,4.48,4.53,4.43,43738,21595925.0,2.21,-1.1,-0.05,1.05
2012-05-04,600821,4.46,4.5,4.51,4.43,27714,13703489.0,1.79,0.45,0.02,0.67
2012-05-07,600821,4.47,4.5,4.5,4.42,25747,12662937.0,1.78,0.0,0.0,0.62
2012-05-08,600821,4.49,4.57,4.58,4.44,37923,18960816.0,3.11,1.56,0.07,0.91
2012-05-09,600821,4.52,4.45,4.56,4.43,33786,16742821.0,2.84,-2.63,-0.12,0.81
2012-05-10,600821,4.43,4.45,4.5,4.43,19783,9739201.0,1.57,0.0,0.0,0.48
2012-05-11,600821,4.46,4.36,4.46,4.35,27696,13496012.0,2.47,-2.02,-0.09,0.67
2012-05-14,600821,4.39,4.36,4.42,4.33,14591,7067922.0,2.06,0.0,0.0,0.35
2012-05-15,600821,4.36,4.3,4.36,4.23,26784,12712169.0,2.98,-1.38,-0.06,0.64
2012-05-16,600821,4.28,4.25,4.31,4.24,15032,7120863.0,1.63,-1.16,-0.05,0.36
2012-05-17,600821,4.26,4.34,4.36,4.21,22638,10779973.0,3.53,2.12,0.09,0.54
2012-05-21,600821,4.29,4.2,4.31,4.16,18952,8922658.0,3.46,-3.23,-0.14,0.46
2012-05-22,600821,4.21,4.28,4.3,4.18,21212,9974634.0,2.86,1.9,0.08,0.51
2012-05-23,600821,4.23,4.32,4.35,4.23,23554,11236515.0,2.8,0.93,0.04,0.57
2012-05-24,600821,4.3,4.28,4.36,4.26,15207,7249126.0,2.31,-0.93,-0.04,0.37
2012-05-25,600821,4.31,4.18,4.31,4.18,15341,7203981.0,3.04,-2.34,-0.1,0.37
2012-05-28,600821,4.18,4.26,4.31,4.07,24431,11356403.0,5.74,1.91,0.08,0.59
2012-05-29,600821,4.27,4.35,4.38,4.22,30205,14460626.0,3.76,2.11,0.09,0.73
2012-05-30,600821,4.36,4.32,4.38,4.28,22086,10579608.0,2.3,-0.69,-0.03,0.53
2012-05-31,600821,4.28,4.28,4.34,4.23,15713,7470399.0,2.55,-0.93,-0.04,0.38
2012-06-01,600821,4.25,4.3,4.32,4.24,14225,6768497.0,1.87,0.47,0.02,0.34
2012-06-04,600821,4.23,4.05,4.23,4.04,23995,11047341.0,4.42,-5.81,-0.25,0.58
2012-06-05,600821,4.1,4.03,4.12,4.01,10894,4923647.0,2.72,-0.49,-0.02,0.26
2012-06-06,600821,4.1,4.03,4.1,4.0,10344,4653569.0,2.48,0.0,0.0,0.25
2012-06-07,600821,4.03,3.97,4.1,3.95,15220,6839731.0,3.72,-1.49,-0.06,0.37
2012-06-08,600821,4.0,3.92,4.02,3.88,12903,5709734.0,3.53,-1.26,-0.05,0.31
2012-06-11,600821,3.93,4.02,4.03,3.89,14086,6263072.0,3.57,2.55,0.1,0.34
2012-06-12,600821,3.99,4.04,4.06,3.95,10724,4806390.0,2.74,0.5,0.02,0.26
2012-06-13,600821,4.07,4.08,4.1,4.01,13959,6322855.0,2.23,0.99,0.04,0.34
2012-06-14,600821,4.08,4.03,4.13,4.01,9188,4163422.0,2.94,-1.23,-0.05,0.22
2012-06-15,600821,4.04,4.05,4.09,4.01,8808,3983777.0,1.99,0.5,0.02,0.21
2012-06-18,600821,4.05,4.08,4.1,4.05,9870,4490106.0,1.23,0.74,0.03,0.24
2012-06-19,600821,4.09,4.0,4.09,3.86,11161,5014744.0,5.64,-1.96,-0.08,0.27
2012-06-20,600821,4.0,4.03,4.07,4.0,9253,4173057.0,1.75,0.75,0.03,0.22
2012-06-21,600821,4.03,4.07,4.11,3.97,21332,9630342.0,3.47,0.99,0.04,0.51
2012-06-25,600821,4.03,3.85,4.03,3.82,16397,7219460.0,5.16,-5.41,-0.22,0.39
2012-06-26,600821,3.85,3.89,3.92,3.81,12390,5360763.0,2.86,1.04,0.04,0.3
2012-06-27,600821,3.88,3.89,4.01,3.84,11739,5160244.0,4.37,0.0,0.0,0.28
2012-06-28,600821,3.88,3.78,3.92,3.77,11292,4865922.0,3.86,-2.83,-0.11,0.27
2012-06-29,600821,3.79,4.21,4.21,3.71,93443,43299435.0,13.23,11.38,0.43,2.24
2012-07-02,600821,4.41,4.31,4.52,4.26,143370,69786167.0,6.18,2.38,0.1,3.44
2012-07-03,600821,4.26,4.49,4.5,4.15,113524,54848571.0,8.12,4.18,0.18,2.73
2012-07-04,600821,4.46,4.38,4.49,4.36,65813,32176049.0,2.9,-2.45,-0.11,1.58
2012-07-05,600821,4.31,4.24,4.51,4.21,89702,43617974.0,6.85,-3.2,-0.14,2.15
2012-07-06,600821,4.3,4.31,4.32,4.04,74491,34713010.0,6.6,1.65,0.07,1.79
2012-07-09,600821,4.26,4.38,4.43,4.16,98456,47263448.0,6.26,1.62,0.07,2.37
2012-07-10,600821,4.29,4.36,4.48,4.23,91170,44155903.0,5.71,-0.46,-0.02,2.19
2012-07-11,600821,4.36,4.2,4.58,4.16,181424,88421570.0,9.63,-3.67,-0.16,4.36
2012-07-12,600821,4.09,4.01,4.09,3.74,98535,43622340.0,8.33,-4.52,-0.19,2.37
2012-07-13,600821,3.95,3.9,3.98,3.85,59918,26238231.0,3.24,-2.74,-0.11,1.44
2012-07-16,600821,3.92,3.74,3.93,3.73,35803,15271911.0,5.13,-4.1,-0.16,0.86
2012-07-17,600821,3.72,3.77,3.81,3.58,35503,14846214.0,6.15,0.8,0.03,0.85
2012-07-18,600821,3.74,3.75,3.79,3.62,35706,14918913.0,4.51,-0.53,-0.02,0.86
2012-07-19,600821,3.73,3.83,3.96,3.69,53837,23189226.0,7.2,2.13,0.08,1.29
2012-07-20,600821,3.83,3.78,3.86,3.77,30814,13178309.0,2.35,-1.31,-0.05,0.74
2012-07-23,600821,3.73,3.8,3.88,3.66,33784,14314978.0,5.82,0.53,0.02,0.81
2012-07-24,600821,3.74,3.89,3.96,3.74,48529,21067817.0,5.79,2.37,0.09,1.17
2012-07-25,600821,3.83,3.79,3.89,3.77,32189,13840722.0,3.08,-2.57,-0.1,0.77
2012-07-26,600821,3.79,3.73,3.82,3.72,20212,8555365.0,2.64,-1.58,-0.06,0.49
2012-07-27,600821,3.75,3.71,3.77,3.68,14539,6093599.0,2.41,-0.54,-0.02,0.35
2012-07-30,600821,3.71,3.55,3.74,3.54,20731,8495489.0,5.39,-4.31,-0.16,0.5
2012-07-31,600821,3.55,3.5,3.6,3.45,15343,6111048.0,4.23,-1.41,-0.05,0.37
2012-08-01,600821,3.5,3.56,3.62,3.5,17130,6924699.0,3.43,1.71,0.06,0.41
2012-08-02,600821,3.54,3.53,3.56,3.51,11804,4723666.0,1.4,-0.84,-0.03,0.28
2012-08-03,600821,3.55,3.59,3.6,3.54,13364,5403634.0,1.7,1.7,0.06,0.32
2012-08-06,600821,3.59,3.72,3.78,3.59,30582,12814288.0,5.29,3.62,0.13,0.73
2012-08-07,600821,3.71,3.75,3.76,3.68,26017,10914692.0,2.15,0.81,0.03,0.63
2012-08-08,600821,3.73,3.75,3.82,3.71,21892,9246950.0,2.93,0.0,0.0,0.53
2012-08-09,600821,3.74,3.8,3.81,3.72,25909,10988245.0,2.4,1.33,0.05,0.62
2012-08-10,600821,3.8,3.77,3.82,3.75,18271,7775075.0,1.84,-0.79,-0.03,0.44
2012-08-13,600821,3.75,3.78,3.92,3.73,33404,14278773.0,5.04,0.27,0.01,0.8
2012-08-14,600821,3.74,3.77,3.79,3.66,24613,10309478.0,3.44,-0.26,-0.01,0.59
2012-08-15,600821,3.77,3.69,3.77,3.68,14657,6143711.0,2.39,-2.12,-0.08,0.35
2012-08-16,600821,3.68,3.67,3.71,3.66,9757,4054998.0,1.36,-0.54,-0.02,0.23
2012-08-17,600821,3.67,3.69,3.71,3.64,8921,3697983.0,1.91,0.54,0.02,0.21
2012-08-20,600821,3.69,3.74,3.77,3.63,13128,5465970.0,3.79,1.36,0.05,0.32
2012-08-21,600821,3.73,3.77,3.8,3.72,18184,7717599.0,2.14,0.8,0.03,0.44
2012-08-22,600821,3.81,3.72,3.82,3.7,12298,5190363.0,3.18,-1.33,-0.05,0.3
2012-08-23,600821,3.72,3.76,3.76,3.7,11830,4978653.0,1.61,1.08,0.04,0.28
2012-08-24,600821,3.76,3.67,3.77,3.66,11791,4923768.0,2.93,-2.39,-0.09,0.28
2012-08-27,600821,3.67,3.59,3.67,3.58,10654,4343135.0,2.45,-2.18,-0.08,0.26
2012-08-28,600821,3.59,3.63,3.65,3.59,6295,2573662.0,1.67,1.11,0.04,0.15
2012-08-29,600821,3.62,3.59,3.68,3.58,9028,3702114.0,2.75,-1.1,-0.04,0.22
2012-08-30,600821,3.59,3.59,3.64,3.54,14373,5842381.0,2.79,0.0,0.0,0.35
2012-08-31,600821,3.61,3.6,3.63,3.58,7983,3258036.0,1.39,0.28,0.01,0.19
2012-09-03,600821,3.62,3.64,3.65,3.58,11949,4891549.0,1.94,1.11,0.04,0.29
2012-09-04,600821,3.64,3.64,3.67,3.61,10423,4280201.0,1.65,0.0,0.0,0.25
2012-09-05,600821,3.61,3.65,3.69,3.61,9849,4061725.0,2.2,0.27,0.01,0.24
2012-09-06,600821,3.67,3.71,3.71,3.65,14184,5892202.0,1.64,1.64,0.06,0.34
2012-09-07,600821,3.72,3.84,3.88,3.71,33781,14432580.0,4.58,3.5,0.13,0.81
2012-09-10,600821,3.82,3.84,3.86,3.79,22760,9771631.0,1.82,0.0,0.0,0.55
2012-09-11,600821,3.84,3.79,3.84,3.77,13871,5924150.0,1.82,-1.3,-0.05,0.33
2012-09-12,600821,3.8,3.85,3.86,3.8,17193,7390633.0,1.58,1.58,0.06,0.41
2012-09-13,600821,3.84,3.76,3.85,3.76,13366,5719451.0,2.34,-2.34,-0.09,0.32
2012-09-14,600821,3.8,3.78,3.81,3.72,17080,7236017.0,2.39,0.53,0.02,0.41
2012-09-17,600821,3.79,3.66,3.8,3.65,11441,4796064.0,3.97,-3.17,-0.12,0.27
2012-09-18,600821,3.61,3.63,3.69,3.61,7929,3272269.0,2.19,-0.82,-0.03,0.19
2012-09-19,600821,3.63,3.69,3.71,3.63,8331,3456239.0,2.2,1.65,0.06,0.2
2012-09-20,600821,3.69,3.59,3.69,3.57,14198,5801685.0,3.25,-2.71,-0.1,0.34
2012-09-21,600821,3.59,3.6,3.62,3.56,9902,4027524.0,1.67,0.28,0.01,0.24
2012-09-24,600821,3.58,3.61,3.65,3.55,8976,3650610.0,2.78,0.28,0.01,0.22
2012-09-25,600821,3.58,3.6,3.64,3.57,8582,3492864.0,1.94,-0.28,-0.01,0.21
2012-09-26,600821,3.59,3.53,3.6,3.53,10427,4194952.0,1.94,-1.94,-0.07,0.25
2012-09-27,600821,3.54,3.61,3.63,3.5,14605,5907665.0,3.68,2.27,0.08,0.35
2012-09-28,600821,3.6,3.66,3.67,3.6,12020,4938988.0,1.94,1.39,0.05,0.29
2012-10-08,600821,3.62,3.64,3.68,3.62,11833,4863974.0,1.64,-0.55,-0.02,0.28
2012-10-09,600821,3.64,3.72,3.72,3.64,23050,9613162.0,2.2,2.2,0.08,0.55
2012-10-10,600821,3.69,3.77,3.82,3.68,29011,12280472.0,3.76,1.34,0.05,0.7
2012-10-11,600821,3.73,3.71,3.78,3.66,18652,7812135.0,3.18,-1.59,-0.06,0.45
2012-10-12,600821,3.71,3.89,4.09,3.69,96592,42344253.0,10.78,4.85,0.18,2.32
2012-10-15,600821,3.84,3.79,3.89,3.72,45138,19186321.0,4.37,-2.57,-0.1,1.08
2012-10-16,600821,3.78,3.93,4.16,3.72,96856,42852193.0,11.61,3.69,0.14,2.33
2012-10-17,600821,3.85,3.89,3.98,3.84,46322,20212335.0,3.56,-1.02,-0.04,1.11
2012-10-18,600821,3.89,3.9,3.94,3.86,34802,15217483.0,2.06,0.26,0.01,0.84
2012-10-19,600821,3.87,3.82,3.9,3.81,26689,11556378.0,2.31,-2.05,-0.08,0.64
2012-10-22,600821,3.8,3.82,3.84,3.76,19339,8249082.0,2.09,0.0,0.0,0.46
2012-10-23,600821,3.81,3.81,3.85,3.8,18198,7812080.0,1.31,-0.26,-0.01,0.44
2012-10-24,600821,3.8,3.87,3.89,3.77,25773,11142940.0,3.15,1.57,0.06,0.62
2012-10-25,600821,3.87,3.78,3.9,3.77,21836,9373557.0,3.36,-2.33,-0.09,0.52
2012-10-26,600821,3.77,3.69,3.79,3.64,21220,8867361.0,3.97,-2.38,-0.09,0.51
2012-10-29,600821,3.67,3.63,3.71,3.62,12298,5076621.0,2.44,-1.63,-0.06,0.3
2012-10-30,600821,3.65,3.67,3.69,3.61,12345,5097576.0,2.2,1.1,0.04,0.3
2012-10-31,600821,3.69,3.69,3.69,3.62,8352,3444519.0,1.91,0.54,0.02,0.2
2012-11-01,600821,3.67,3.76,3.77,3.67,14838,6244623.0,2.71,1.9,0.07,0.36
2012-11-02,600821,3.77,3.76,3.79,3.71,25540,10771758.0,2.13,0.0,0.0,0.61
2012-11-05,600821,3.75,3.77,3.79,3.73,10656,4504269.0,1.6,0.27,0.01,0.26
2012-11-06,600821,3.74,3.71,3.76,3.66,12564,5232859.0,2.65,-1.59,-0.06,0.3
2012-11-07,600821,3.69,3.71,3.74,3.68,8970,3749071.0,1.62,0.0,0.0,0.22
2012-11-08,600821,3.68,3.59,3.68,3.59,11554,4737633.0,2.43,-3.23,-0.12,0.28
2012-11-09,600821,3.58,3.66,3.66,3.57,12606,5173236.0,2.51,1.95,0.07,0.3
2012-11-12,600821,3.67,3.67,3.73,3.65,10534,4381508.0,2.19,0.27,0.01,0.25
2012-11-13,600821,3.7,3.62,3.7,3.61,7864,3229550.0,2.45,-1.36,-0.05,0.19
2012-11-14,600821,3.62,3.64,3.65,3.59,5868,2399445.0,1.66,0.55,0.02,0.14
2012-11-15,600821,3.63,3.52,3.63,3.51,11498,4642700.0,3.3,-3.3,-0.12,0.28
2012-11-16,600821,3.54,3.53,3.54,3.48,9355,3722856.0,1.7,0.28,0.01,0.22
2012-11-19,600821,3.49,3.53,3.54,3.46,5951,2362068.0,2.27,0.0,0.0,0.14
2012-11-20,600821,3.55,3.54,3.56,3.52,5654,2268834.0,1.13,0.28,0.01,0.14
2012-11-21,600821,3.54,3.58,3.58,3.48,6969,2800485.0,2.82,1.13,0.04,0.17
2012-11-22,600821,3.57,3.52,3.58,3.51,5622,2258947.0,1.96,-1.68,-0.06,0.14
2012-11-23,600821,3.53,3.54,3.57,3.53,4561,1835779.0,1.14,0.57,0.02,0.11
2012-11-26,600821,3.53,3.5,3.56,3.49,4684,1872023.0,1.98,-1.13,-0.04,0.11
2012-11-27,600821,3.5,3.3,3.5,3.3,13462,5206245.0,5.71,-5.71,-0.2,0.32
2012-11-28,600821,3.32,3.27,3.33,3.25,7469,2798655.0,2.42,-0.91,-0.03,0.18
2012-11-29,600821,3.3,3.28,3.34,3.26,7112,2685303.0,2.45,0.31,0.01,0.17
2012-11-30,600821,3.28,3.31,3.35,3.27,6147,2321391.0,2.44,0.91,0.03,0.15
2012-12-03,600821,3.28,3.26,3.33,3.26,6027,2259793.0,2.11,-1.51,-0.05,0.14
2012-12-04,600821,3.26,3.3,3.32,3.16,9058,3351242.0,4.91,1.23,0.04,0.22
2012-12-05,600821,3.27,3.4,3.44,3.27,15129,5833532.0,5.15,3.03,0.1,0.36
2012-12-06,600821,3.39,3.36,3.42,3.34,5718,2199958.0,2.35,-1.18,-0.04,0.14
2012-12-07,600821,3.35,3.45,3.46,3.35,15903,6177640.0,3.27,2.68,0.09,0.38
2012-12-10,600821,3.47,3.49,3.5,3.44,12651,4988746.0,1.74,1.16,0.04,0.3
2012-12-11,600821,3.5,3.5,3.58,3.46,20558,8222519.0,3.44,0.29,0.01,0.49
2012-12-12,600821,3.46,3.47,3.51,3.42,10668,4197493.0,2.57,-0.86,-0.03,0.26
2012-12-13,600821,3.49,3.44,3.49,3.42,13425,5265225.0,2.02,-0.86,-0.03,0.32
2012-12-14,600821,3.43,3.55,3.58,3.41,26161,10469834.0,4.94,3.2,0.11,0.63
2012-12-17,600821,3.56,3.58,3.59,3.52,20792,8377054.0,1.97,0.85,0.03,0.5
2012-12-18,600821,3.57,3.58,3.7,3.53,28811,11748774.0,4.75,0.0,0.0,0.69
2012-12-19,600821,3.57,3.58,3.59,3.55,12557,5071867.0,1.12,0.0,0.0,0.3
2012-12-20,600821,3.56,3.56,3.57,3.51,13515,5420012.0,1.68,-0.56,-0.02,0.32
2012-12-21,600821,3.54,3.55,3.59,3.53,11360,4566126.0,1.69,-0.28,-0.01,0.27
2012-12-24,600821,3.54,3.54,3.56,3.49,11249,4500689.0,1.97,-0.28,-0.01,0.27
2012-12-25,600821,3.54,3.61,3.64,3.51,25258,10277138.0,3.67,1.98,0.07,0.61
2012-12-26,600821,3.63,3.65,3.65,3.59,27086,11102173.0,1.66,1.11,0.04,0.65
2012-12-27,600821,3.66,3.61,3.66,3.6,18645,7632732.0,1.64,-1.1,-0.04,0.45
2012-12-28,600821,3.61,3.66,3.67,3.58,31195,12791809.0,2.49,1.39,0.05,0.75
2012-12-31,600821,3.63,3.67,3.68,3.63,22997,9498813.0,1.37,0.27,0.01,0.55
2013-01-04,600821,3.7,3.65,3.7,3.61,21596,8921394.0,2.45,-0.54,-0.02,0.52
2013-01-07,600821,3.63,3.72,3.75,3.62,31360,13090946.0,3.56,1.92,0.07,0.75
2013-01-08,600821,3.73,3.71,3.74,3.68,25208,10519960.0,1.61,-0.27,-0.01,0.61
2013-01-09,600821,3.71,3.72,3.75,3.68,22982,9630316.0,1.89,0.27,0.01,0.55
2013-01-10,600821,3.7,3.76,3.84,3.7,40389,17115709.0,3.76,1.08,0.04,0.97
2013-01-11,600821,3.76,3.65,3.76,3.65,29664,12387778.0,2.93,-2.93,-0.11,0.71
2013-01-14,600821,3.63,3.74,3.74,3.62,33164,13800871.0,3.29,2.47,0.09,0.8
2013-01-15,600821,3.74,3.8,3.81,3.73,40714,17305471.0,2.14,1.6,0.06,0.98
2013-01-16,600821,3.82,3.78,3.82,3.72,35791,15154380.0,2.63,-0.53,-0.02,0.86
2013-01-17,600821,3.78,3.75,3.8,3.73,17389,7352420.0,1.85,-0.79,-0.03,0.42
2013-01-18,600821,3.76,3.79,3.8,3.73,23079,9788700.0,1.87,1.07,0.04,0.55
2013-01-21,600821,3.79,3.89,3.95,3.78,64053,27839483.0,4.49,2.64,0.1,1.54
2013-01-22,600821,3.91,3.81,3.92,3.8,31590,13600289.0,3.08,-2.06,-0.08,0.76
2013-01-23,600821,3.73,3.82,3.83,3.72,23544,9979280.0,2.89,0.26,0.01,0.57
2013-01-24,600821,3.81,3.7,3.83,3.67,29182,12311640.0,4.19,-3.14,-0.12,0.7
2013-01-25,600821,3.73,3.75,3.75,3.68,18508,7768317.0,1.89,1.35,0.05,0.44
2013-01-28,600821,3.75,3.87,3.88,3.72,33514,14387204.0,4.27,3.2,0.12,0.81
2013-01-29,600821,3.88,3.89,3.92,3.85,29802,12980738.0,1.81,0.52,0.02,0.72
2013-01-30,600821,3.89,3.9,3.98,3.87,42423,18630194.0,2.83,0.26,0.01,1.02
2013-01-31,600821,3.9,3.86,3.93,3.85,22975,9995847.0,2.05,-1.03,-0.04,0.55
2013-02-01,600821,3.84,3.91,3.95,3.84,32628,14324329.0,2.85,1.3,0.05,0.78
2013-02-04,600821,3.93,3.94,3.97,3.88,32528,14311603.0,2.3,0.77,0.03,0.78
2013-02-05,600821,3.94,3.93,3.94,3.86,19849,8680337.0,2.03,-0.25,-0.01,0.48
2013-02-06,600821,3.93,3.97,3.99,3.91,29369,13010645.0,2.04,1.02,0.04,0.71
2013-02-07,600821,3.96,3.92,3.97,3.9,15738,6923105.0,1.76,-1.26,-0.05,0.38
2013-02-08,600821,3.92,4.0,4.01,3.92,30747,13708290.0,2.3,2.04,0.08,0.74
2013-02-18,600821,4.01,3.99,4.04,3.95,16329,7285231.0,2.25,-0.25,-0.01,0.39
2013-02-19,600821,3.99,3.92,3.99,3.87,23521,10313436.0,3.01,-1.75,-0.07,0.57
2013-02-20,600821,3.92,3.96,3.97,3.89,20833,9168684.0,2.04,1.02,0.04,0.5
2013-02-21,600821,3.95,3.83,3.95,3.8,22793,9867962.0,3.79,-3.28,-0.13,0.55
2013-02-22,600821,3.82,3.87,3.93,3.81,24667,10722747.0,3.13,1.04,0.04,0.59
2013-02-25,600821,3.87,3.95,3.96,3.85,19089,8377122.0,2.84,2.07,0.08,0.46
2013-02-26,600821,3.94,3.83,3.95,3.82,14881,6493374.0,3.29,-3.04,-0.12,0.36
2013-02-27,600821,3.84,3.86,3.89,3.82,12319,5317419.0,1.83,0.78,0.03,0.3
2013-02-28,600821,3.89,3.91,3.93,3.84,14378,6261532.0,2.33,1.3,0.05,0.35
2013-03-01,600821,3.91,3.95,3.96,3.87,14805,6511828.0,2.3,1.02,0.04,0.36
2013-03-04,600821,3.94,3.88,3.97,3.86,27911,12218535.0,2.78,-1.77,-0.07,0.67
2013-03-05,600821,3.87,3.95,3.97,3.84,21711,9527029.0,3.35,1.8,0.07,0.52
2013-03-06,600821,3.95,4.16,4.21,3.92,71067,32577682.0,7.34,5.32,0.21,1.71
2013-03-07,600821,4.15,4.09,4.15,4.06,30401,13917590.0,2.16,-1.68,-0.07,0.73
2013-03-08,600821,4.09,4.05,4.18,4.03,18206,8313657.0,3.67,-0.98,-0.04,0.44
2013-03-11,600821,4.06,4.12,4.15,3.99,22644,10349898.0,3.95,1.73,0.07,0.54
2013-03-12,600821,4.13,4.02,4.15,3.93,38096,17165182.0,5.34,-2.43,-0.1,0.92
2013-03-13,600821,4.0,3.93,4.02,3.9,12433,5464585.0,2.99,-2.24,-0.09,0.3
2013-03-14,600821,3.93,4.14,4.18,3.93,34471,15787348.0,6.36,5.34,0.21,0.83
2013-03-15,600821,4.11,4.06,4.23,4.06,34039,15707001.0,4.11,-1.93,-0.08,0.82
2013-03-18,600821,4.0,3.97,4.07,3.97,14145,6340353.0,2.46,-2.22,-0.09,0.34
2013-03-19,600821,3.97,4.0,4.06,3.93,9349,4154748.0,3.27,0.76,0.03,0.22
2013-03-20,600821,4.0,4.1,4.11,3.98,17160,7767675.0,3.25,2.5,0.1,0.41
2013-03-21,600821,4.11,4.09,4.16,4.05,18368,8370474.0,2.68,-0.24,-0.01,0.44
2013-03-22,600821,4.06,4.05,4.1,4.01,12212,5537972.0,2.2,-0.98,-0.04,0.29
2013-03-25,600821,4.06,4.16,4.21,4.05,31562,14592736.0,3.95,2.72,0.11,0.76
2013-03-26,600821,4.16,4.18,4.19,4.07,26724,12343888.0,2.88,0.48,0.02,0.64
2013-03-27,600821,4.16,4.09,4.16,4.02,36098,16445156.0,3.35,-2.15,-0.09,0.87
2013-03-28,600821,4.05,3.89,4.05,3.89,33577,14804934.0,3.91,-4.89,-0.2,0.81
2013-03-29,600821,3.89,3.77,3.96,3.76,31531,13554285.0,5.14,-3.08,-0.12,0.76
2013-04-01,600821,3.77,3.81,3.85,3.76,10755,4610077.0,2.39,1.06,0.04,0.26
2013-04-02,600821,3.85,3.81,3.86,3.78,10905,4677301.0,2.1,0.0,0.0,0.26
2013-04-03,600821,3.86,3.87,3.89,3.79,22584,9728416.0,2.62,1.57,0.06,0.54
2013-04-08,600821,3.82,3.88,3.9,3.78,12642,5464067.0,3.1,0.26,0.01,0.3
2013-04-09,600821,3.9,3.91,3.93,3.87,10581,4620317.0,1.55,0.77,0.03,0.25
2013-04-10,600821,3.88,3.86,3.94,3.85,7909,3445816.0,2.3,-1.28,-0.05,0.19
2013-04-11,600821,3.86,3.78,3.9,3.78,9276,3984318.0,3.11,-2.07,-0.08,0.22
2013-04-12,600821,3.78,3.75,3.81,3.73,8110,3434372.0,2.12,-0.79,-0.03,0.19
2013-04-15,600821,3.74,3.7,3.82,3.68,7344,3073198.0,3.73,-1.33,-0.05,0.18
2013-04-16,600821,3.68,3.79,3.81,3.67,6118,2574865.0,3.78,2.43,0.09,0.15
2013-04-17,600821,3.78,3.76,3.78,3.72,3726,1571632.0,1.58,-0.79,-0.03,0.09
2013-04-18,600821,3.72,3.73,3.77,3.71,3828,1610209.0,1.6,-0.8,-0.03,0.09
2013-04-19,600821,3.73,3.81,3.91,3.73,14976,6431769.0,4.83,2.14,0.08,0.36
2013-04-22,600821,3.82,3.77,3.83,3.74,13803,5845890.0,2.36,-1.05,-0.04,0.33
2013-04-23,600821,3.77,3.65,3.78,3.63,12535,5228216.0,3.98,-3.18,-0.12,0.3
2013-04-24,600821,3.66,3.73,3.74,3.65,14117,5887768.0,2.47,2.19,0.08,0.34
2013-04-25,600821,3.69,3.7,3.72,3.65,15579,6464628.0,1.88,-0.8,-0.03,0.37
2013-04-26,600821,3.69,3.61,3.69,3.6,7142,2941254.0,2.43,-2.43,-0.09,0.17
2013-05-02,600821,3.61,3.59,3.63,3.57,8975,3645014.0,1.66,-0.55,-0.02,0.22
2013-05-03,600821,3.59,3.66,3.7,3.59,8690,3589959.0,3.06,1.95,0.07,0.21
2013-05-06,600821,3.68,3.71,3.72,3.65,6941,2889436.0,1.91,1.37,0.05,0.17
2013-05-07,600821,3.69,3.69,3.71,3.67,5410,2250290.0,1.08,-0.54,-0.02,0.13
2013-05-08,600821,3.69,3.72,3.73,3.68,8352,3486425.0,1.36,0.81,0.03,0.2
2013-05-09,600821,3.72,3.69,3.72,3.67,8531,3553548.0,1.34,-0.81,-0.03,0.2
2013-05-10,600821,3.7,4.11,4.11,3.67,106837,47241989.0,11.92,11.38,0.42,2.57
2013-05-13,600821,4.19,3.97,4.2,3.92,108602,48707654.0,6.81,-3.41,-0.14,2.61
2013-05-14,600821,3.9,3.98,4.09,3.84,59781,26473520.0,6.3,0.25,0.01,1.44
2013-05-15,600821,3.94,3.93,3.96,3.88,25811,11312932.0,2.01,-1.26,-0.05,0.62
2013-05-16,600821,3.94,3.93,3.98,3.89,24999,10994051.0,2.29,0.0,0.0,0.6
2013-05-17,600821,3.93,3.96,3.98,3.91,28589,12639401.0,1.78,0.76,0.03,0.69
2013-05-20,600821,3.96,3.97,4.0,3.92,32193,14250928.0,2.02,0.25,0.01,0.77
2013-05-21,600821,3.96,4.03,4.03,3.93,29034,12976821.0,2.52,1.51,0.06,0.7
2013-05-22,600821,4.03,3.94,4.07,3.94,32498,14491465.0,3.23,-2.23,-0.09,0.78
2013-05-23,600821,3.93,3.87,3.98,3.86,22914,10059028.0,3.05,-1.78,-0.07,0.55
2013-05-24,600821,3.86,3.94,3.95,3.86,22818,9976521.0,2.33,1.81,0.07,0.55
2013-05-27,600821,3.93,3.94,3.94,3.9,17172,7543049.0,1.02,0.0,0.0,0.41
2013-05-28,600821,3.93,3.98,3.99,3.89,24574,10859888.0,2.54,1.02,0.04,0.59
2013-05-29,600821,3.97,3.99,4.03,3.95,30716,13742809.0,2.01,0.25,0.01,0.74
2013-05-30,600821,3.98,4.0,4.02,3.96,21902,9759641.0,1.5,0.25,0.01,0.53
2013-05-31,600821,4.02,3.94,4.03,3.93,24971,11075027.0,2.5,-1.5,-0.06,0.6
2013-06-03,600821,3.93,4.12,4.16,3.93,67878,30839704.0,5.84,4.57,0.18,1.63
2013-06-04,600821,4.07,4.14,4.16,3.98,51043,23192112.0,4.37,0.49,0.02,1.23
2013-06-05,600821,4.11,4.09,4.17,4.02,39376,17960503.0,3.62,-1.21,-0.05,0.95
2013-06-06,600821,4.09,4.05,4.1,3.99,32029,14471270.0,2.69,-0.98,-0.04,0.77
2013-06-07,600821,4.03,3.81,4.07,3.8,37256,16278249.0,6.67,-5.93,-0.24,0.89
2013-06-13,600821,3.81,3.78,3.83,3.64,18988,7973075.0,4.99,-0.79,-0.03,0.46
2013-06-14,600821,3.79,3.81,3.83,3.78,10833,4632881.0,1.32,0.79,0.03,0.26
2013-06-17,600821,3.81,3.8,3.83,3.76,8452,3608565.0,1.84,-0.26,-0.01,0.2
2013-06-18,600821,3.81,3.75,3.82,3.75,9193,3907146.0,1.84,-1.32,-0.05,0.22
2013-06-19,600821,3.75,3.7,3.75,3.61,12850,5330526.0,3.73,-1.33,-0.05,0.31
2013-06-20,600821,3.7,3.62,3.72,3.61,11623,4799333.0,2.97,-2.16,-0.08,0.28
2013-06-21,600821,3.62,3.62,3.65,3.57,10608,4325420.0,2.21,0.0,0.0,0.25
2013-06-24,600821,3.64,3.45,3.76,3.43,27497,11192084.0,9.12,-4.7,-0.17,0.66
2013-06-25,600821,3.48,3.39,3.56,3.18,29065,11062338.0,11.01,-1.74,-0.06,0.7
2013-06-26,600821,3.41,3.4,3.48,3.38,15605,6063513.0,2.95,0.29,0.01,0.37
2013-06-27,600821,3.41,3.42,3.47,3.39,13922,5434697.0,2.35,0.59,0.02,0.33
2013-06-28,600821,3.42,3.39,3.46,3.36,8118,3140496.0,2.92,-0.88,-0.03,0.2
2013-07-01,600821,3.39,3.4,3.41,3.36,8484,3269106.0,1.47,0.29,0.01,0.2
2013-07-02,600821,3.41,3.44,3.46,3.36,8985,3483432.0,2.94,1.18,0.04,0.22
2013-07-03,600821,3.44,3.39,3.44,3.34,8616,3315008.0,2.91,-1.45,-0.05,0.21
2013-07-04,600821,3.4,3.41,3.44,3.34,15100,5830428.0,2.95,0.59,0.02,0.36
2013-07-05,600821,3.41,3.43,3.55,3.39,19769,7770424.0,4.69,0.59,0.02,0.47
2013-07-08,600821,3.37,3.26,3.42,3.21,15619,5900196.0,6.12,-4.96,-0.17,0.38
2013-07-09,600821,3.28,3.31,3.31,3.24,5090,1900506.0,2.15,1.53,0.05,0.12
2013-07-10,600821,3.51,3.69,3.69,3.51,45215,18794262.0,5.44,11.48,0.38,1.09
2013-07-11,600821,4.11,3.95,4.11,3.89,200831,89285141.0,5.96,7.05,0.26,4.82
2013-07-12,600821,3.83,3.74,3.89,3.72,101847,43402386.0,4.3,-5.32,-0.21,2.45
2013-07-15,600821,3.67,3.74,3.76,3.67,48048,20091380.0,2.41,0.0,0.0,1.15
2013-07-16,600821,3.73,3.72,3.75,3.67,36102,15073322.0,2.14,-0.53,-0.02,0.87
2013-07-17,600821,3.72,3.57,3.72,3.53,55133,22594786.0,5.11,-4.03,-0.15,1.32
2013-07-18,600821,3.55,3.72,3.8,3.5,67833,27874963.0,8.4,4.2,0.15,1.63
2013-07-19,600821,3.63,3.49,3.65,3.46,41956,17005805.0,5.11,-6.18,-0.23,1.01
2013-07-22,600821,3.49,3.54,3.54,3.42,17902,7089524.0,3.44,1.43,0.05,0.43
2013-07-23,600821,3.54,3.58,3.62,3.49,20718,8380396.0,3.67,1.13,0.04,0.5
2013-07-24,600821,3.58,3.59,3.63,3.55,20209,8195841.0,2.23,0.28,0.01,0.49
2013-07-25,600821,3.57,3.55,3.61,3.53,18268,7353929.0,2.23,-1.11,-0.04,0.44
2013-07-26,600821,3.54,3.48,3.55,3.46,16624,6588680.0,2.54,-1.97,-0.07,0.4
2013-07-29,600821,3.46,3.45,3.48,3.43,14060,5517215.0,1.44,-0.86,-0.03,0.34
2013-07-30,600821,3.43,3.48,3.5,3.4,12609,4940217.0,2.9,0.87,0.03,0.3
2013-07-31,600821,3.47,3.51,3.52,3.47,13380,5309295.0,1.44,0.86,0.03,0.32
2013-08-01,600821,3.53,3.57,3.58,3.51,14710,5906493.0,1.99,1.71,0.06,0.35
2013-08-02,600821,3.57,3.55,3.62,3.55,15645,6335897.0,1.96,-0.56,-0.02,0.38
2013-08-05,600821,3.55,3.58,3.59,3.55,13646,5510580.0,1.13,0.85,0.03,0.33
2013-08-06,600821,3.61,3.63,3.7,3.56,34539,14167053.0,3.91,1.4,0.05,0.83
2013-08-07,600821,3.62,3.6,3.65,3.57,21178,8621201.0,2.2,-0.83,-0.03,0.51
2013-08-08,600821,3.6,3.58,3.62,3.54,13868,5615351.0,2.22,-0.56,-0.02,0.33
2013-08-09,600821,3.59,3.6,3.61,3.56,21280,8644064.0,1.4,0.56,0.02,0.51
2013-08-12,600821,3.58,3.65,3.65,3.56,33224,13585770.0,2.5,1.39,0.05,0.8
2013-08-13,600821,3.63,3.66,3.66,3.62,24092,9898209.0,1.1,0.27,0.01,0.58
2013-08-14,600821,3.65,3.71,3.83,3.63,78959,33288108.0,5.46,1.37,0.05,1.9
2013-08-15,600821,3.7,3.84,4.03,3.67,147788,63678806.0,9.7,3.5,0.13,3.55
2013-08-16,600821,3.77,3.66,3.83,3.63,93593,39023962.0,5.21,-4.69,-0.18,2.25
2013-08-19,600821,3.65,3.85,3.97,3.62,99817,42764912.0,9.56,5.19,0.19,2.4
2013-08-20,600821,3.83,3.8,3.9,3.76,68167,29291236.0,3.64,-1.3,-0.05,1.64
2013-08-21,600821,3.83,3.78,3.83,3.69,48726,20540001.0,3.68,-0.53,-0.02,1.17
2013-08-22,600821,3.76,3.76,3.81,3.71,31269,13210730.0,2.65,-0.53,-0.02,0.75
2013-08-23,600821,3.79,3.73,3.8,3.66,35448,14918246.0,3.72,-0.8,-0.03,0.85
2013-08-26,600821,3.71,4.15,4.15,3.71,318518,144432658.0,11.8,11.26,0.42,7.65
2013-08-27,600821,4.04,4.29,4.37,4.03,385201,178913134.0,8.19,3.37,0.14,9.25
2013-08-28,600821,4.16,4.13,4.28,4.09,243705,113307868.0,4.43,-3.73,-0.16,5.85
2013-08-29,600821,4.09,4.59,4.59,4.08,464168,228673475.0,12.35,11.14,0.46,11.15
2013-08-30,600821,4.69,5.1,5.1,4.68,295243,161850286.0,9.15,11.11,0.51,7.09
2013-09-02,600821,5.51,4.54,5.51,4.54,418989,217065640.0,19.02,-10.98,-0.56,10.07
2013-09-03,600821,4.36,4.32,4.43,4.2,290829,138518564.0,5.07,-4.85,-0.22,6.99
2013-09-04,600821,4.31,4.37,4.51,4.27,214924,104008464.0,5.56,1.16,0.05,5.16
2013-09-05,600821,4.33,4.23,4.33,4.17,167413,78647569.0,3.66,-3.2,-0.14,4.02
2013-09-06,600821,4.18,4.28,4.41,4.18,189960,90668140.0,5.44,1.18,0.05,4.56
2013-09-09,600821,4.3,4.38,4.45,4.19,219025,105115961.0,6.07,2.34,0.1,5.26
2013-09-10,600821,4.37,4.59,4.67,4.33,312156,156177314.0,7.76,4.79,0.21,7.5
2013-09-11,600821,4.53,4.44,4.59,4.37,174322,85676012.0,4.79,-3.27,-0.15,4.19
2013-09-12,600821,4.36,4.45,4.48,4.25,116513,56733120.0,5.18,0.23,0.01,2.8
2013-09-13,600821,4.4,4.39,4.48,4.32,104034,50648626.0,3.6,-1.35,-0.06,2.5
2013-09-16,600821,4.4,4.53,4.55,4.39,126336,62472546.0,3.64,3.19,0.14,3.03
2013-09-17,600821,4.48,4.31,4.53,4.31,108828,52887713.0,4.86,-4.86,-0.22,2.61
2013-09-18,600821,4.23,4.28,4.3,4.18,85833,40373410.0,2.78,-0.7,-0.03,2.06
2013-09-23,600821,4.27,4.32,4.33,4.23,78508,37292430.0,2.34,0.93,0.04,1.89
2013-09-24,600821,4.29,4.38,4.41,4.22,110853,52930173.0,4.4,1.39,0.06,2.66
2013-09-25,600821,4.34,4.43,4.56,4.32,185854,91505213.0,5.48,1.14,0.05,4.46
2013-09-26,600821,4.38,4.08,4.43,4.03,100571,47440640.0,9.03,-7.9,-0.35,2.42
2013-09-27,600821,4.13,4.05,4.16,3.99,66799,30393258.0,4.17,-0.74,-0.03,1.6
2013-09-30,600821,4.04,4.09,4.11,4.03,36500,16580607.0,1.98,0.99,0.04,0.88
2013-10-08,600821,4.11,4.55,4.55,4.1,191559,94203705.0,11.0,11.25,0.46,4.6
2013-10-09,600821,4.76,5.05,5.05,4.76,296602,161193172.0,6.37,10.99,0.5,7.13
2013-10-10,600821,5.45,4.99,5.52,4.81,556298,313235680.0,14.06,-1.19,-0.06,13.36
2013-10-11,600821,4.84,4.85,4.97,4.69,211005,111484950.0,5.61,-2.81,-0.14,5.07
2013-10-14,600821,4.82,4.75,4.82,4.66,163459,84975001.0,3.3,-2.06,-0.1,3.93
2013-10-15,600821,4.74,4.8,4.81,4.63,156203,80955914.0,3.79,1.05,0.05,3.75
2013-10-16,600821,4.74,4.58,4.79,4.56,117438,59992930.0,4.79,-4.58,-0.22,2.82
2013-10-17,600821,4.62,4.52,4.67,4.51,75914,38292749.0,3.49,-1.31,-0.06,1.82
2013-10-18,600821,4.51,4.55,4.6,4.51,47421,23858643.0,1.99,0.66,0.03,1.14
2013-10-21,600821,4.58,4.65,4.66,4.44,85488,42954731.0,4.84,2.2,0.1,2.05
2013-10-22,600821,4.76,5.16,5.16,4.76,374083,208931156.0,8.6,10.97,0.51,8.99
2013-10-23,600821,4.83,4.92,5.17,4.76,327304,177632621.0,7.95,-4.65,-0.24,7.86
2013-10-24,600821,4.73,4.65,4.76,4.6,135312,69438798.0,3.25,-5.49,-0.27,3.25
2013-10-25,600821,4.65,4.55,4.72,4.53,78477,39751279.0,4.09,-2.15,-0.1,1.89
2013-10-28,600821,4.53,4.45,4.58,4.42,61544,30361268.0,3.52,-2.2,-0.1,1.48
2013-10-29,600821,4.45,4.28,4.55,4.04,90567,43034543.0,11.46,-3.82,-0.17,2.18
2013-10-30,600821,4.21,4.76,4.76,4.21,158245,80655717.0,12.85,11.21,0.48,3.8
2013-10-31,600821,4.76,4.61,4.95,4.59,195726,102435331.0,7.56,-3.15,-0.15,4.7
2013-11-01,600821,4.5,4.61,4.78,4.24,128503,64775013.0,11.71,0.0,0.0,3.09
2013-11-04,600821,4.5,4.73,4.82,4.49,119932,62039689.0,7.16,2.6,0.12,2.88
2013-11-05,600821,4.66,4.89,5.12,4.6,213300,114222968.0,10.99,3.38,0.16,5.12
2013-11-06,600821,4.78,4.63,4.89,4.62,150349,78383251.0,5.52,-5.32,-0.26,3.61
2013-11-07,600821,4.6,4.77,4.81,4.53,93136,47801150.0,6.05,3.02,0.14,2.24
2013-11-08,600821,4.73,4.87,5.0,4.7,209239,112040800.0,6.29,2.1,0.1,5.03
2013-11-11,600821,4.83,4.75,4.87,4.66,89505,46623139.0,4.31,-2.46,-0.12,2.15
2013-11-12,600821,4.72,4.89,4.98,4.71,158730,85037287.0,5.68,2.95,0.14,3.81
2013-11-13,600821,4.86,4.64,4.88,4.63,99761,52179025.0,5.11,-5.11,-0.25,2.4
2013-11-14,600821,4.59,4.65,4.67,4.47,93777,47204713.0,4.31,0.22,0.01,2.25
2013-11-15,600821,4.62,4.78,4.9,4.6,109169,57190476.0,6.45,2.8,0.13,2.62
2013-11-18,600821,4.81,4.94,4.98,4.73,171902,92342775.0,5.23,3.35,0.16,4.13
2013-11-19,600821,4.95,4.97,5.08,4.8,180989,97911680.0,5.67,0.61,0.03,4.35
2013-11-20,600821,4.87,5.32,5.5,4.87,377716,215039038.0,12.68,7.04,0.35,9.07
2013-11-21,600821,5.25,5.49,5.83,5.17,467735,282053264.0,12.41,3.2,0.17,11.24
2013-11-22,600821,5.44,5.09,5.49,5.08,269353,153310003.0,7.47,-7.29,-0.4,6.47
2013-11-25,600821,5.17,5.16,5.38,5.09,200964,114973195.0,5.7,1.38,0.07,4.83
2013-11-26,600821,5.13,5.03,5.27,4.95,137735,75931670.0,6.2,-2.52,-0.13,3.31
2013-11-27,600821,5.07,5.13,5.17,4.93,112883,62315690.0,4.77,1.99,0.1,2.71
2013-11-28,600821,5.13,5.07,5.18,5.02,96626,53906219.0,3.12,-1.17,-0.06,2.32
2013-11-29,600821,5.04,5.07,5.11,4.99,70198,38691868.0,2.37,0.0,0.0,1.69
2013-12-02,600821,4.97,4.67,4.97,4.59,117560,61630226.0,7.5,-7.89,-0.4,2.82
2013-12-03,600821,4.64,4.98,5.03,4.64,89238,47227983.0,8.35,6.64,0.31,2.14
2013-12-04,600821,4.96,5.16,5.34,4.9,220853,124086057.0,8.84,3.61,0.18,5.31
2013-12-05,600821,5.1,5.07,5.16,5.0,88610,48952235.0,3.1,-1.74,-0.09,2.13
2013-12-06,600821,5.08,5.1,5.25,5.04,83086,46707912.0,4.14,0.59,0.03,2.0
2013-12-09,600821,5.13,5.14,5.19,5.07,54332,30421749.0,2.35,0.78,0.04,1.31
2013-12-10,600821,5.14,5.13,5.16,5.01,79319,44067937.0,2.92,-0.19,-0.01,1.91
2013-12-11,600821,5.13,5.13,5.31,5.04,145239,82321761.0,5.26,0.0,0.0,3.49
2013-12-12,600821,5.08,4.98,5.09,4.93,89831,49153811.0,3.12,-2.92,-0.15,2.16
2013-12-13,600821,4.93,5.06,5.08,4.88,57361,31379264.0,4.02,1.61,0.08,1.38
2013-12-16,600821,5.03,4.89,5.04,4.89,54070,29358822.0,2.96,-3.36,-0.17,1.3
2013-12-17,600821,4.89,4.8,4.97,4.79,51181,27422848.0,3.68,-1.84,-0.09,1.23
2013-12-18,600821,4.78,4.71,4.87,4.54,54161,28275854.0,6.88,-1.88,-0.09,1.3
2013-12-19,600821,4.72,4.59,4.76,4.53,82261,41922283.0,4.88,-2.55,-0.12,1.98
2013-12-20,600821,4.6,4.45,4.61,4.43,54736,27213701.0,3.92,-3.05,-0.14,1.31
2013-12-23,600821,4.43,4.39,4.48,4.24,46297,22406146.0,5.39,-1.35,-0.06,1.11
2013-12-24,600821,4.39,4.47,4.5,4.38,32183,15822165.0,2.73,1.82,0.08,0.77
2013-12-25,600821,4.45,4.41,4.49,4.37,52867,25858016.0,2.68,-1.34,-0.06,1.27
2013-12-26,600821,4.41,4.21,4.44,4.2,51630,24622237.0,5.44,-4.54,-0.2,1.24
2013-12-27,600821,4.22,4.33,4.35,4.18,70830,33591180.0,4.04,2.85,0.12,1.7
2013-12-30,600821,4.33,4.37,4.46,4.3,88913,43166088.0,3.7,0.92,0.04,2.14
2013-12-31,600821,4.36,4.43,4.5,4.34,50688,24875147.0,3.66,1.37,0.06,1.22
2014-01-02,600821,4.42,4.4,4.43,4.35,34619,16809353.0,1.81,-0.68,-0.03,0.83
2014-01-03,600821,4.36,4.27,4.4,4.24,38922,18503599.0,3.64,-2.95,-0.13,0.94
2014-01-06,600821,4.24,4.02,4.25,4.01,53606,24331172.0,5.62,-5.85,-0.25,1.29
2014-01-07,600821,3.98,4.0,4.12,3.98,32290,14573920.0,3.48,-0.5,-0.02,0.78
2014-01-08,600821,4.0,3.92,4.04,3.89,36293,16084818.0,3.75,-2.0,-0.08,0.87
2014-01-09,600821,3.92,3.84,3.97,3.83,37017,16135219.0,3.57,-2.04,-0.08,0.89
2014-01-10,600821,3.83,3.68,3.87,3.64,41839,17635604.0,5.99,-4.17,-0.16,1.01
2014-01-13,600821,3.69,3.74,3.74,3.69,31379,13141273.0,1.36,1.63,0.06,0.75
2014-01-14,600821,3.75,3.84,3.85,3.72,42405,18095520.0,3.48,2.67,0.1,1.02
2014-01-15,600821,3.84,3.83,3.84,3.76,27481,11747848.0,2.08,-0.26,-0.01,0.66
2014-01-16,600821,3.84,3.95,4.04,3.79,52659,23210798.0,6.53,3.13,0.12,1.27
2014-01-17,600821,3.92,3.82,3.92,3.81,33819,14605012.0,2.78,-3.29,-0.13,0.81
2014-01-20,600821,3.83,3.83,3.85,3.76,22588,9686873.0,2.36,0.26,0.01,0.54
2014-01-21,600821,3.82,3.86,3.89,3.81,22635,9785572.0,2.09,0.78,0.03,0.54
2014-01-22,600821,3.87,3.99,4.01,3.86,46270,20444412.0,3.89,3.37,0.13,1.11
2014-01-23,600821,4.0,4.06,4.08,3.94,53810,24055432.0,3.51,1.75,0.07,1.29
2014-01-24,600821,4.02,4.06,4.11,4.0,40266,18272853.0,2.71,0.0,0.0,0.97
2014-01-27,600821,4.03,4.02,4.07,4.0,34739,15634578.0,1.72,-0.99,-0.04,0.83
2014-01-28,600821,4.05,4.08,4.09,4.01,33103,14976267.0,1.99,1.49,0.06,0.8
2014-01-29,600821,4.07,4.07,4.1,4.04,21457,9724542.0,1.47,-0.25,-0.01,0.52
2014-01-30,600821,4.09,3.99,4.09,3.97,19866,8887311.0,2.95,-1.97,-0.08,0.48
2014-02-07,600821,3.95,4.03,4.04,3.91,24056,10742413.0,3.26,1.0,0.04,0.58
2014-02-10,600821,4.03,4.16,4.18,4.03,70311,32277215.0,3.72,3.23,0.13,1.69
2014-02-11,600821,4.17,4.34,4.38,4.11,112976,53617189.0,6.49,4.33,0.18,2.71
2014-02-12,600821,4.4,4.65,4.77,4.3,198742,100925348.0,10.83,7.14,0.31,4.77
2014-02-13,600821,4.59,4.41,4.63,4.39,112921,56312545.0,5.16,-5.16,-0.24,2.71
2014-02-14,600821,4.41,4.48,4.55,4.41,52299,25881966.0,3.17,1.59,0.07,1.26
2014-02-17,600821,4.49,4.5,4.53,4.41,59154,29134463.0,2.68,0.45,0.02,1.42
2014-02-18,600821,4.49,4.96,5.0,4.38,234909,122179952.0,13.78,10.22,0.46,5.64
2014-02-19,600821,4.83,4.79,5.04,4.71,231929,123630329.0,6.65,-3.43,-0.17,5.57
2014-02-20,600821,4.74,4.62,4.84,4.59,111153,57516739.0,5.22,-3.55,-0.17,2.67
2014-02-21,600821,4.64,4.67,4.78,4.57,82578,42645693.0,4.55,1.08,0.05,1.98
2014-02-24,600821,4.68,4.54,4.7,4.51,63004,31721416.0,4.07,-2.78,-0.13,1.51
2014-02-25,600821,4.57,4.51,4.74,4.41,89471,45146772.0,7.27,-0.66,-0.03,2.15
2014-02-26,600821,4.45,4.59,4.63,4.41,66691,33405219.0,4.88,1.77,0.08,1.6
2014-02-27,600821,4.59,4.58,4.67,4.55,63676,32343603.0,2.61,-0.22,-0.01,1.53
2014-02-28,600821,4.66,4.55,4.66,4.44,54369,27179426.0,4.8,-0.66,-0.03,1.31
2014-03-03,600821,4.49,4.7,4.7,4.48,83628,42685289.0,4.84,3.3,0.15,2.01
2014-03-04,600821,4.67,4.81,4.98,4.63,159078,83769805.0,7.45,2.34,0.11,3.82
2014-03-05,600821,4.77,4.63,4.79,4.61,95859,49693775.0,3.74,-3.74,-0.18,2.3
2014-03-06,600821,4.73,4.69,4.9,4.68,90565,47299972.0,4.75,1.3,0.06,2.18
2014-03-07,600821,4.65,4.6,4.68,4.56,70216,35638641.0,2.56,-1.92,-0.09,1.69
2014-03-10,600821,4.6,4.45,4.65,4.43,57559,28812345.0,4.78,-3.26,-0.15,1.38
2014-03-11,600821,4.43,4.34,4.47,4.3,54088,26259561.0,3.82,-2.47,-0.11,1.3
2014-03-12,600821,4.34,4.32,4.42,4.23,46204,22109667.0,4.38,-0.46,-0.02,1.11
2014-03-13,600821,4.33,4.35,4.39,4.32,26121,12595238.0,1.62,0.69,0.03,0.63
2014-03-14,600821,4.33,4.44,4.5,4.27,54923,26633680.0,5.29,2.07,0.09,1.32
2014-03-17,600821,4.4,4.44,4.45,4.35,27413,13406915.0,2.25,0.0,0.0,0.66
2014-03-18,600821,4.43,4.42,4.46,4.38,37804,18480471.0,1.8,-0.45,-0.02,0.91
2014-03-19,600821,4.39,4.44,4.5,4.34,43443,21244947.0,3.62,0.45,0.02,1.04
2014-03-20,600821,4.44,4.36,4.53,4.35,53826,26561460.0,4.05,-1.8,-0.08,1.29
2014-03-21,600821,4.32,4.44,4.47,4.21,51635,24955941.0,5.96,1.83,0.08,1.24
2014-03-24,600821,4.43,4.71,4.78,4.43,152158,77928417.0,7.88,6.08,0.27,3.66
2014-03-25,600821,4.72,4.69,4.95,4.62,217493,114209706.0,7.01,-0.42,-0.02,5.22
2014-03-26,600821,4.64,4.63,4.71,4.57,94010,47794424.0,2.99,-1.28,-0.06,2.26
2014-03-27,600821,4.63,4.57,4.73,4.57,85520,43888475.0,3.46,-1.3,-0.06,2.05
2014-03-28,600821,4.57,4.57,4.64,4.53,62438,31521137.0,2.41,0.0,0.0,1.5
2014-03-31,600821,4.59,4.49,4.62,4.48,44936,22570412.0,3.06,-1.75,-0.08,1.08
2014-04-01,600821,4.46,4.5,4.53,4.43,38174,18925272.0,2.23,0.22,0.01,0.92
2014-04-02,600821,4.51,4.57,4.59,4.48,40794,20460741.0,2.44,1.56,0.07,0.98
2014-04-03,600821,4.57,4.47,4.57,4.45,36308,18063930.0,2.63,-2.19,-0.1,0.87
2014-04-04,600821,4.48,4.56,4.56,4.46,28910,14420690.0,2.24,2.01,0.09,0.69
2014-04-08,600821,4.54,4.59,4.61,4.53,36574,18467241.0,1.75,0.66,0.03,0.88
2014-04-09,600821,4.6,4.6,4.64,4.55,34179,17309662.0,1.96,0.22,0.01,0.82
2014-04-10,600821,4.61,4.63,4.65,4.56,56852,28928773.0,1.96,0.65,0.03,1.37
2014-04-11,600821,4.62,4.67,4.68,4.58,62112,31774278.0,2.16,0.86,0.04,1.49
2014-04-14,600821,4.64,4.7,4.71,4.56,64968,33179213.0,3.21,0.64,0.03,1.56
2014-04-15,600821,4.68,4.63,4.8,4.61,71096,36736089.0,4.04,-1.49,-0.07,1.71
2014-04-16,600821,4.61,4.58,4.64,4.56,46499,23526582.0,1.73,-1.08,-0.05,1.12
2014-04-17,600821,4.57,4.59,4.63,4.56,24172,12240023.0,1.53,0.22,0.01,0.58
2014-04-18,600821,4.58,4.55,4.59,4.53,31560,15856833.0,1.31,-0.87,-0.04,0.76
2014-04-21,600821,4.53,4.41,4.55,4.38,44100,21788806.0,3.74,-3.08,-0.14,1.06
2014-04-22,600821,4.41,4.4,4.46,4.32,32731,15901710.0,3.17,-0.23,-0.01,0.79
2014-04-23,600821,4.41,4.37,4.42,4.33,22924,11105982.0,2.05,-0.68,-0.03,0.55
2014-04-24,600821,4.35,4.32,4.38,4.32,18196,8769421.0,1.37,-1.14,-0.05,0.44
2014-04-25,600821,4.36,4.13,4.38,4.11,38863,18315394.0,6.25,-4.4,-0.19,0.93
2014-04-28,600821,4.13,3.94,4.18,3.91,39694,17754676.0,6.54,-4.6,-0.19,0.95
2014-04-29,600821,3.93,4.02,4.02,3.93,21720,9663789.0,2.28,2.03,0.08,0.52
2014-04-30,600821,4.02,4.08,4.08,4.0,14583,6593632.0,1.99,1.49,0.06,0.35
2014-05-05,600821,4.07,4.09,4.12,4.03,23049,10469365.0,2.21,0.25,0.01,0.55
2014-05-06,600821,4.09,4.08,4.15,4.06,17575,8053582.0,2.2,-0.24,-0.01,0.42
2014-05-07,600821,4.09,4.04,4.1,4.03,14577,6607455.0,1.72,-0.98,-0.04,0.35
2014-05-08,600821,4.04,4.06,4.11,4.02,18114,8221598.0,2.23,0.5,0.02,0.44
2014-05-09,600821,4.07,4.01,4.07,3.96,16562,7430349.0,2.71,-1.23,-0.05,0.4
2014-05-12,600821,4.04,4.12,4.13,4.03,24284,11075600.0,2.49,2.74,0.11,0.58
2014-05-13,600821,4.13,4.11,4.15,4.08,18843,8623403.0,1.7,-0.24,-0.01,0.45
2014-05-14,600821,4.12,4.12,4.19,4.1,14566,6700929.0,2.19,0.24,0.01,0.35
2014-05-15,600821,4.12,4.02,4.12,4.0,15388,6955444.0,2.91,-2.43,-0.1,0.37
2014-05-16,600821,4.01,4.06,4.06,3.99,9340,4191689.0,1.74,1.0,0.04,0.22
2014-05-19,600821,4.06,3.98,4.06,3.94,14578,6488414.0,2.96,-1.97,-0.08,0.35
2014-05-20,600821,4.02,3.97,4.04,3.97,12794,5721096.0,1.76,-0.25,-0.01,0.31
2014-05-21,600821,3.98,4.01,4.03,3.96,7248,3238446.0,1.76,1.01,0.04,0.17
2014-05-22,600821,3.99,4.08,4.18,3.99,33631,15314125.0,4.74,1.75,0.07,0.81
2014-05-23,600821,4.06,4.11,4.11,4.04,16177,7357649.0,1.72,0.74,0.03,0.39
2014-05-26,600821,4.13,4.11,4.14,4.09,13273,6079774.0,1.22,0.0,0.0,0.32
2014-05-27,600821,4.12,4.04,4.13,4.02,21243,9648366.0,2.68,-1.7,-0.07,0.51
2014-05-28,600821,4.04,4.12,4.16,4.0,34055,15564669.0,3.96,1.98,0.08,0.82
2014-05-29,600821,4.11,4.03,4.13,4.01,21539,9775705.0,2.91,-2.18,-0.09,0.52
2014-05-30,600821,4.03,4.07,4.11,4.03,17252,7842175.0,1.99,0.99,0.04,0.41
2014-06-03,600821,4.07,4.07,4.09,4.03,18718,8492165.0,1.47,0.0,0.0,0.45
2014-06-04,600821,4.04,3.98,4.07,3.95,21304,9522851.0,2.95,-2.21,-0.09,0.51
2014-06-05,600821,3.95,4.03,4.05,3.95,11556,5188751.0,2.51,1.26,0.05,0.28
2014-06-06,600821,4.06,4.05,4.08,4.02,15658,7078093.0,1.49,0.5,0.02,0.38
2014-06-09,600821,3.99,4.03,4.11,3.98,15605,7039328.0,3.21,-0.49,-0.02,0.37
2014-06-10,600821,4.05,4.09,4.11,4.01,18742,8510387.0,2.48,1.49,0.06,0.45
2014-06-11,600821,4.09,4.07,4.1,4.05,22613,10267568.0,1.22,-0.49,-0.02,0.54
2014-06-12,600821,4.06,4.06,4.08,4.02,16456,7433751.0,1.47,-0.25,-0.01,0.4
2014-06-13,600821,4.05,4.07,4.11,4.02,24452,11103412.0,2.22,0.25,0.01,0.59
2014-06-16,600821,4.08,4.11,4.11,4.07,22447,10256031.0,0.98,0.98,0.04,0.54
2014-06-17,600821,4.11,4.18,4.28,4.05,85105,39644744.0,5.6,1.7,0.07,2.04
2014-06-18,600821,4.14,4.12,4.23,4.11,60097,27825502.0,2.87,-1.44,-0.06,1.44
2014-06-19,600821,4.11,4.03,4.13,4.01,44380,20081826.0,2.91,-2.18,-0.09,1.07
2014-06-20,600821,4.03,4.12,4.22,4.01,35271,16206824.0,5.21,2.23,0.09,0.85
2014-06-23,600821,4.13,4.15,4.21,4.09,35953,16552607.0,2.91,0.73,0.03,0.86
2014-06-24,600821,4.14,4.09,4.14,4.03,49127,22261223.0,2.65,-1.45,-0.06,1.18
2014-06-25,600821,4.08,4.05,4.1,4.03,19874,8989561.0,1.71,-0.98,-0.04,0.48
2014-06-26,600821,4.07,4.09,4.11,4.04,29698,13532503.0,1.73,0.99,0.04,0.71
2014-06-27,600821,4.07,4.12,4.15,4.07,36167,16625754.0,1.96,0.73,0.03,0.87
2014-06-30,600821,4.13,4.15,4.18,4.12,43793,20206522.0,1.46,0.73,0.03,1.05
2014-07-01,600821,4.13,4.18,4.2,4.13,42802,19855950.0,1.69,0.72,0.03,1.03
2014-07-02,600821,4.2,4.22,4.22,4.14,40043,18632001.0,1.91,0.96,0.04,0.96
2014-07-03,600821,4.21,4.21,4.24,4.18,38611,18055307.0,1.42,-0.24,-0.01,0.93
2014-07-04,600821,4.21,4.2,4.24,4.17,29038,13552741.0,1.66,-0.24,-0.01,0.7
2014-07-07,600821,4.19,4.22,4.23,4.16,22867,10669285.0,1.67,0.48,0.02,0.55
2014-07-08,600821,4.2,4.22,4.22,4.17,25750,12023375.0,1.18,0.0,0.0,0.62
2014-07-09,600821,4.21,4.11,4.21,4.1,35092,16221841.0,2.61,-2.61,-0.11,0.84
2014-07-10,600821,4.11,4.13,4.15,4.11,22591,10395444.0,0.97,0.49,0.02,0.54
2014-07-11,600821,4.11,4.2,4.22,4.11,20092,9349275.0,2.66,1.69,0.07,0.48
2014-07-14,600821,4.19,4.25,4.26,4.19,35597,16744490.0,1.67,1.19,0.05,0.86
2014-07-15,600821,4.26,4.26,4.26,4.22,25215,11888828.0,0.94,0.24,0.01,0.61
2014-07-16,600821,4.24,4.25,4.28,4.23,27378,12919403.0,1.17,-0.23,-0.01,0.66
2014-07-17,600821,4.24,4.29,4.3,4.2,36399,17209638.0,2.35,0.94,0.04,0.87
2014-07-18,600821,4.29,4.31,4.32,4.25,36170,17231056.0,1.63,0.47,0.02,0.87
2014-07-21,600821,4.3,4.39,4.4,4.3,65612,31643453.0,2.32,1.86,0.08,1.58
2014-07-22,600821,4.39,4.37,4.41,4.35,51291,24843661.0,1.37,-0.46,-0.02,1.23
2014-07-23,600821,4.37,4.42,4.61,4.31,120742,59487046.0,6.86,1.14,0.05,2.9
2014-07-24,600821,4.38,4.35,4.42,4.31,73636,35503133.0,2.49,-1.58,-0.07,1.77
2014-07-25,600821,4.36,4.37,4.41,4.34,44990,21772888.0,1.61,0.46,0.02,1.08
2014-07-28,600821,4.39,4.42,4.44,4.38,43940,21457514.0,1.37,1.14,0.05,1.06
2014-07-29,600821,4.43,4.44,4.51,4.41,62866,30980544.0,2.26,0.45,0.02,1.51
2014-07-30,600821,4.46,4.44,4.46,4.41,42906,21010110.0,1.13,0.0,0.0,1.03
2014-07-31,600821,4.45,4.48,4.49,4.42,48879,24090001.0,1.58,0.9,0.04,1.17
2014-08-01,600821,4.47,4.41,4.5,4.4,60591,29858170.0,2.23,-1.56,-0.07,1.46
2014-08-04,600821,4.39,4.47,4.48,4.38,57436,28225381.0,2.27,1.36,0.06,1.38
2014-08-05,600821,4.47,4.5,4.51,4.44,56562,28007925.0,1.57,0.67,0.03,1.36
2014-08-06,600821,4.48,4.51,4.52,4.44,40467,20056422.0,1.78,0.22,0.01,0.97
2014-08-07,600821,4.53,4.43,4.55,4.41,54728,26987852.0,3.1,-1.77,-0.08,1.31
2014-08-08,600821,4.42,4.44,4.45,4.4,33977,16648464.0,1.13,0.23,0.01,0.82
2014-08-11,600821,4.43,4.5,4.53,4.43,45966,22834762.0,2.25,1.35,0.06,1.1
2014-08-12,600821,4.5,4.56,4.56,4.47,67737,33801188.0,2.0,1.33,0.06,1.63
2014-08-13,600821,4.53,4.54,4.56,4.49,49065,24495403.0,1.54,-0.44,-0.02,1.18
2014-08-14,600821,4.54,4.5,4.57,4.47,55762,27848955.0,2.2,-0.88,-0.04,1.34
2014-08-15,600821,4.51,4.55,4.55,4.47,44495,22222943.0,1.78,1.11,0.05,1.07
2014-08-18,600821,4.53,4.61,4.61,4.53,61160,30893050.0,1.76,1.32,0.06,1.47
2014-08-19,600821,4.61,4.62,4.65,4.58,57016,28978892.0,1.52,0.22,0.01,1.37
2014-08-20,600821,4.62,4.73,4.85,4.62,182889,95206590.0,4.98,2.38,0.11,4.39
2014-08-21,600821,4.71,4.69,4.82,4.63,99975,51873678.0,4.02,-0.85,-0.04,2.4
2014-08-22,600821,4.7,4.8,4.87,4.66,136639,71624386.0,4.48,2.35,0.11,3.28
2014-08-25,600821,4.8,4.73,4.87,4.71,110887,58316914.0,3.33,-1.46,-0.07,2.66
2014-08-26,600821,4.72,4.59,4.73,4.58,87409,44754647.0,3.17,-2.96,-0.14,2.1
2014-08-27,600821,4.56,4.59,4.62,4.56,31216,15814895.0,1.31,0.0,0.0,0.75
2014-08-28,600821,4.59,4.59,4.64,4.56,38636,19597609.0,1.74,0.0,0.0,0.93
2014-08-29,600821,4.56,4.63,4.65,4.56,43992,22388437.0,1.96,0.87,0.04,1.06
2014-09-01,600821,4.63,4.7,4.74,4.63,56290,29086456.0,2.38,1.51,0.07,1.35
2014-09-02,600821,4.72,4.75,4.76,4.71,68633,35718941.0,1.06,1.06,0.05,1.65
2014-09-03,600821,4.82,4.78,4.85,4.74,83972,44149520.0,2.32,0.63,0.03,2.02
2014-09-04,600821,4.78,4.94,5.08,4.78,207886,112719405.0,6.28,3.35,0.16,4.99
2014-09-05,600821,4.88,4.9,4.95,4.84,105111,56340926.0,2.23,-0.81,-0.04,2.53
2014-09-09,600821,4.91,4.99,5.0,4.88,91940,49809188.0,2.45,1.84,0.09,2.21
2014-09-10,600821,4.94,4.93,4.95,4.88,68190,36723158.0,1.4,-1.2,-0.06,1.64
2014-09-11,600821,4.93,4.88,5.03,4.86,112507,60868137.0,3.45,-1.01,-0.05,2.7
2014-09-12,600821,4.88,5.0,5.0,4.86,114025,61925320.0,2.87,2.46,0.12,2.74
2014-09-15,600821,5.03,5.1,5.15,4.98,148008,82057829.0,3.4,2.0,0.1,3.56
2014-09-16,600821,5.1,4.88,5.13,4.85,129791,71092542.0,5.49,-4.31,-0.22,3.12
2014-09-17,600821,4.88,4.95,4.95,4.8,82977,44508627.0,3.07,1.43,0.07,1.99
2014-09-18,600821,4.92,5.01,5.05,4.9,71278,38943045.0,3.03,1.21,0.06,1.71
2014-09-19,600821,5.01,5.11,5.12,4.99,101827,56436721.0,2.59,2.0,0.1,2.45
2014-09-22,600821,5.13,5.1,5.27,5.05,172802,97518938.0,4.31,-0.2,-0.01,4.15
2014-09-23,600821,5.07,5.15,5.16,5.02,112948,62858740.0,2.75,0.98,0.05,2.71
2014-09-24,600821,5.14,5.18,5.2,5.1,96792,54482402.0,1.94,0.58,0.03,2.33
2014-09-25,600821,5.19,5.16,5.28,5.11,147982,83624217.0,3.28,-0.39,-0.02,3.55
2014-09-26,600821,5.13,5.18,5.19,5.06,73029,41031318.0,2.52,0.39,0.02,1.75
2014-09-29,600821,5.17,5.27,5.27,5.16,101663,57965784.0,2.12,1.74,0.09,2.44
2014-09-30,600821,5.26,5.29,5.33,5.23,114781,65977239.0,1.9,0.38,0.02,2.76
2014-10-08,600821,5.33,5.38,5.47,5.26,153935,90338324.0,3.97,1.7,0.09,3.7
2014-10-09,600821,5.38,5.37,5.4,5.23,105804,61357166.0,3.16,-0.19,-0.01,2.54
2014-10-10,600821,5.34,5.33,5.43,5.28,96171,55941859.0,2.79,-0.74,-0.04,2.31
2014-10-13,600821,5.28,5.28,5.29,5.17,126545,72118244.0,2.25,-0.94,-0.05,3.04
2014-10-14,600821,5.27,5.41,5.42,5.25,155699,90570607.0,3.22,2.46,0.13,3.74
2014-10-15,600821,5.4,5.41,5.46,5.28,93215,54514836.0,3.33,0.0,0.0,2.24
2014-10-16,600821,5.34,5.26,5.41,5.21,96459,55980270.0,3.7,-2.77,-0.15,2.32
2014-10-17,600821,5.2,5.11,5.31,5.01,102865,57746953.0,5.7,-2.85,-0.15,2.47
2014-10-20,600821,5.1,5.18,5.22,5.07,58018,32542886.0,2.94,1.37,0.07,1.39
2014-10-21,600821,5.19,5.09,5.26,5.08,75336,42415504.0,3.47,-1.74,-0.09,1.81
2014-10-22,600821,5.11,4.95,5.15,4.93,73821,40712552.0,4.32,-2.75,-0.14,1.77
2014-10-23,600821,4.95,4.89,4.98,4.83,63870,34178888.0,3.03,-1.21,-0.06,1.53
2014-10-24,600821,4.88,5.05,5.06,4.87,81666,44454170.0,3.89,3.27,0.16,1.96
2014-10-27,600821,4.98,5.02,5.16,4.95,98504,54496761.0,4.16,-0.59,-0.03,2.37
2014-10-28,600821,5.12,5.2,5.27,5.12,143447,81294049.0,2.99,3.59,0.18,3.45
2014-10-29,600821,5.17,5.36,5.58,5.14,252873,148467153.0,8.46,3.08,0.16,6.07
2014-10-30,600821,5.33,5.24,5.47,5.22,203232,117868449.0,4.66,-2.24,-0.12,4.88
2014-10-31,600821,5.25,5.24,5.36,5.21,173792,99855756.0,2.86,0.0,0.0,4.18
2014-11-03,600821,5.28,5.29,5.38,5.22,135027,77962058.0,3.05,0.95,0.05,3.24
2014-11-04,600821,5.3,5.37,5.42,5.26,159561,93018878.0,3.02,1.51,0.08,3.83
2014-11-05,600821,5.39,5.38,5.41,5.28,111914,65152402.0,2.42,0.19,0.01,2.69
2014-11-06,600821,5.38,5.4,5.4,5.3,92125,53649871.0,1.86,0.37,0.02,2.21
2014-11-07,600821,5.4,5.25,5.42,5.23,113433,65923309.0,3.52,-2.78,-0.15,2.73
2014-11-10,600821,5.31,5.32,5.34,5.2,82083,47251109.0,2.67,1.33,0.07,1.97
2014-11-11,600821,5.32,5.04,5.35,4.95,131475,73727069.0,7.52,-5.26,-0.28,3.16
2014-11-12,600821,5.02,5.14,5.14,4.99,59977,33359050.0,2.98,1.98,0.1,1.44
2014-11-13,600821,5.13,5.03,5.13,5.01,71375,39494102.0,2.33,-2.14,-0.11,1.71
2014-11-14,600821,5.02,5.04,5.11,4.97,48523,26770859.0,2.78,0.2,0.01,1.17
2014-11-17,600821,5.08,5.31,5.44,5.08,153994,88542846.0,7.14,5.36,0.27,3.7
2014-11-18,600821,5.24,5.35,5.35,5.2,111863,64430213.0,2.82,0.75,0.04,2.69
2014-11-19,600821,5.29,5.3,5.35,5.26,65392,37700496.0,1.68,-0.93,-0.05,1.57
2014-11-20,600821,5.27,5.48,5.51,5.23,192250,112887311.0,5.28,3.4,0.18,4.62
2014-11-21,600821,5.43,5.44,5.49,5.37,121504,71680411.0,2.19,-0.73,-0.04,2.92
2014-11-24,600821,5.49,5.45,5.59,5.4,163272,97153672.0,3.49,0.18,0.01,3.92
2014-11-25,600821,5.46,5.52,5.58,5.41,126781,75653421.0,3.12,1.28,0.07,3.05
2014-11-26,600821,5.53,5.48,5.55,5.37,117256,69358797.0,3.26,-0.72,-0.04,2.82
2014-11-27,600821,5.47,5.45,5.5,5.4,102944,60883179.0,1.82,-0.55,-0.03,2.47
2014-11-28,600821,5.45,5.57,5.63,5.42,200249,119875907.0,3.85,2.2,0.12,4.81
2014-12-01,600821,5.57,5.46,5.59,5.39,141380,84237198.0,3.59,-1.97,-0.11,3.4
2014-12-02,600821,5.44,5.5,5.52,5.42,108184,64418500.0,1.83,0.73,0.04,2.6
2014-12-03,600821,5.48,5.52,5.53,5.4,150193,89171367.0,2.36,0.36,0.02,3.61
2014-12-04,600821,5.51,5.63,5.65,5.47,199464,120977989.0,3.26,1.99,0.11,4.79
2014-12-05,600821,5.62,5.84,6.01,5.24,326848,199054587.0,13.68,3.73,0.21,7.85
2014-12-08,600821,5.84,6.02,6.15,5.78,380961,246348558.0,6.34,3.08,0.18,9.15
2014-12-09,600821,6.03,5.57,6.17,5.53,331212,210602631.0,10.63,-7.48,-0.45,7.96
2014-12-10,600821,5.56,5.99,6.0,5.45,205292,126295683.0,9.87,7.54,0.42,4.93
2014-12-11,600821,5.88,5.93,5.98,5.78,172558,109834180.0,3.34,-1.0,-0.06,4.15
2014-12-12,600821,5.88,5.84,5.93,5.8,107067,67649053.0,2.19,-1.52,-0.09,2.57
2014-12-15,600821,6.07,5.94,6.13,5.88,218946,141212912.0,4.28,1.71,0.1,5.26
2014-12-16,600821,5.89,5.84,5.92,5.8,150445,95134537.0,2.02,-1.68,-0.1,3.61
2014-12-17,600821,5.78,5.75,5.82,5.66,130980,81404266.0,2.74,-1.54,-0.09,3.15
2014-12-18,600821,5.74,5.71,5.78,5.69,80852,50226080.0,1.57,-0.7,-0.04,1.94
2014-12-19,600821,5.71,5.58,5.73,5.52,126064,76390843.0,3.68,-2.28,-0.13,3.03
2014-12-22,600821,5.58,5.27,5.58,5.22,137984,80712396.0,6.45,-5.56,-0.31,3.31
2014-12-23,600821,5.27,5.28,5.38,5.24,66137,38356377.0,2.66,0.19,0.01,1.59
2014-12-24,600821,5.31,5.44,5.45,5.31,67693,39651384.0,2.65,3.03,0.16,1.63
2014-12-25,600821,5.59,5.69,5.8,5.53,158751,97620250.0,4.96,4.6,0.25,3.81
2014-12-26,600821,5.69,5.7,5.76,5.63,88036,54273904.0,2.28,0.18,0.01,2.11
2014-12-29,600821,5.73,5.61,5.73,5.56,93728,57209573.0,2.98,-1.58,-0.09,2.25
2014-12-30,600821,5.61,5.43,5.63,5.41,69425,41355166.0,3.92,-3.21,-0.18,1.67
2014-12-31,600821,5.41,5.62,5.69,5.4,88755,53832387.0,5.34,3.5,0.19,2.13
2015-01-05,600821,5.67,5.77,5.84,5.58,151217,93578674.0,4.63,2.67,0.15,3.63
2015-01-06,600821,5.71,5.75,5.77,5.61,93466,57585203.0,2.77,-0.35,-0.02,2.25
2015-01-07,600821,5.75,5.84,5.92,5.67,143966,90345734.0,4.35,1.57,0.09,3.46
2015-01-08,600821,5.81,5.72,5.83,5.67,88232,54757577.0,2.74,-2.05,-0.12,2.12
2015-01-09,600821,5.69,5.59,5.73,5.56,84032,51582335.0,2.97,-2.27,-0.13,2.02
2015-01-12,600821,5.55,5.43,5.55,5.32,76242,44999549.0,4.11,-2.86,-0.16,1.83
2015-01-13,600821,5.43,5.49,5.49,5.33,31419,18545567.0,2.95,1.1,0.06,0.75
2015-01-14,600821,5.46,5.49,5.54,5.38,48439,28718846.0,2.91,0.0,0.0,1.16
2015-01-15,600821,5.44,5.49,5.53,5.41,54517,32375523.0,2.19,0.0,0.0,1.31
2015-01-16,600821,5.48,5.47,5.51,5.43,70110,41693329.0,1.46,-0.36,-0.02,1.68
2015-01-19,600821,5.38,5.04,5.38,4.91,113840,64512353.0,8.59,-7.86,-0.43,2.73
2015-01-20,600821,5.12,5.21,5.22,5.06,71848,40310352.0,3.17,3.37,0.17,1.73
2015-01-21,600821,5.23,5.39,5.53,5.18,90759,52689589.0,6.72,3.45,0.18,2.18
2015-01-22,600821,5.36,5.46,5.52,5.35,70968,41874516.0,3.15,1.3,0.07,1.7
2015-01-23,600821,5.43,5.41,5.51,5.38,88004,52000396.0,2.38,-0.92,-0.05,2.11
2015-01-26,600821,5.41,5.57,5.57,5.38,117437,70102799.0,3.51,2.96,0.16,2.82
2015-01-27,600821,5.56,5.59,5.64,5.47,107453,64846609.0,3.05,0.36,0.02,2.58
2015-01-28,600821,5.54,5.6,5.67,5.53,114555,69609253.0,2.5,0.18,0.01,2.75
2015-01-29,600821,5.54,5.65,5.65,5.51,78550,47613997.0,2.5,0.89,0.05,1.89
2015-01-30,600821,5.63,5.55,5.66,5.49,73298,44173642.0,3.01,-1.77,-0.1,1.76
2015-02-02,600821,5.5,5.55,5.57,5.43,93038,55533989.0,2.52,0.0,0.0,2.24
2015-02-03,600821,5.53,5.69,5.7,5.51,103294,62784970.0,3.42,2.52,0.14,2.48
2015-02-04,600821,5.68,5.63,5.73,5.61,84111,51712930.0,2.11,-1.05,-0.06,2.02
2015-02-05,600821,5.67,5.62,5.69,5.56,65724,39985935.0,2.31,-0.18,-0.01,1.58
2015-02-06,600821,5.64,5.76,5.86,5.6,240300,149046865.0,4.63,2.49,0.14,5.77
2015-02-09,600821,5.77,5.83,5.91,5.73,158531,100022628.0,3.13,1.22,0.07,3.81
2015-02-10,600821,5.82,5.79,5.85,5.72,82635,51683398.0,2.23,-0.69,-0.04,1.99
2015-02-11,600821,5.8,6.01,6.07,5.77,160618,102875930.0,5.18,3.8,0.22,3.86
2015-02-12,600821,6.0,6.27,6.51,5.96,317236,213036301.0,9.15,4.33,0.26,7.62
2015-02-13,600821,6.38,6.31,6.48,6.21,188975,128615785.0,4.31,0.64,0.04,4.54
2015-02-16,600821,6.27,6.32,6.43,6.22,123915,83959521.0,3.33,0.16,0.01,2.98
2015-02-17,600821,6.3,6.24,6.33,6.1,131390,87583081.0,3.64,-1.27,-0.08,3.16
2015-02-25,600821,6.24,6.29,6.4,6.15,97384,65490162.0,4.01,0.8,0.05,2.34
2015-02-26,600821,6.28,6.33,6.37,6.21,86827,58765074.0,2.54,0.64,0.04,2.09
2015-02-27,600821,6.33,6.48,6.52,6.25,138493,95217775.0,4.27,2.37,0.15,3.33
2015-03-02,600821,6.46,6.42,6.47,6.33,125546,86117800.0,2.16,-0.93,-0.06,3.02
2015-03-03,600821,6.38,6.29,6.4,6.28,92377,62900306.0,1.87,-2.02,-0.13,2.22
2015-03-04,600821,6.28,6.3,6.35,6.21,121783,82072854.0,2.23,0.16,0.01,2.93
2015-03-05,600821,6.28,6.23,6.3,6.13,99568,66327065.0,2.7,-1.11,-0.07,2.39
2015-03-06,600821,6.21,6.21,6.27,6.14,61995,41456317.0,2.09,-0.32,-0.02,1.49
2015-03-09,600821,6.17,6.34,6.37,6.11,95540,64433613.0,4.19,2.09,0.13,2.3
2015-03-10,600821,6.33,6.43,6.5,6.33,107264,74147861.0,2.68,1.42,0.09,2.58
2015-03-11,600821,6.45,6.39,6.49,6.33,86566,59528208.0,2.49,-0.62,-0.04,2.08
2015-03-12,600821,6.37,6.45,6.48,6.36,74770,51516454.0,1.88,0.94,0.06,1.8
2015-03-13,600821,6.45,6.8,7.09,6.45,216727,157854598.0,9.92,5.43,0.35,5.21
2015-03-16,600821,6.81,6.96,7.03,6.78,155222,114380011.0,3.68,2.35,0.16,3.73
2015-03-17,600821,6.95,6.96,7.07,6.9,141258,105065788.0,2.44,0.0,0.0,3.39
2015-03-18,600821,7.01,7.03,7.05,6.9,127450,94823836.0,2.16,1.01,0.07,3.06
2015-03-19,600821,7.01,6.94,7.02,6.85,144838,107439544.0,2.42,-1.28,-0.09,3.48
2015-03-20,600821,6.97,7.25,7.41,6.88,206324,157291738.0,7.64,4.47,0.31,4.96
2015-03-23,600821,7.26,7.27,7.31,7.15,136196,105030385.0,2.21,0.28,0.02,3.27
2015-03-24,600821,7.29,7.8,7.88,7.13,268838,212579712.0,10.32,7.29,0.53,6.46
2015-03-25,600821,7.83,7.75,8.41,7.71,308450,262298695.0,8.97,-0.64,-0.05,7.41
2015-03-26,600821,7.68,7.55,7.7,7.38,179168,143949873.0,4.13,-2.58,-0.2,4.3
2015-03-27,600821,7.55,7.83,7.89,7.46,154920,127118789.0,5.7,3.71,0.28,3.72
2015-03-30,600821,7.73,7.98,8.21,7.71,152564,128483287.0,6.39,1.92,0.15,3.67
2015-03-31,600821,8.0,7.79,8.05,7.63,120219,99639805.0,5.26,-2.38,-0.19,2.89
2015-04-01,600821,7.8,7.9,8.03,7.8,116305,97627523.0,2.95,1.41,0.11,2.79
2015-04-02,600821,7.9,8.01,8.03,7.84,140479,118181789.0,2.41,1.39,0.11,3.37
2015-04-03,600821,8.02,8.18,8.33,7.92,144936,124842461.0,5.12,2.12,0.17,3.48
2015-04-07,600821,8.33,8.43,8.62,8.33,199913,178758094.0,3.55,3.06,0.25,4.8
2015-04-08,600821,8.44,8.23,8.52,8.03,171378,149737937.0,5.81,-2.37,-0.2,4.12
2015-04-09,600821,8.23,7.93,8.28,7.65,140332,118227050.0,7.65,-3.65,-0.3,3.37
2015-04-10,600821,7.89,8.3,8.31,7.83,151497,130058914.0,6.05,4.67,0.37,3.64
2015-04-13,600821,8.32,8.68,8.98,8.32,268232,246077635.0,7.95,4.58,0.38,6.44
2015-04-14,600821,8.7,8.75,9.01,8.53,212188,196750783.0,5.53,0.81,0.07,5.1
2015-04-15,600821,8.63,8.38,8.76,8.33,157658,141558549.0,4.91,-4.23,-0.37,3.79
2015-04-16,600821,8.03,8.35,8.51,7.95,118953,104209031.0,6.68,-0.36,-0.03,2.86
2015-04-17,600821,8.49,8.38,8.52,8.23,150703,132804827.0,3.47,0.36,0.03,3.62
2015-04-20,600821,8.46,9.27,9.27,8.44,256971,243002282.0,9.9,10.62,0.89,6.17
2015-04-21,600821,9.73,9.55,9.93,9.27,626055,628175184.0,7.12,3.02,0.28,15.04
2015-04-22,600821,9.37,9.56,9.7,9.32,342170,341454176.0,3.98,0.1,0.01,8.22
2015-04-23,600821,9.74,10.56,10.56,9.74,575342,628788864.0,8.58,10.46,1.0,13.82
2015-04-24,600821,10.56,10.55,10.83,10.07,538075,588444944.0,7.2,-0.09,-0.01,12.93
2015-04-27,600821,10.61,11.3,11.65,10.34,419914,482638432.0,12.42,7.11,0.75,10.09
2015-04-28,600821,11.24,11.64,12.09,11.13,434186,528814560.0,8.5,3.01,0.34,10.43
2015-04-29,600821,11.48,11.85,12.06,11.24,256405,314052976.0,7.04,1.8,0.21,6.16
2015-04-30,600821,11.71,11.28,11.79,11.08,240838,286349456.0,5.99,-4.81,-0.57,5.79
2015-05-04,600821,11.08,11.28,11.77,11.08,183995,217093914.0,6.12,0.0,0.0,4.42
2015-05-05,600821,11.28,10.16,11.28,10.11,306354,336901312.0,10.37,-9.93,-1.12,7.36
2015-05-06,600821,10.22,9.95,10.47,9.73,188058,197399839.0,7.28,-2.07,-0.21,4.52
2015-05-07,600821,9.98,9.48,9.98,9.44,151493,152083018.0,5.43,-4.72,-0.47,3.64
2015-05-08,600821,9.7,10.12,10.23,9.54,179322,185180504.0,7.28,6.75,0.64,4.31
2015-05-11,600821,10.17,10.86,11.13,10.13,271069,302932752.0,9.88,7.31,0.74,6.51
2015-05-12,600821,10.88,10.92,11.03,10.54,186277,209559896.0,4.51,0.55,0.06,4.47
2015-05-13,600821,10.84,10.97,11.39,10.7,227153,259763545.0,6.32,0.46,0.05,5.46
2015-05-14,600821,10.99,11.33,11.58,10.86,267432,314068160.0,6.56,3.28,0.36,6.42
2015-05-15,600821,11.25,10.87,11.25,10.75,169462,194392996.0,4.41,-4.06,-0.46,4.07
2015-05-18,600821,10.83,10.67,10.93,10.54,172960,193137156.0,3.59,-1.84,-0.2,4.16
2015-05-19,600821,10.69,11.34,11.4,10.69,220253,256874714.0,6.65,6.28,0.67,5.29
2015-05-20,600821,11.37,11.68,12.31,11.23,311483,382405984.0,9.52,3.0,0.34,7.48
2015-05-21,600821,11.74,12.17,12.19,11.6,214890,265005886.0,5.05,4.2,0.49,5.16
2015-05-22,600821,12.23,13.43,13.43,12.23,389671,523740592.0,9.86,10.35,1.26,9.36
2015-05-25,600821,13.44,13.86,14.18,13.05,341979,484019472.0,8.41,3.2,0.43,8.22
2015-05-26,600821,13.88,14.04,14.33,13.23,320778,458935872.0,7.94,1.3,0.18,7.71
2015-05-27,600821,13.91,13.77,13.98,13.53,215759,306568656.0,3.21,-1.92,-0.27,5.18
2015-05-28,600821,14.03,13.34,14.82,13.28,333388,490527536.0,11.18,-3.12,-0.43,8.01
2015-05-29,600821,13.11,13.79,14.01,12.33,248161,346451024.0,12.59,3.37,0.45,5.96
2015-06-01,600821,13.78,15.22,15.22,13.53,320163,490303104.0,12.26,10.37,1.43,7.69
2015-06-02,600821,15.5,16.79,16.79,15.13,329925,554175376.0,10.91,10.32,1.57,7.93
2015-06-03,600821,17.96,17.51,18.41,16.13,361203,647758960.0,13.58,4.29,0.72,8.68
2015-06-04,600821,16.93,17.07,17.46,15.71,276598,467671248.0,9.99,-2.51,-0.44,6.64
2015-06-05,600821,17.1,17.46,17.83,16.72,257868,462289808.0,6.5,2.28,0.39,6.19
2015-06-08,600821,17.47,16.36,17.53,16.23,270240,459594064.0,7.45,-6.3,-1.1,6.49
2015-06-09,600821,16.13,16.74,17.61,15.91,205182,354385456.0,10.39,2.32,0.38,4.93
2015-06-10,600821,16.33,16.69,17.07,16.13,136733,234600686.0,5.62,-0.3,-0.05,3.28
2015-06-11,600821,16.79,17.34,17.58,16.42,211254,368739552.0,6.95,3.89,0.65,5.07
2015-06-12,600821,17.35,17.56,18.49,17.14,235593,432745056.0,7.79,1.27,0.22,5.66
2015-06-15,600821,17.6,17.02,17.75,16.83,191435,339298816.0,5.24,-3.08,-0.54,4.6
2015-06-16,600821,16.87,15.87,16.93,15.81,145530,244626758.0,6.58,-6.76,-1.15,3.5
2015-06-17,600821,15.83,16.72,16.83,14.63,177181,285499184.0,13.86,5.36,0.85,4.26
2015-06-18,600821,16.77,16.51,17.5,16.01,184621,323778128.0,8.91,-1.26,-0.21,4.44
2015-06-19,600821,15.98,14.81,16.68,14.81,129900,208614606.0,11.33,-10.3,-1.7,3.12
2015-06-23,600821,14.35,14.1,15.02,13.28,142350,203868636.0,11.75,-4.79,-0.71,3.42
2015-06-24,600821,14.21,14.61,14.71,14.06,115350,172197820.0,4.61,3.62,0.51,2.77
2015-06-25,600821,14.72,13.2,14.89,13.1,243174,346216576.0,12.25,-9.65,-1.41,5.84
2015-06-26,600821,12.53,11.83,12.61,11.83,167315,208689681.0,5.91,-10.38,-1.37,4.02
2015-06-29,600821,12.13,10.6,12.27,10.6,201038,228833497.0,14.12,-10.4,-1.23,4.83
2015-06-30,600821,10.33,10.85,11.1,9.49,296378,319947888.0,15.19,2.36,0.25,7.12
2015-07-01,600821,10.53,9.72,11.02,9.72,212004,230336537.0,11.98,-10.41,-1.13,5.09
2015-07-02,600821,9.72,8.7,9.72,8.7,183607,171864269.0,10.49,-10.49,-1.02,4.41
2015-07-03,600821,7.98,7.78,8.71,7.78,226124,189508596.0,10.69,-10.57,-0.92,5.43
2015-07-06,600821,8.43,6.96,8.44,6.96,381960,300059184.0,19.02,-10.54,-0.82,9.18
2015-07-07,600821,6.41,6.22,6.49,6.22,136804,92025871.0,3.88,-10.63,-0.74,3.29
2015-07-08,600821,5.55,5.55,5.55,5.55,20018,12050836.0,0.0,-10.77,-0.67,0.48
2015-07-13,600821,6.15,6.15,6.15,6.15,16162,10699363.0,0.0,10.81,0.6,0.39
2015-07-14,600821,6.81,6.81,6.81,6.81,10430,7593389.0,0.0,10.73,0.66,0.25
2015-07-15,600821,7.54,6.9,7.54,6.75,670229,518620288.0,11.6,1.32,0.09,16.1
2015-07-16,600821,6.23,7.12,7.41,6.16,379019,278450176.0,18.12,3.19,0.22,9.11
2015-07-17,600821,7.09,7.88,7.88,6.98,443671,357369600.0,12.64,10.67,0.76,10.66
2015-07-20,600821,7.76,8.32,8.43,7.56,543677,462900864.0,11.04,5.58,0.44,13.06
2015-07-21,600821,8.03,8.43,8.77,7.91,434837,385011824.0,10.34,1.32,0.11,10.45
2015-07-22,600821,8.34,8.36,8.57,8.03,309593,272259552.0,6.41,-0.83,-0.07,7.44
2015-07-23,600821,8.29,9.24,9.24,8.29,305641,286815504.0,11.36,10.53,0.88,7.34
2015-07-24,600821,9.53,9.1,9.72,8.94,492120,485669296.0,8.44,-1.52,-0.14,11.82
2015-07-27,600821,8.83,8.14,9.32,8.14,344984,315754656.0,12.97,-10.55,-0.96,8.29
2015-07-28,600821,7.39,7.48,8.22,7.28,275587,221249165.0,11.55,-8.11,-0.66,6.62
2015-07-29,600821,7.73,8.04,8.12,7.13,251723,202455777.0,13.24,7.49,0.56,6.05
2015-07-30,600821,7.88,7.62,8.35,7.54,241305,205397162.0,10.07,-5.22,-0.42,5.8
2015-07-31,600821,7.53,7.7,8.03,7.39,181906,148878261.0,8.4,1.05,0.08,4.37
2015-08-03,600821,7.63,7.18,7.86,6.9,177015,138756148.0,12.47,-6.75,-0.52,4.25
2015-08-04,600821,7.23,7.87,7.91,7.18,192362,154247783.0,10.17,9.61,0.69,4.62
2015-08-05,600821,7.87,7.67,8.06,7.53,193308,160108703.0,6.73,-2.54,-0.2,4.64
2015-08-06,600821,7.52,7.59,7.69,7.36,108268,86946586.0,4.3,-1.04,-0.08,2.6
2015-08-07,600821,7.67,8.4,8.4,7.67,325049,279588064.0,9.62,10.67,0.81,7.81
2015-08-10,600821,8.88,8.92,9.08,8.42,483400,442865952.0,7.86,6.19,0.52,11.61
2015-08-11,600821,8.73,9.25,9.61,8.69,461923,450028448.0,10.31,3.7,0.33,11.1
2015-08-12,600821,9.03,9.07,9.24,8.78,328890,311143008.0,4.97,-1.95,-0.18,7.9
2015-08-13,600821,8.94,10.02,10.02,8.88,660752,679281264.0,12.57,10.47,0.95,15.87
2015-08-14,600821,10.02,10.36,10.52,9.73,664958,705892176.0,7.88,3.39,0.34,15.97
2015-08-17,600821,10.04,11.42,11.44,9.76,498521,539136272.0,16.22,10.23,1.06,11.98
2015-08-18,600821,10.99,10.23,11.3,10.23,416398,466367984.0,9.37,-10.42,-1.19,10.0
2015-08-19,600821,9.43,10.25,10.8,9.16,385796,393747648.0,16.03,0.2,0.02,9.27
2015-08-20,600821,10.1,9.18,10.12,9.18,254878,259753144.0,9.17,-10.44,-1.07,6.12
2015-08-21,600821,8.79,8.22,9.08,8.22,281038,254100404.0,9.37,-10.46,-0.96,6.75
2015-08-24,600821,7.58,7.35,7.78,7.35,157768,124187623.0,5.23,-10.58,-0.87,3.79
2015-08-25,600821,6.57,6.57,6.73,6.57,209141,147411042.0,2.18,-10.61,-0.78,5.02
2015-08-26,600821,6.57,5.88,6.92,5.87,339182,231484184.0,15.98,-10.5,-0.69,8.15
2015-08-27,600821,6.1,6.32,6.33,5.55,286599,186397110.0,13.27,7.48,0.44,6.88
2015-08-28,600821,6.41,6.99,7.0,6.35,312054,222534213.0,10.28,10.6,0.67,7.5
2015-08-31,600821,6.97,6.53,6.98,6.48,224328,160656227.0,7.15,-6.58,-0.46,5.39
2015-09-01,600821,6.39,5.84,6.49,5.83,223017,144334227.0,10.11,-10.57,-0.69,5.36
2015-09-02,600821,5.43,5.54,6.15,5.43,177250,109106272.0,12.33,-5.14,-0.3,4.26
2015-09-07,600821,5.82,5.73,6.01,5.68,158530,100153042.0,5.96,3.43,0.19,3.81
2015-09-08,600821,5.69,6.3,6.35,5.68,198849,129594981.0,11.69,9.95,0.57,4.78
2015-09-09,600821,6.52,6.73,6.76,6.38,246239,173732028.0,6.03,6.83,0.43,5.92
2015-09-10,600821,6.58,6.64,7.02,6.44,223995,162008712.0,8.62,-1.34,-0.09,5.38
2015-09-11,600821,6.67,6.71,6.82,6.49,154547,109996576.0,4.97,1.05,0.07,3.71
2015-09-14,600821,6.82,5.99,7.02,5.99,278479,195386063.0,15.35,-10.73,-0.72,6.69
2015-09-15,600821,5.76,5.53,6.05,5.41,180740,111779896.0,10.68,-7.68,-0.46,4.34
2015-09-16,600821,5.64,6.13,6.13,5.53,195553,122985696.0,10.85,10.85,0.6,4.7
2015-09-17,600821,6.16,5.93,6.49,5.9,223113,149625824.0,9.62,-3.26,-0.2,5.36
2015-09-18,600821,6.06,6.18,6.23,5.91,122237,80014560.0,5.4,4.22,0.25,2.94
2015-09-21,600821,6.08,6.62,6.63,6.05,153034,105071547.0,9.39,7.12,0.44,3.68
2015-09-22,600821,6.6,6.75,6.98,6.59,233017,168613189.0,5.89,1.96,0.13,5.6
2015-09-23,600821,6.63,6.42,6.63,6.26,197036,136721296.0,5.48,-4.89,-0.33,4.73
2015-09-24,600821,6.41,6.55,6.63,6.41,108268,75761868.0,3.43,2.02,0.13,2.6
2015-09-25,600821,6.53,6.17,6.58,5.93,114265,77336653.0,9.92,-5.8,-0.38,2.74
2015-09-28,600821,6.19,6.3,6.35,6.0,74656,50081673.0,5.67,2.11,0.13,1.79
2015-09-29,600821,6.17,6.14,6.24,6.08,70124,46389853.0,2.54,-2.54,-0.16,1.68
2015-09-30,600821,6.16,6.31,6.5,6.16,98342,66620742.0,5.54,2.77,0.17,2.36
2015-10-08,600821,6.63,6.56,6.71,6.49,133327,93943092.0,3.49,3.96,0.25,3.2
2015-10-09,600821,6.54,6.64,6.69,6.51,120316,85021649.0,2.74,1.22,0.08,2.89
2015-10-12,600821,6.65,6.98,7.12,6.63,182988,134971186.0,7.38,5.12,0.34,4.4
2015-10-13,600821,6.93,7.73,7.73,6.93,337372,265505219.0,11.46,10.74,0.75,8.1
2015-10-14,600821,7.67,7.65,7.92,7.54,418831,342951200.0,4.92,-1.03,-0.08,10.06
2015-10-15,600821,7.58,7.9,7.98,7.51,252874,208520859.0,6.14,3.27,0.25,6.07
2015-10-16,600821,7.85,7.85,7.93,7.61,243276,200575903.0,4.05,-0.63,-0.05,5.84
2015-10-19,600821,7.81,7.7,7.87,7.52,196686,161174886.0,4.46,-1.91,-0.15,4.72
2015-10-20,600821,7.68,7.94,7.99,7.61,224428,186638174.0,4.94,3.12,0.24,5.39
2015-10-21,600821,8.0,7.13,8.01,7.1,298607,236140543.0,11.46,-10.2,-0.81,7.17
2015-10-22,600821,7.19,7.43,7.48,7.08,164410,127752764.0,5.61,4.21,0.3,3.95
2015-10-23,600821,7.59,7.77,7.86,7.43,202350,165015986.0,5.79,4.58,0.34,4.86
2015-10-26,600821,7.87,7.73,7.91,7.61,174106,143058026.0,3.86,-0.51,-0.04,4.18
2015-10-27,600821,7.73,7.68,7.73,7.27,166331,132793054.0,5.95,-0.65,-0.05,4.0
2015-10-28,600821,7.68,7.8,8.01,7.55,248211,206102540.0,5.99,1.56,0.12,5.96
2015-10-29,600821,7.9,8.28,8.49,7.69,364870,314315216.0,10.26,6.15,0.48,8.77
2015-10-30,600821,8.23,7.95,8.28,7.78,206826,175185108.0,6.04,-3.99,-0.33,4.97
2015-11-02,600821,7.74,7.66,8.06,7.53,139651,115471302.0,6.67,-3.65,-0.29,3.35
2015-11-03,600821,7.64,7.48,7.78,7.37,147738,119498769.0,5.35,-2.35,-0.18,3.55
2015-11-04,600821,7.56,7.93,7.95,7.56,171470,142150149.0,5.21,6.02,0.45,4.12
2015-11-05,600821,8.05,8.1,8.27,7.84,234261,199960802.0,5.42,2.14,0.17,5.63
2015-11-06,600821,8.08,8.31,8.44,7.99,227236,198619473.0,5.56,2.59,0.21,5.46
2015-11-09,600821,8.21,8.28,8.42,7.83,237839,205887593.0,7.1,-0.36,-0.03,5.71
2015-11-10,600821,8.18,8.39,8.58,8.18,235848,208918260.0,4.83,1.33,0.11,5.67
2015-11-11,600821,8.35,8.44,8.48,8.23,194990,171648616.0,2.98,0.6,0.05,4.68
2015-11-12,600821,8.48,8.29,8.57,8.18,220750,193885299.0,4.62,-1.78,-0.15,5.3
2015-11-13,600821,8.28,8.06,8.28,7.93,180853,155055753.0,4.22,-2.77,-0.23,4.34
2015-11-16,600821,7.94,8.54,8.57,7.89,210520,185019411.0,8.44,5.96,0.48,5.06
2015-11-17,600821,8.58,8.54,8.8,8.45,271448,247056441.0,4.1,0.0,0.0,6.52
2015-11-18,600821,8.53,8.32,8.59,8.28,121504,108119162.0,3.63,-2.58,-0.22,2.92
2015-11-19,600821,8.28,8.43,8.46,8.28,98485,86941313.0,2.16,1.32,0.11,2.37
2015-11-20,600821,8.49,8.49,8.5,8.27,163130,145003907.0,2.73,0.71,0.06,3.92
2015-11-23,600821,8.53,8.34,8.6,8.28,147255,131594283.0,3.77,-1.77,-0.15,3.54
2015-11-24,600821,8.33,8.39,8.4,8.13,116226,101747601.0,3.24,0.6,0.05,2.79
2015-11-25,600821,8.33,8.63,8.65,8.31,169256,151460236.0,4.05,2.86,0.24,4.07
2015-11-26,600821,8.64,9.09,9.22,8.57,300070,282792768.0,7.53,5.33,0.46,7.21
2015-11-27,600821,8.99,8.19,9.02,8.13,200653,182822776.0,9.79,-9.9,-0.9,4.82
2015-11-30,600821,8.19,8.34,8.45,7.66,149790,128084990.0,9.65,1.83,0.15,3.6
2015-12-01,600821,8.22,8.37,8.5,8.12,90145,79482180.0,4.56,0.36,0.03,2.17
2015-12-02,600821,8.37,8.27,8.53,7.94,106359,92920378.0,7.05,-1.19,-0.1,2.56
2015-12-03,600821,8.28,8.73,8.75,8.24,143208,128222427.0,6.17,5.56,0.46,3.44
2015-12-04,600821,8.59,8.67,8.78,8.56,129967,118599955.0,2.52,-0.69,-0.06,3.12
2015-12-07,600821,8.65,8.73,8.8,8.54,112125,103090514.0,3.0,0.69,0.06,2.69
2015-12-08,600821,8.74,8.9,9.46,8.68,383324,367406384.0,8.93,1.95,0.17,9.21
2015-12-09,600821,8.96,9.71,9.78,8.91,434214,425775504.0,9.78,9.1,0.81,10.43
2015-12-10,600821,9.56,9.48,9.71,9.31,278842,277001376.0,4.12,-2.37,-0.23,6.7
2015-12-11,600821,9.4,9.78,9.95,9.21,267446,271475568.0,7.81,3.16,0.3,6.42
2015-12-14,600821,9.61,10.0,10.13,9.58,203943,209809060.0,5.62,2.25,0.22,4.9
2015-12-15,600821,9.93,9.81,10.04,9.71,181212,186971434.0,3.3,-1.9,-0.19,4.35
2015-12-16,600821,9.73,9.6,9.82,9.53,145249,146628498.0,2.96,-2.14,-0.21,3.49
2015-12-17,600821,9.64,9.74,9.77,9.57,189199,191818923.0,2.08,1.46,0.14,4.55
2015-12-18,600821,9.71,9.5,9.71,9.41,134984,135046220.0,3.08,-2.46,-0.24,3.24
2015-12-21,600821,9.43,9.72,9.78,9.37,151317,152883458.0,4.32,2.32,0.22,3.64
2015-12-22,600821,9.72,10.17,10.41,9.68,264216,279929584.0,7.51,4.63,0.45,6.35
2015-12-23,600821,10.21,9.91,10.69,9.75,239719,258585356.0,9.24,-2.56,-0.26,5.76
2015-12-24,600821,9.73,9.69,9.98,9.51,127966,129743844.0,4.74,-2.22,-0.22,3.07
2015-12-25,600821,9.64,9.88,10.0,9.63,81349,83936377.0,3.82,1.96,0.19,1.95
2015-12-28,600821,10.05,9.88,10.32,9.73,140031,146778780.0,5.97,0.0,0.0,3.36
2015-12-29,600821,9.91,9.89,10.01,9.53,118964,121329485.0,4.86,0.1,0.01,2.86
2015-12-30,600821,9.93,10.18,10.19,9.79,110238,114770879.0,4.04,2.93,0.29,2.65
2015-12-31,600821,10.21,10.73,11.1,10.19,349118,389634960.0,8.94,5.4,0.55,8.39
2016-01-04,600821,10.82,9.64,10.88,9.63,181711,195034847.0,11.65,-10.16,-1.09,4.37
2016-01-05,600821,8.98,9.04,9.53,8.64,247809,237347569.0,9.23,-6.22,-0.6,5.95
2016-01-06,600821,9.23,9.53,9.58,9.09,131775,129168498.0,5.42,5.42,0.49,3.17
2016-01-07,600821,9.53,8.53,9.55,8.53,42170,39994917.0,10.7,-10.49,-1.0,1.01
2016-01-08,600821,8.74,8.49,8.88,7.63,166365,148911755.0,14.65,-0.47,-0.04,4.0
2016-01-11,600821,8.35,7.59,8.35,7.59,127920,106945854.0,8.95,-10.6,-0.9,3.07
2016-01-12,600821,7.51,7.27,7.7,6.94,166163,127932424.0,10.01,-4.22,-0.32,3.99
2016-01-13,600821,7.23,6.54,7.38,6.53,117177,88051629.0,11.69,-10.04,-0.73,2.81
2016-01-14,600821,6.33,6.83,6.93,5.95,122765,86496036.0,14.98,4.43,0.29,2.95
2016-01-15,600821,6.63,6.51,6.95,6.41,98507,70240486.0,7.91,-4.69,-0.32,2.37
2016-01-18,600821,6.16,6.6,6.78,6.16,102027,71830698.0,9.52,1.38,0.09,2.45
2016-01-19,600821,6.6,6.95,7.02,6.53,97199,70993508.0,7.42,5.3,0.35,2.34
2016-01-20,600821,6.88,6.99,7.22,6.83,111131,83263104.0,5.61,0.58,0.04,2.67
2016-01-21,600821,6.73,6.64,7.16,6.62,90143,66301259.0,7.73,-5.01,-0.35,2.17
2016-01-22,600821,6.8,6.72,6.87,6.46,75429,53949283.0,6.17,1.2,0.08,1.81
2016-01-25,600821,6.82,6.87,6.89,6.72,58439,42580455.0,2.53,2.23,0.15,1.4
2016-01-26,600821,6.77,6.16,6.79,6.14,86743,59845855.0,9.46,-10.33,-0.71,2.08
2016-01-27,600821,6.08,6.13,6.32,5.62,90666,58346273.0,11.36,-0.49,-0.03,2.18
2016-01-28,600821,5.97,5.81,6.19,5.79,54906,35594255.0,6.53,-5.22,-0.32,1.32
2016-01-29,600821,5.88,6.1,6.18,5.75,78595,50889865.0,7.4,4.99,0.29,1.89
2016-02-01,600821,6.06,6.0,6.16,5.91,64050,41702079.0,4.1,-1.64,-0.1,1.54
2016-02-02,600821,6.04,6.15,6.33,6.04,82373,55048625.0,4.83,2.5,0.15,1.98
2016-02-03,600821,6.12,6.36,6.39,6.03,74902,50180708.0,5.85,3.41,0.21,1.8
2016-02-04,600821,6.33,6.57,6.6,6.29,83069,57935595.0,4.87,3.3,0.21,2.0
2016-02-05,600821,6.61,6.45,6.61,6.44,53548,37434174.0,2.59,-1.83,-0.12,1.29
2016-02-15,600821,6.24,6.37,6.44,6.14,53699,36171835.0,4.65,-1.24,-0.08,1.29
2016-02-16,600821,6.42,6.69,6.7,6.34,81807,57695967.0,5.65,5.02,0.32,1.97
2016-02-17,600821,6.7,6.76,6.81,6.58,59458,42676922.0,3.44,1.05,0.07,1.43
2016-02-18,600821,6.8,6.95,6.97,6.73,87113,63565680.0,3.55,2.81,0.19,2.09
2016-02-19,600821,6.9,6.91,6.98,6.78,67475,49662388.0,2.88,-0.58,-0.04,1.62
2016-02-22,600821,6.91,7.12,7.14,6.91,98035,73675669.0,3.33,3.04,0.21,2.36
2016-02-23,600821,7.1,7.0,7.11,6.88,68894,51432741.0,3.23,-1.69,-0.12,1.66
2016-02-24,600821,6.98,7.17,7.23,6.88,82922,62602503.0,5.0,2.43,0.17,1.99
2016-02-25,600821,7.13,6.41,7.16,6.41,122000,87281458.0,10.46,-10.6,-0.76,2.93
2016-02-26,600821,6.52,6.34,6.55,6.09,77807,53065984.0,7.18,-1.09,-0.07,1.87
2016-02-29,600821,6.3,5.75,6.34,5.68,82799,52427751.0,10.41,-9.31,-0.59,1.99
2016-03-01,600821,5.82,5.93,5.99,5.74,60830,38581871.0,4.35,3.13,0.18,1.46
2016-03-02,600821,5.97,6.34,6.43,5.9,96397,63734738.0,8.94,6.91,0.41,2.32
2016-03-03,600821,6.34,6.41,6.57,6.31,89268,61682169.0,4.1,1.1,0.07,2.14
2016-03-04,600821,6.35,6.26,6.48,5.93,74593,50187436.0,8.58,-2.34,-0.15,1.79
2016-03-07,600821,6.26,6.57,6.57,6.25,79416,55161376.0,5.11,4.95,0.31,1.91
2016-03-08,600821,6.53,6.76,6.77,6.23,100128,69582058.0,8.22,2.89,0.19,2.41
2016-03-09,600821,6.58,6.46,6.67,6.43,67187,47163233.0,3.55,-4.44,-0.3,1.61
2016-03-10,600821,6.47,6.35,6.55,6.32,35252,24303721.0,3.56,-1.7,-0.11,0.85
2016-03-11,600821,6.25,6.27,6.39,6.18,29439,19926018.0,3.31,-1.26,-0.08,0.71
2016-03-14,600821,6.41,6.61,6.71,6.38,69301,49024103.0,5.26,5.42,0.34,1.66
2016-03-15,600821,6.56,6.55,6.69,6.51,40333,28500385.0,2.72,-0.91,-0.06,0.97
2016-03-16,600821,6.75,6.75,6.85,6.59,92972,66936114.0,3.97,3.05,0.2,2.23
2016-03-17,600821,6.71,6.95,7.01,6.67,95787,70177232.0,5.04,2.96,0.2,2.3
2016-03-18,600821,6.88,7.11,7.13,6.88,109272,82177191.0,3.6,2.3,0.16,2.63
2016-03-21,600821,7.14,7.22,7.26,7.05,124353,94475069.0,2.95,1.55,0.11,2.99
2016-03-22,600821,7.11,7.12,7.31,7.07,84183,64477152.0,3.32,-1.39,-0.1,2.02
2016-03-23,600821,7.08,7.13,7.21,6.99,60368,45724145.0,3.09,0.14,0.01,1.45
2016-03-24,600821,7.04,6.93,7.06,6.92,57656,42993979.0,1.96,-2.81,-0.2,1.39
2016-03-25,600821,6.91,7.21,7.28,6.9,105396,80359603.0,5.48,4.04,0.28,2.53
2016-03-28,600821,7.21,7.44,7.51,7.21,149225,117441645.0,4.16,3.19,0.23,3.58
2016-03-29,600821,7.35,7.54,7.61,7.31,186357,147866346.0,4.03,1.34,0.1,4.48
2016-03-30,600821,7.59,7.78,7.83,7.54,124723,101946873.0,3.85,3.18,0.24,3.0
2016-03-31,600821,7.81,7.86,8.33,7.76,149187,127281049.0,7.33,1.03,0.08,3.58
2016-04-01,600821,8.03,8.11,8.21,7.79,139989,118665006.0,5.34,3.18,0.25,3.36
2016-04-05,600821,8.17,8.34,8.51,7.93,157278,136858722.0,7.15,2.84,0.23,3.78
2016-04-06,600821,8.23,8.84,8.88,8.22,181827,165186342.0,7.91,6.0,0.5,4.37
2016-04-07,600821,8.82,8.48,8.82,8.46,161301,146204189.0,4.07,-4.07,-0.36,3.87
2016-04-08,600821,8.34,8.26,8.46,8.06,142147,123567086.0,4.72,-2.59,-0.22,3.41
2016-04-11,600821,8.38,8.33,8.63,8.28,106578,95204408.0,4.24,0.85,0.07,2.56
2016-04-12,600821,8.29,8.46,8.48,8.24,63565,56000189.0,2.88,1.56,0.13,1.53
2016-04-13,600821,8.43,8.49,8.61,8.42,76463,68825480.0,2.25,0.35,0.03,1.84
2016-04-14,600821,8.5,8.67,8.71,8.45,87150,79108276.0,3.06,2.12,0.18,2.09
2016-04-15,600821,8.72,8.78,8.8,8.58,88591,81217746.0,2.54,1.27,0.11,2.13
2016-04-18,600821,8.72,8.94,9.07,8.61,112553,105118523.0,5.24,1.82,0.16,2.7
2016-04-19,600821,8.94,9.1,9.13,8.74,110351,103537994.0,4.36,1.79,0.16,2.65
2016-04-20,600821,9.13,8.58,9.21,8.29,160047,146660474.0,10.11,-5.71,-0.52,3.84
2016-04-21,600821,8.52,8.34,8.65,8.25,98926,88913727.0,4.66,-2.8,-0.24,2.38
2016-04-22,600821,8.27,8.22,8.32,7.89,123390,105942301.0,5.16,-1.44,-0.12,2.96
2016-04-25,600821,8.13,8.44,8.48,7.98,81789,71977212.0,6.08,2.68,0.22,1.96
2016-04-26,600821,8.45,8.54,8.58,8.4,64321,57767984.0,2.13,1.18,0.1,1.55
2016-04-27,600821,8.62,8.55,8.86,8.44,104210,95344290.0,4.92,0.12,0.01,2.5
2016-04-28,600821,8.51,8.54,8.58,8.25,109711,97751496.0,3.86,-0.12,-0.01,2.64
2016-04-29,600821,8.44,8.61,8.69,8.44,75121,68249979.0,2.93,0.82,0.07,1.8
2016-05-03,600821,8.68,8.82,8.85,8.55,71325,65868914.0,3.48,2.44,0.21,1.71
2016-05-04,600821,8.8,8.74,8.92,8.67,74158,68446947.0,2.83,-0.91,-0.08,1.78
2016-05-05,600821,8.71,8.84,8.91,8.68,63711,59195803.0,2.63,1.14,0.1,1.53
2016-05-06,600821,8.82,8.52,8.86,8.51,150763,138119527.0,3.96,-3.62,-0.32,3.62
2016-05-09,600821,8.33,7.63,8.38,7.62,124705,104942045.0,8.92,-10.45,-0.89,3.0
2016-05-10,600821,7.7,7.48,7.72,7.36,130604,103960938.0,4.72,-1.97,-0.15,3.14
2016-05-11,600821,7.58,7.22,7.62,7.03,124761,96525645.0,7.89,-3.48,-0.26,3.0
2016-05-12,600821,7.06,7.17,7.23,6.83,73238,54863947.0,5.54,-0.69,-0.05,1.76
2016-05-13,600821,7.17,7.27,7.29,7.01,66663,51049411.0,3.91,1.39,0.1,1.6
2016-05-16,600821,7.26,7.54,7.63,7.2,76964,60898711.0,5.91,3.71,0.27,1.85
2016-05-17,600821,7.54,7.55,7.67,7.46,52221,41910492.0,2.79,0.13,0.01,1.25
2016-05-18,600821,7.48,7.35,7.53,7.13,91469,71207157.0,5.3,-2.65,-0.2,2.2
2016-05-19,600821,7.35,7.52,7.65,7.23,64583,51458001.0,5.71,2.31,0.17,1.55
2016-05-20,600821,7.45,7.51,7.59,7.18,51423,40805969.0,5.45,-0.13,-0.01,1.24
2016-05-23,600821,7.51,7.71,7.73,7.48,61417,49451744.0,3.33,2.66,0.2,1.48
2016-05-24,600821,7.68,7.67,7.88,7.54,55641,45244669.0,4.41,-0.52,-0.04,1.34
2016-05-25,600821,7.71,7.64,7.83,7.57,65561,53577782.0,3.39,-0.39,-0.03,1.57
2016-05-26,600821,7.66,7.68,7.72,7.43,50694,40818014.0,3.8,0.52,0.04,1.22
2016-05-27,600821,7.66,7.83,7.84,7.6,56791,46817614.0,3.13,1.95,0.15,1.36
2016-05-30,600821,7.78,7.79,7.9,7.63,38297,31640669.0,3.45,-0.51,-0.04,0.92
2016-05-31,600821,7.83,8.15,8.18,7.79,78166,66221589.0,5.01,4.62,0.36,1.88
2016-06-01,600821,8.22,8.17,8.22,8.08,68985,59320939.0,1.72,0.25,0.02,1.66
2016-06-02,600821,8.13,8.17,8.21,8.03,63488,54618906.0,2.2,0.0,0.0,1.53
2016-06-03,600821,8.2,8.22,8.24,8.08,57464,49623857.0,1.96,0.61,0.05,1.38
2016-06-06,600821,8.21,8.31,8.43,8.11,95303,82512317.0,3.89,1.09,0.09,2.29
2016-06-07,600821,8.27,8.53,8.58,8.22,106518,95104717.0,4.33,2.65,0.22,2.56
2016-06-08,600821,8.53,8.53,8.58,8.4,64591,57860200.0,2.11,0.0,0.0,1.55
2016-06-13,600821,8.43,8.47,8.88,8.35,133758,121403038.0,6.21,-0.7,-0.06,3.21
2016-06-14,600821,8.47,8.67,8.71,8.39,119989,108212433.0,3.78,2.36,0.2,2.88
2016-06-15,600821,8.53,9.3,9.37,8.46,192611,183493238.0,10.5,7.27,0.63,4.63
2016-06-16,600821,9.21,9.49,9.85,9.19,298718,299992384.0,7.1,2.04,0.19,7.18
2016-06-17,600821,9.53,9.45,9.65,9.31,167523,166222142.0,3.58,-0.42,-0.04,4.02
2016-06-20,600821,9.23,8.71,9.4,8.46,273368,252290755.0,9.95,-7.83,-0.74,6.57
2016-06-21,600821,8.76,8.48,8.76,8.33,162343,146084462.0,4.94,-2.64,-0.23,3.9
2016-06-22,600821,8.46,8.63,8.66,8.38,86026,77665913.0,3.3,1.77,0.15,2.07
2016-06-23,600821,8.61,8.57,8.67,8.44,67906,61051623.0,2.67,-0.7,-0.06,1.63
2016-06-24,600821,8.53,8.22,8.6,7.94,138075,120582443.0,7.7,-4.08,-0.35,3.32
2016-06-27,600821,8.1,8.32,8.32,8.07,93170,81311007.0,3.04,1.22,0.1,2.24
2016-06-28,600821,8.24,8.33,8.33,8.09,113023,98100509.0,2.88,0.12,0.01,2.72
2016-06-29,600821,8.32,8.48,8.49,8.29,98512,87155687.0,2.4,1.8,0.15,2.37
2016-06-30,600821,8.49,8.32,8.49,8.23,130652,114720129.0,3.07,-1.89,-0.16,3.14
2016-07-01,600821,8.31,8.26,8.37,8.23,58181,50868456.0,1.68,-0.72,-0.06,1.4
2016-07-04,600821,8.16,8.41,8.5,8.15,98061,86263386.0,4.24,1.82,0.15,2.36
2016-07-05,600821,8.43,8.68,8.7,8.39,173359,155874877.0,3.69,3.21,0.27,4.16
2016-07-06,600821,8.64,8.81,8.88,8.58,185976,172144652.0,3.46,1.5,0.13,4.47
2016-07-07,600821,8.83,9.02,9.03,8.74,172821,162626609.0,3.29,2.38,0.21,4.15
2016-07-08,600821,9.02,9.0,9.04,8.81,124198,116987172.0,2.55,-0.22,-0.02,2.98
2016-07-11,600821,8.93,8.79,9.05,8.77,93834,88096627.0,3.11,-2.33,-0.21,2.25
2016-07-12,600821,8.74,8.94,9.01,8.7,112318,105070765.0,3.53,1.71,0.15,2.7
2016-07-13,600821,8.93,9.25,9.28,8.89,192516,184413043.0,4.36,3.47,0.31,4.62
2016-07-14,600821,9.93,9.56,10.22,9.47,417504,427502752.0,8.11,3.35,0.31,10.03
2016-07-15,600821,9.34,9.61,9.77,9.34,236843,237939732.0,4.5,0.52,0.05,5.69
2016-07-18,600821,9.51,9.56,9.68,9.48,119937,120505971.0,2.08,-0.52,-0.05,2.88
2016-10-14,600821,10.46,10.56,10.56,9.93,831463,907089680.0,6.59,10.46,1.0,19.97
2016-10-17,600821,10.51,10.23,10.82,10.21,553312,605872048.0,5.78,-3.13,-0.33,13.29
2016-10-18,600821,10.06,10.36,10.54,9.94,381213,408552720.0,5.87,1.27,0.13,9.16
2016-10-19,600821,10.24,10.72,11.14,10.19,445014,495807520.0,9.17,3.47,0.36,10.69
2016-10-20,600821,10.61,11.68,11.82,10.6,470989,553643904.0,11.38,8.96,0.96,11.31
2016-10-21,600821,11.47,11.09,11.65,10.93,390440,455568912.0,6.16,-5.05,-0.59,9.38
2016-10-24,600821,11.03,11.27,11.32,11.0,166496,193520924.0,2.89,1.62,0.18,4.0
2016-10-25,600821,11.14,11.42,11.48,10.89,194351,226973972.0,5.24,1.33,0.15,4.67
2016-10-26,600821,11.3,11.26,11.8,11.23,235867,283962800.0,4.99,-1.4,-0.16,5.67
2016-10-27,600821,11.08,11.27,11.46,11.06,127675,148914912.0,3.55,0.09,0.01,3.07
2016-10-28,600821,11.22,11.5,11.69,11.22,188587,226417343.0,4.17,2.04,0.23,4.53
2016-10-31,600821,11.5,12.19,12.39,11.35,245316,305353760.0,9.04,6.0,0.69,5.89
2016-11-01,600821,12.03,12.31,12.62,11.76,194332,247071004.0,7.05,0.98,0.12,4.67
2016-11-02,600821,12.08,12.47,12.72,12.03,181394,233811766.0,5.61,1.3,0.16,4.36
2016-11-03,600821,12.38,13.76,13.76,12.36,395181,551367664.0,11.23,10.34,1.29,9.49
2016-11-04,600821,13.98,13.5,14.11,13.18,277936,390504480.0,6.76,-1.89,-0.26,6.68
2016-11-07,600821,13.58,13.46,13.58,13.03,153078,209836761.0,4.07,-0.3,-0.04,3.68
2016-11-08,600821,13.39,13.52,13.93,13.39,175023,247457258.0,4.01,0.45,0.06,4.2
2016-11-09,600821,13.54,13.17,13.59,13.03,158674,217374405.0,4.14,-2.59,-0.35,3.81
2016-11-10,600821,13.28,13.2,13.41,13.08,125189,171286206.0,2.51,0.23,0.03,3.01
2016-11-11,600821,13.13,13.19,13.51,13.08,106510,146491472.0,3.26,-0.08,-0.01,2.56
2016-11-14,600821,13.09,12.35,13.28,12.09,257191,336038848.0,9.02,-6.37,-0.84,6.18
2016-11-15,600821,12.32,12.55,12.72,12.22,133839,173513028.0,4.05,1.62,0.2,3.22
2016-11-16,600821,12.54,12.35,12.81,12.33,81007,105441130.0,3.82,-1.59,-0.2,1.95
2016-11-17,600821,12.42,11.97,12.56,11.92,124507,156767554.0,5.18,-3.08,-0.38,2.99
2016-11-18,600821,12.03,11.96,12.13,11.78,120793,149494923.0,2.92,-0.08,-0.01,2.9
2016-11-21,600821,11.85,11.69,12.12,11.63,146903,179988635.0,4.1,-2.26,-0.27,3.53
2016-11-22,600821,11.83,12.56,12.69,11.73,251819,322815264.0,8.21,7.44,0.87,6.05
2016-11-23,600821,12.55,12.62,12.97,12.41,192547,254216302.0,4.46,0.48,0.06,4.63
2016-11-24,600821,12.52,12.43,12.76,12.33,157954,205218838.0,3.41,-1.51,-0.19,3.79
2016-11-25,600821,12.48,12.76,12.87,12.19,128137,167115408.0,5.47,2.65,0.33,3.08
2016-11-28,600821,12.88,12.71,12.89,12.58,71036,93569342.0,2.43,-0.39,-0.05,1.71
2016-11-29,600821,12.76,12.79,13.09,12.55,117739,156896993.0,4.25,0.63,0.08,2.83
2016-11-30,600821,12.68,12.61,12.84,12.55,70891,93112542.0,2.27,-1.41,-0.18,1.7
2016-12-01,600821,12.73,12.91,13.18,12.62,115833,155942223.0,4.44,2.38,0.3,2.78
2016-12-02,600821,12.93,12.37,13.03,12.24,99068,129610289.0,6.12,-4.18,-0.54,2.38
2016-12-05,600821,11.83,11.67,12.13,11.56,76321,94031125.0,4.61,-5.66,-0.7,1.83
2016-12-06,600821,11.71,11.84,12.02,11.71,57196,70736346.0,2.66,1.46,0.17,1.37
2016-12-07,600821,11.93,12.02,12.08,11.75,51075,63097348.0,2.79,1.52,0.18,1.23
2016-12-08,600821,12.02,11.92,12.21,11.83,54724,68324679.0,3.16,-0.83,-0.1,1.31
2016-12-09,600821,11.88,12.07,12.25,11.84,83747,105241461.0,3.44,1.26,0.15,2.01
2016-12-12,600821,12.18,10.88,12.18,10.82,136532,161479363.0,11.27,-9.86,-1.19,3.28
2016-12-13,600821,10.85,10.69,10.88,9.75,100816,111381195.0,10.39,-1.75,-0.19,2.42
2016-12-14,600821,10.72,10.51,10.73,10.35,66589,73161835.0,3.55,-1.68,-0.18,1.6
2016-12-15,600821,10.48,10.65,10.87,10.33,75100,83767948.0,5.14,1.33,0.14,1.8
2016-12-16,600821,10.61,11.16,11.17,10.48,86576,99008566.0,6.48,4.79,0.51,2.08
2016-12-19,600821,11.16,10.96,11.29,10.93,52003,59953391.0,3.23,-1.79,-0.2,1.25
2016-12-20,600821,10.98,11.01,11.26,10.93,76480,88523459.0,3.01,0.46,0.05,1.84
2016-12-21,600821,11.13,11.08,11.27,10.97,83284,96576761.0,2.72,0.64,0.07,2.0
2016-12-22,600821,11.14,11.05,11.22,10.96,47956,55356228.0,2.35,-0.27,-0.03,1.15
2016-12-23,600821,11.06,10.71,11.11,10.57,74766,84737034.0,4.89,-3.08,-0.34,1.8
2016-12-26,600821,10.83,10.76,10.86,10.41,67573,74758261.0,4.2,0.47,0.05,1.62
2016-12-27,600821,10.75,11.0,11.07,10.75,61233,69961197.0,2.97,2.23,0.24,1.47
2016-12-28,600821,11.0,11.13,11.29,11.0,69556,81040797.0,2.64,1.18,0.13,1.67
2016-12-29,600821,11.2,11.4,11.52,11.05,103065,121439939.0,4.22,2.43,0.27,2.48
2016-12-30,600821,11.41,11.3,11.67,11.22,78939,93880410.0,3.95,-0.88,-0.1,1.9
2017-01-03,600821,11.34,11.58,11.68,11.34,61929,74438159.0,3.01,2.48,0.28,1.49
2017-01-04,600821,11.63,12.26,12.63,11.51,183067,228524208.0,9.67,5.87,0.68,4.4
2017-01-05,600821,12.26,12.32,12.63,12.1,123411,159244833.0,4.32,0.49,0.06,2.96
2017-01-06,600821,12.31,12.51,13.01,12.16,158267,207834271.0,6.9,1.54,0.19,3.8
2017-01-09,600821,12.39,12.61,12.71,12.36,92809,120926155.0,2.8,0.8,0.1,2.23
2017-01-10,600821,12.68,12.52,12.88,12.5,99868,131570112.0,3.01,-0.71,-0.09,2.4
2017-01-11,600821,12.63,12.55,13.01,12.53,125894,166494550.0,3.83,0.24,0.03,3.02
2017-01-12,600821,12.43,11.75,12.7,11.62,131619,165693753.0,8.61,-6.37,-0.8,3.16
2017-01-13,600821,11.82,12.34,12.97,11.82,243971,319663920.0,9.79,5.02,0.59,5.86
2017-01-16,600821,12.36,11.22,12.48,11.06,190768,230469728.0,11.51,-9.08,-1.12,4.58
2017-01-17,600821,11.08,11.31,11.58,10.63,96030,112581674.0,8.47,0.8,0.09,2.31
2017-01-18,600821,11.41,11.07,11.76,11.03,89599,106034670.0,6.45,-2.12,-0.24,2.15
2017-01-19,600821,10.84,10.8,11.16,10.78,55671,63526986.0,3.43,-2.44,-0.27,1.34
2017-01-20,600821,10.88,11.02,11.11,10.81,61397,70500445.0,2.78,2.04,0.22,1.47
2017-01-23,600821,11.01,11.76,11.81,11.01,97008,115660500.0,7.26,6.72,0.74,2.33
2017-01-24,600821,11.73,11.56,11.87,11.44,83556,101228381.0,3.66,-1.7,-0.2,2.01
2017-01-25,600821,11.46,11.49,11.71,11.33,66869,80273274.0,3.29,-0.61,-0.07,1.61
2017-01-26,600821,11.45,11.55,11.65,11.45,40660,48944261.0,1.74,0.52,0.06,0.98
2017-02-03,600821,11.61,11.52,11.66,11.36,29121,34945428.0,2.6,-0.26,-0.03,0.7
2017-02-06,600821,11.5,11.49,11.57,11.38,50354,60137143.0,1.65,-0.26,-0.03,1.21
2017-02-07,600821,11.43,11.57,11.65,11.39,56340,67667924.0,2.26,0.7,0.08,1.35
2017-02-08,600821,11.57,11.51,11.57,11.41,44864,53633568.0,1.38,-0.52,-0.06,1.08
2017-02-09,600821,11.51,11.57,11.58,11.46,70210,84213838.0,1.04,0.52,0.06,1.69
2017-02-10,600821,11.59,11.49,11.61,11.23,78844,94126992.0,3.28,-0.69,-0.08,1.89
2017-02-13,600821,11.5,11.88,12.15,11.33,112320,137601880.0,7.14,3.39,0.39,2.7
2017-02-14,600821,11.81,11.87,12.05,11.72,62859,77664864.0,2.78,-0.08,-0.01,1.51
2017-02-15,600821,11.8,11.65,12.01,11.64,70020,85960890.0,3.12,-1.85,-0.22,1.68
2017-02-16,600821,11.61,11.61,11.89,11.55,46483,56576013.0,2.92,-0.34,-0.04,1.12
2017-02-17,600821,11.62,11.55,11.83,11.43,61154,73864605.0,3.45,-0.52,-0.06,1.47
2017-02-20,600821,11.5,11.31,11.5,11.13,91366,107809397.0,3.2,-2.08,-0.24,2.19
2017-02-21,600821,11.34,11.31,11.4,11.23,54645,64342074.0,1.5,0.0,0.0,1.31
2017-02-22,600821,11.52,11.33,11.52,11.24,51154,60422811.0,2.48,0.18,0.02,1.23
2017-02-23,600821,11.34,11.18,11.39,11.03,68197,79564868.0,3.18,-1.32,-0.15,1.64
2017-02-24,600821,11.18,11.41,11.48,11.06,73408,86328002.0,3.76,2.06,0.23,1.76
2017-02-27,600821,11.49,11.2,11.49,11.13,56746,66604018.0,3.16,-1.84,-0.21,1.36
2017-02-28,600821,11.22,11.27,11.47,11.06,57882,67954211.0,3.66,0.63,0.07,1.39
2017-03-01,600821,11.26,11.34,11.47,11.06,81817,96448611.0,3.64,0.62,0.07,1.97
2017-03-02,600821,11.36,11.16,11.36,11.14,64691,75571332.0,1.94,-1.59,-0.18,1.55
2017-03-03,600821,11.16,10.93,11.21,10.92,49814,57306944.0,2.6,-2.06,-0.23,1.2
2017-03-06,600821,10.97,10.87,10.99,10.78,64075,72685100.0,1.92,-0.55,-0.06,1.54
2017-03-07,600821,10.88,10.86,10.99,10.76,72823,82430038.0,2.12,-0.09,-0.01,1.75
2017-03-08,600821,10.87,10.81,10.92,10.79,31743,35975799.0,1.2,-0.46,-0.05,0.76
2017-03-09,600821,10.88,10.73,10.88,10.62,61324,68671650.0,2.41,-0.74,-0.08,1.47
2017-03-10,600821,10.73,10.62,10.77,10.58,34171,38144660.0,1.77,-1.03,-0.11,0.82
2017-03-13,600821,10.6,10.83,10.87,10.54,60312,67649807.0,3.11,1.98,0.21,1.45
2017-03-14,600821,11.02,10.95,11.14,10.86,75093,86385896.0,2.59,1.11,0.12,1.8
2017-03-15,600821,11.0,10.85,11.0,10.83,36222,41245531.0,1.55,-0.91,-0.1,0.87
2017-03-16,600821,10.85,10.97,11.17,10.85,39369,45146293.0,2.95,1.11,0.12,0.95
2017-03-17,600821,10.99,10.81,11.06,10.8,44827,50936271.0,2.37,-1.46,-0.16,1.08
2017-03-20,600821,10.78,11.06,11.08,10.77,72009,82507245.0,2.87,2.31,0.25,1.73
2017-03-21,600821,11.05,10.91,11.05,10.86,59298,67675123.0,1.72,-1.36,-0.15,1.42
2017-03-22,600821,10.9,11.31,11.48,10.9,152385,179347675.0,5.32,3.67,0.4,3.66
2017-03-23,600821,11.34,11.18,11.34,11.02,96430,112127367.0,2.83,-1.15,-0.13,2.32
2017-03-24,600821,11.13,11.07,11.22,10.89,69839,80139229.0,2.95,-0.98,-0.11,1.68
2017-03-27,600821,10.98,11.04,11.06,10.93,67328,77184286.0,1.17,-0.27,-0.03,1.62
2017-03-28,600821,11.03,10.94,11.03,10.33,41341,46884570.0,6.34,-0.91,-0.1,0.99
2017-03-29,600821,10.92,10.55,10.92,10.49,58173,64723287.0,3.93,-3.56,-0.39,1.4
2017-03-30,600821,10.55,9.64,10.61,9.53,130325,134993343.0,10.24,-8.63,-0.91,3.13
2017-03-31,600821,9.59,9.52,9.89,9.36,79945,80550858.0,5.5,-1.24,-0.12,1.92
2017-04-05,600821,9.94,9.66,10.29,9.58,112529,116358355.0,7.46,1.47,0.14,2.7
2017-04-06,600821,9.78,10.67,10.67,9.62,143827,152312775.0,10.87,10.46,1.01,3.46
2017-04-07,600821,10.43,10.28,10.62,10.04,142327,153802775.0,5.44,-3.66,-0.39,3.42
2017-04-10,600821,10.26,10.44,11.02,10.03,131005,144457378.0,9.63,1.56,0.16,3.15
2017-04-11,600821,10.6,10.63,10.98,10.22,125924,139511094.0,7.28,1.82,0.19,3.03
2017-04-12,600821,10.49,10.0,10.54,9.94,87906,94463576.0,5.64,-5.93,-0.63,2.11
2017-04-13,600821,9.94,10.2,10.4,9.94,46524,49562262.0,4.6,2.0,0.2,1.12
2017-04-14,600821,10.06,9.6,10.21,9.57,82204,84366674.0,6.27,-5.88,-0.6,1.97
2017-04-17,600821,9.6,9.57,9.74,9.53,38597,38848592.0,2.19,-0.31,-0.03,0.93
2017-04-18,600821,9.72,9.48,9.72,9.47,29199,29314342.0,2.61,-0.94,-0.09,0.7
2017-04-19,600821,9.53,9.19,9.53,9.01,58556,56600626.0,5.49,-3.06,-0.29,1.41
2017-04-20,600821,9.27,9.15,9.31,9.03,27959,26924880.0,3.05,-0.44,-0.04,0.67
2017-04-21,600821,9.08,9.21,9.26,9.08,24963,24050752.0,1.97,0.66,0.06,0.6
2017-04-24,600821,9.21,8.86,9.27,8.75,35037,32902207.0,5.65,-3.8,-0.35,0.84
2017-04-25,600821,8.79,8.8,9.02,8.76,30024,28163328.0,2.93,-0.68,-0.06,0.72
2017-04-26,600821,8.78,8.87,9.01,8.74,27241,25489983.0,3.07,0.8,0.07,0.65
2017-04-27,600821,8.88,8.78,8.88,8.41,40276,36738600.0,5.3,-1.01,-0.09,0.97
2017-04-28,600821,8.76,8.74,8.86,8.71,21118,19494659.0,1.71,-0.46,-0.04,0.51
2017-05-02,600821,8.71,8.52,8.74,8.48,38344,34617776.0,2.97,-2.52,-0.22,0.92
2017-05-03,600821,8.51,8.53,8.64,8.42,31572,28371483.0,2.58,0.12,0.01,0.76
2017-05-04,600821,8.52,8.53,8.63,8.34,42935,38612249.0,3.4,0.0,0.0,1.03
2017-05-05,600821,8.52,8.38,8.56,8.37,27764,24806317.0,2.23,-1.76,-0.15,0.67
2017-05-08,600821,8.29,7.81,8.4,7.64,59621,50427399.0,9.07,-6.8,-0.57,1.43
2017-05-09,600821,7.82,7.54,7.83,7.32,70583,56156459.0,6.53,-3.46,-0.27,1.7
2017-05-10,600821,7.55,7.37,7.59,7.35,31042,24587470.0,3.18,-2.25,-0.17,0.75
2017-05-11,600821,7.37,7.31,7.37,6.76,63825,48393187.0,8.28,-0.81,-0.06,1.53
2017-05-12,600821,7.3,7.31,7.36,7.17,26955,20895370.0,2.6,0.0,0.0,0.65
2017-05-15,600821,7.3,7.21,7.47,7.19,31506,24569398.0,3.83,-1.37,-0.1,0.76
2017-05-16,600821,7.21,7.35,7.37,6.95,34883,26567025.0,5.83,1.94,0.14,0.84
2017-05-17,600821,7.33,8.13,8.13,7.26,177107,151014525.0,11.84,10.61,0.78,4.25
2017-05-18,600821,8.1,7.86,8.22,7.77,106446,89796209.0,5.54,-3.32,-0.27,2.56
2017-05-19,600821,8.07,7.71,8.07,7.64,73731,60859126.0,5.47,-1.91,-0.15,1.77
2017-05-22,600821,7.63,7.36,7.71,7.27,54143,43024351.0,5.71,-4.54,-0.35,1.3
2017-05-23,600821,7.42,6.82,7.43,6.72,72231,53795837.0,9.65,-7.34,-0.54,1.74
2017-05-24,600821,6.86,6.9,7.02,6.72,35034,25758541.0,4.4,1.17,0.08,0.84
2017-05-25,600821,6.9,7.0,7.03,6.79,50513,37382871.0,3.48,1.45,0.1,1.21
2017-05-26,600821,6.98,6.97,7.05,6.92,35224,26236500.0,1.86,-0.43,-0.03,0.85
2017-05-31,600821,7.1,7.29,7.66,7.07,69503,54165369.0,8.46,4.59,0.32,1.67
2017-06-01,600821,7.28,6.88,7.28,6.84,44986,33648801.0,6.04,-5.62,-0.41,1.08
2017-06-02,600821,6.78,6.97,6.99,6.71,47608,34949697.0,4.07,1.31,0.09,1.14
2017-06-05,600821,6.98,7.13,7.18,6.95,44232,33312501.0,3.3,2.3,0.16,1.06
2017-06-06,600821,7.09,7.15,7.18,7.04,27188,20630582.0,1.96,0.28,0.02,0.65
2017-06-07,600821,7.11,7.52,7.55,7.1,75210,59122665.0,6.29,5.17,0.37,1.81
2017-06-08,600821,7.56,7.39,7.61,7.36,47525,37853867.0,3.32,-1.73,-0.13,1.14
2017-06-09,600821,8.01,8.18,8.18,7.88,153857,132658254.0,4.06,10.69,0.79,3.7
2017-06-12,600821,8.28,8.56,8.89,8.21,284412,256052477.0,8.31,4.65,0.38,6.83
2017-06-15,600821,8.53,9.06,9.45,7.78,229132,207295723.0,19.51,5.84,0.5,5.5
2017-06-16,600821,8.73,8.71,9.4,8.63,189605,179226402.0,8.5,-3.86,-0.35,4.55
2017-06-19,600821,8.66,8.45,8.88,8.32,117062,105293927.0,6.43,-2.99,-0.26,2.81
2017-06-20,600821,8.44,8.43,8.55,8.33,80075,71155033.0,2.6,-0.24,-0.02,1.92
2017-06-21,600821,8.44,8.41,8.5,8.21,74999,66102106.0,3.44,-0.24,-0.02,1.8
2017-06-22,600821,8.44,8.08,8.45,8.06,61021,53531948.0,4.64,-3.92,-0.33,1.47
2017-06-23,600821,8.08,8.0,8.16,7.79,62767,52576750.0,4.58,-0.99,-0.08,1.51
2017-06-26,600821,7.96,8.33,8.38,7.94,97169,84631254.0,5.5,4.13,0.33,2.33
2017-06-27,600821,8.37,8.33,8.48,8.23,63083,55665429.0,3.0,0.0,0.0,1.52
2017-06-28,600821,8.38,8.44,8.91,8.27,109848,99077144.0,7.68,1.32,0.11,2.64
2017-06-29,600821,8.58,8.43,8.63,8.41,59033,52881308.0,2.61,-0.12,-0.01,1.42
2017-06-30,600821,8.48,8.54,8.56,8.31,64997,58005471.0,2.97,1.3,0.11,1.56
2017-07-03,600821,8.53,8.49,8.59,8.45,32716,29313841.0,1.64,-0.59,-0.05,0.79
2017-07-04,600821,8.51,8.48,8.54,8.41,38064,34046051.0,1.53,-0.12,-0.01,0.91
2017-07-05,600821,8.53,8.49,8.53,8.42,36991,33082855.0,1.3,0.12,0.01,0.89
2017-07-06,600821,8.5,8.44,8.52,8.35,48384,43110473.0,2.0,-0.59,-0.05,1.16
2017-07-07,600821,8.46,8.53,8.57,8.38,46465,41519118.0,2.25,1.07,0.09,1.12
2017-07-10,600821,8.52,8.82,9.31,8.46,109882,103027358.0,9.96,3.4,0.29,2.64
2017-07-11,600821,8.75,8.88,9.1,8.7,87403,82167416.0,4.54,0.68,0.06,2.1
2017-07-12,600821,8.88,9.24,9.28,8.76,141829,135466235.0,5.86,4.05,0.36,3.41
2017-07-13,600821,9.19,9.22,9.37,9.06,170856,165953614.0,3.35,-0.22,-0.02,4.1
2017-07-14,600821,9.23,8.98,9.24,8.89,55369,52591185.0,3.8,-2.6,-0.24,1.33
2017-07-17,600821,8.98,8.52,8.98,8.04,85185,76360137.0,10.47,-5.12,-0.46,2.05
2017-07-18,600821,8.62,8.73,8.76,8.46,63482,57697592.0,3.52,2.46,0.21,1.53
2017-07-19,600821,8.73,8.92,8.98,8.63,63672,59298766.0,4.01,2.18,0.19,1.53
2017-07-20,600821,8.92,8.88,9.11,8.82,61513,57880537.0,3.25,-0.45,-0.04,1.48
2017-07-21,600821,8.89,8.88,9.0,8.63,63473,58919269.0,4.17,0.0,0.0,1.52
2017-07-24,600821,8.81,8.71,8.9,8.65,46200,42534427.0,2.82,-1.91,-0.17,1.11
2017-07-25,600821,8.77,8.7,8.86,8.63,43595,40221281.0,2.64,-0.11,-0.01,1.05
2017-07-26,600821,8.71,9.28,9.53,8.66,176785,169792213.0,10.0,6.67,0.58,4.25
2017-07-27,600821,9.24,9.2,9.43,9.15,85684,83561201.0,3.02,-0.86,-0.08,2.06
2017-07-28,600821,9.18,9.07,9.33,9.03,58992,56889948.0,3.26,-1.41,-0.13,1.42
2017-07-31,600821,9.09,9.05,9.18,9.03,45623,43534498.0,1.65,-0.22,-0.02,1.1
2017-08-01,600821,9.06,9.15,9.32,9.01,59101,57079076.0,3.43,1.1,0.1,1.42
2017-08-02,600821,9.18,8.86,9.18,8.83,58636,55497708.0,3.83,-3.17,-0.29,1.41
2017-08-03,600821,8.86,9.0,9.08,8.75,36959,34888846.0,3.72,1.58,0.14,0.89
2017-08-04,600821,8.98,9.0,9.1,8.92,32649,30864539.0,2.0,0.0,0.0,0.78
2017-08-07,600821,9.0,8.82,9.02,8.8,35149,32887063.0,2.44,-2.0,-0.18,0.84
2017-08-08,600821,8.82,8.62,8.91,8.61,40655,37317791.0,3.4,-2.27,-0.2,0.98
2017-08-09,600821,8.63,8.7,8.75,8.53,46357,42141031.0,2.55,0.93,0.08,1.11
2017-08-10,600821,8.68,8.52,8.68,8.48,45624,41155710.0,2.3,-2.07,-0.18,1.1
2017-08-11,600821,8.52,8.55,8.61,8.33,35533,31620852.0,3.29,0.35,0.03,0.85
2017-08-14,600821,8.53,8.59,8.66,8.48,26274,23818728.0,2.11,0.47,0.04,0.63
2017-08-15,600821,8.67,8.59,8.67,8.56,18891,17147133.0,1.28,0.0,0.0,0.45
2017-08-16,600821,8.63,8.55,8.63,8.48,23935,21577038.0,1.75,-0.47,-0.04,0.57
2017-08-17,600821,8.56,8.68,8.72,8.53,27227,24805953.0,2.22,1.52,0.13,0.65
2017-08-18,600821,8.63,8.68,8.78,8.53,22499,20579707.0,2.88,0.0,0.0,0.54
2017-08-21,600821,8.68,8.79,8.84,8.68,37430,34571540.0,1.84,1.27,0.11,0.9
2017-08-22,600821,8.78,8.7,8.78,8.69,21138,19420511.0,1.02,-1.02,-0.09,0.51
2017-08-23,600821,8.73,8.54,8.73,8.53,26924,24406786.0,2.3,-1.84,-0.16,0.65
2017-08-24,600821,8.59,8.74,9.13,8.43,65261,60113445.0,8.2,2.34,0.2,1.57
2017-08-25,600821,8.63,8.65,8.76,8.54,35335,32201350.0,2.52,-1.03,-0.09,0.85
2017-08-28,600821,8.68,8.66,8.73,8.57,32175,29370529.0,1.85,0.12,0.01,0.77
2017-08-29,600821,8.7,8.76,8.88,8.59,53053,48894639.0,3.35,1.15,0.1,1.27
2017-08-30,600821,8.81,8.88,9.01,8.7,70120,65472364.0,3.54,1.37,0.12,1.68
2017-08-31,600821,8.88,8.78,8.9,8.74,33110,30653976.0,1.8,-1.13,-0.1,0.8
2017-09-01,600821,8.78,8.75,8.84,8.69,33437,30810008.0,1.71,-0.34,-0.03,0.8
2017-09-04,600821,8.75,8.79,8.88,8.69,35814,33144541.0,2.17,0.46,0.04,0.86
2017-09-05,600821,8.81,8.71,8.81,8.64,31612,29026127.0,1.93,-0.91,-0.08,0.76
2017-09-06,600821,8.69,8.62,8.69,8.52,36970,33555449.0,1.95,-1.03,-0.09,0.89
2017-09-07,600821,8.64,8.56,8.64,8.55,27679,25071074.0,1.04,-0.7,-0.06,0.66
2017-09-08,600821,8.59,8.57,8.59,8.51,20054,18092372.0,0.93,0.12,0.01,0.48
2017-09-11,600821,8.53,8.54,8.6,8.44,20829,18795606.0,1.87,-0.35,-0.03,0.5
2017-09-12,600821,8.54,8.45,8.54,8.45,29870,26737081.0,1.05,-1.05,-0.09,0.72
2017-09-13,600821,8.56,8.56,8.58,8.47,15315,13774224.0,1.3,1.3,0.11,0.37
2017-09-14,600821,8.53,8.56,8.6,8.52,21807,19671723.0,0.93,0.0,0.0,0.52
2017-09-15,600821,8.53,8.48,8.54,8.45,18291,16384274.0,1.05,-0.93,-0.08,0.44
2017-09-18,600821,8.48,8.5,8.54,8.4,26809,23939335.0,1.65,0.24,0.02,0.64
2017-09-19,600821,8.48,8.42,8.51,8.41,13822,12323846.0,1.18,-0.94,-0.08,0.33
2017-09-20,600821,8.39,8.37,8.44,8.33,23036,20383885.0,1.31,-0.59,-0.05,0.55
2017-09-21,600821,8.36,8.39,8.44,8.36,17550,15571978.0,0.96,0.24,0.02,0.42
2017-09-22,600821,8.38,8.38,8.48,8.33,18708,16587228.0,1.79,-0.12,-0.01,0.45
2017-09-25,600821,8.35,8.32,8.45,8.26,16282,14363615.0,2.27,-0.72,-0.06,0.39
2017-09-26,600821,8.33,8.21,8.33,8.13,26230,22807605.0,2.4,-1.32,-0.11,0.63
2017-09-27,600821,8.16,8.73,8.95,8.08,163229,148335779.0,10.6,6.33,0.52,3.92
2017-09-28,600821,8.76,8.7,8.76,8.49,59017,53778339.0,3.09,-0.34,-0.03,1.42
2017-09-29,600821,8.54,8.67,8.71,8.41,40004,36327506.0,3.45,-0.34,-0.03,0.96
2017-10-09,600821,8.66,8.57,8.69,8.55,29756,27036106.0,1.61,-1.15,-0.1,0.71
2017-10-10,600821,8.62,8.63,8.64,8.52,21872,19815516.0,1.4,0.7,0.06,0.53
2017-10-11,600821,8.64,8.63,8.68,8.57,19381,17632281.0,1.27,0.0,0.0,0.47
2017-10-12,600821,8.61,8.68,8.73,8.58,32171,29326831.0,1.74,0.58,0.05,0.77
2017-10-13,600821,8.71,8.6,8.71,8.58,20121,18300382.0,1.5,-0.92,-0.08,0.48
2017-10-16,600821,8.61,8.6,8.66,8.56,21172,19211895.0,1.16,0.0,0.0,0.51
2017-10-17,600821,8.6,8.61,8.73,8.55,22065,20070726.0,2.09,0.12,0.01,0.53
2017-10-18,600821,8.62,8.46,8.66,8.33,28697,25874691.0,3.83,-1.74,-0.15,0.69
2017-10-19,600821,8.48,8.31,8.58,8.28,26491,23453843.0,3.55,-1.77,-0.15,0.64
2017-10-20,600821,8.31,8.39,8.44,8.29,8894,7864048.0,1.81,0.96,0.08,0.21
2017-10-23,600821,8.39,8.38,8.46,8.33,8721,7735356.0,1.55,-0.12,-0.01,0.21
2017-10-24,600821,8.38,8.38,8.47,8.33,13064,11584411.0,1.67,0.0,0.0,0.31
2017-10-25,600821,8.38,8.34,8.4,8.32,12482,11013224.0,0.95,-0.48,-0.04,0.3
2017-10-26,600821,8.38,8.35,8.45,8.29,26325,23232777.0,1.92,0.12,0.01,0.63
2017-10-27,600821,8.45,8.35,8.54,8.23,69259,61358437.0,3.71,0.0,0.0,1.66
2017-10-30,600821,8.23,8.24,8.35,8.12,136927,120463434.0,2.75,-1.32,-0.11,3.29
2017-10-31,600821,8.12,8.01,8.33,8.0,39234,33559780.0,4.0,-2.79,-0.23,0.94
2017-11-01,600821,8.02,7.36,8.06,7.33,166801,134180004.0,9.11,-8.11,-0.65,4.01
2017-11-02,600821,7.32,7.06,7.32,6.92,86930,65619370.0,5.43,-4.08,-0.3,2.09
2017-11-03,600821,7.05,7.02,7.18,6.98,50865,38225108.0,2.83,-0.57,-0.04,1.22
2017-11-06,600821,6.96,7.08,7.11,6.73,28033,20709260.0,5.41,0.85,0.06,0.67
2017-11-07,600821,7.06,6.99,7.07,6.97,23514,17567318.0,1.41,-1.27,-0.09,0.56
2017-11-08,600821,7.0,6.95,7.03,6.92,24649,18348977.0,1.57,-0.57,-0.04,0.59
2017-11-09,600821,6.95,6.94,6.97,6.9,20371,15087499.0,1.01,-0.14,-0.01,0.49
2017-11-10,600821,6.94,6.89,7.0,6.86,28438,20996460.0,2.02,-0.72,-0.05,0.68
2017-11-13,600821,6.96,7.06,7.29,6.96,48959,37223568.0,4.79,2.47,0.17,1.18
2017-11-14,600821,7.01,7.08,7.16,6.95,31934,24003978.0,2.97,0.28,0.02,0.77
2017-11-15,600821,7.1,7.01,7.1,6.96,16609,12432123.0,1.98,-0.99,-0.07,0.4
2017-11-16,600821,7.01,6.99,7.08,6.96,17658,13189689.0,1.71,-0.29,-0.02,0.42
2017-11-17,600821,7.0,6.64,7.02,6.53,41886,30212017.0,7.01,-5.01,-0.35,1.01
2017-11-20,600821,6.69,6.65,6.69,6.38,24262,17131449.0,4.67,0.15,0.01,0.58
2017-11-21,600821,6.67,6.72,6.74,6.55,31085,22170116.0,2.86,1.05,0.07,0.75
2017-11-22,600821,6.71,6.46,6.71,6.23,88488,61014246.0,7.14,-3.87,-0.26,2.13
2017-11-23,600821,6.43,6.06,6.43,5.96,89430,59063578.0,7.28,-6.19,-0.4,2.15
2017-11-24,600821,6.03,6.1,6.23,5.94,42907,27979276.0,4.79,0.66,0.04,1.03
2017-11-27,600821,6.11,6.66,6.69,6.03,82514,56628464.0,10.82,9.18,0.56,1.98
2017-11-28,600821,6.55,6.47,6.57,6.39,36959,25673227.0,2.7,-2.85,-0.19,0.89
2017-11-29,600821,6.51,6.46,6.52,6.27,38109,26158806.0,3.86,-0.15,-0.01,0.92
2017-11-30,600821,6.38,6.32,6.42,6.29,13931,9497430.0,2.01,-2.17,-0.14,0.33
2017-12-01,600821,6.35,6.4,6.47,6.3,15727,10812919.0,2.69,1.27,0.08,0.38
2017-12-04,600821,6.43,6.65,6.83,6.22,54272,37961540.0,9.53,3.91,0.25,1.3
2017-12-05,600821,6.63,6.33,6.63,6.28,28171,19450385.0,5.26,-4.81,-0.32,0.68
2017-12-06,600821,6.29,6.37,6.41,6.28,17722,12081873.0,2.05,0.63,0.04,0.43
2017-12-07,600821,6.32,6.45,6.5,6.3,19006,13096125.0,3.14,1.26,0.08,0.46
2017-12-08,600821,6.47,6.71,6.8,6.47,48349,34416043.0,5.12,4.03,0.26,1.16
2017-12-11,600821,6.78,6.81,7.06,6.77,45202,33326227.0,4.32,1.49,0.1,1.09
2017-12-12,600821,6.88,6.6,6.88,6.59,21751,15526140.0,4.26,-3.08,-0.21,0.52
2017-12-13,600821,6.62,6.62,6.75,6.52,19548,13867329.0,3.48,0.3,0.02,0.47
2017-12-14,600821,6.6,6.65,6.69,6.58,13882,9871927.0,1.66,0.45,0.03,0.33
2017-12-15,600821,6.6,6.74,6.83,6.54,29222,20976335.0,4.36,1.35,0.09,0.7
2017-12-18,600821,6.74,6.66,6.79,6.48,24446,17331505.0,4.6,-1.19,-0.08,0.59
2017-12-19,600821,6.63,6.64,6.7,6.56,13926,9894943.0,2.1,-0.3,-0.02,0.33
2017-12-20,600821,6.61,6.57,6.7,6.55,16820,11940425.0,2.26,-1.05,-0.07,0.4
2017-12-21,600821,6.56,6.42,6.59,6.41,23536,16370628.0,2.74,-2.28,-0.15,0.57
2017-12-22,600821,6.46,6.33,6.46,6.28,22530,15362348.0,2.8,-1.4,-0.09,0.54
2017-12-25,600821,6.33,6.19,6.35,6.15,21752,14567140.0,3.16,-2.21,-0.14,0.52
2017-12-26,600821,6.21,6.22,6.27,6.16,11794,7875753.0,1.78,0.48,0.03,0.28
2017-12-27,600821,6.22,6.29,6.41,6.17,24466,16547208.0,3.86,1.13,0.07,0.59
2017-12-28,600821,6.43,6.45,6.58,6.39,19903,13799829.0,3.02,2.54,0.16,0.48
2017-12-29,600821,6.34,6.48,6.5,6.34,13447,9277053.0,2.48,0.47,0.03,0.32
2018-01-02,600821,6.48,6.45,6.51,6.4,12065,8365411.0,1.7,-0.46,-0.03,0.29
2018-01-03,600821,6.41,6.44,6.47,6.41,17310,11944164.0,0.93,-0.16,-0.01,0.42
2018-01-04,600821,6.42,6.4,6.47,6.39,15748,10861973.0,1.24,-0.62,-0.04,0.38
2018-01-05,600821,6.43,6.41,6.48,6.38,21267,14638176.0,1.56,0.16,0.01,0.51
2018-01-08,600821,6.41,6.28,6.42,6.22,28868,19453819.0,3.12,-2.03,-0.13,0.69
2018-01-09,600821,6.28,6.29,6.34,6.22,16439,11090914.0,1.91,0.16,0.01,0.39
2018-01-10,600821,6.29,6.23,6.3,6.17,17024,11388180.0,2.07,-0.95,-0.06,0.41
2018-01-11,600821,6.24,6.23,6.25,6.13,16073,10690428.0,1.93,0.0,0.0,0.39
2018-01-12,600821,6.22,6.19,6.29,6.18,16042,10747853.0,1.77,-0.64,-0.04,0.39
2018-01-15,600821,6.19,6.04,6.2,6.03,18111,11941609.0,2.75,-2.42,-0.15,0.44
2018-01-16,600821,6.04,6.14,6.17,6.04,9946,6549053.0,2.15,1.66,0.1,0.24
2018-01-17,600821,6.17,6.11,6.18,6.04,10570,6932271.0,2.28,-0.49,-0.03,0.25
2018-01-18,600821,6.08,6.06,6.11,6.05,11005,7191888.0,0.98,-0.82,-0.05,0.26
2018-01-19,600821,6.09,6.05,6.1,6.04,8494,5548317.0,0.99,-0.17,-0.01,0.2
2018-01-22,600821,6.03,6.06,6.08,5.95,12840,8345747.0,2.15,0.17,0.01,0.31
2018-01-23,600821,6.07,6.01,6.11,6.0,12381,8064483.0,1.82,-0.83,-0.05,0.3
2018-01-24,600821,6.01,5.95,6.03,5.92,21577,13862580.0,1.83,-1.0,-0.06,0.52
2018-01-25,600821,5.94,5.97,6.0,5.94,17090,11004845.0,1.01,0.34,0.02,0.41
2018-01-26,600821,5.95,5.95,5.98,5.92,13034,8359457.0,1.01,-0.34,-0.02,0.31
2018-01-29,600821,5.96,5.85,5.96,5.84,12370,7877097.0,2.02,-1.68,-0.1,0.3
2018-01-30,600821,5.82,6.48,6.48,5.81,124645,86404745.0,11.45,10.77,0.63,2.99
2018-01-31,600821,6.47,6.28,6.71,6.23,166423,116281586.0,7.41,-3.09,-0.2,4.0
2018-02-01,600821,5.96,5.61,6.03,5.61,131393,81175325.0,6.69,-10.67,-0.67,3.16
2018-02-02,600821,5.48,5.12,5.49,5.0,88186,49520356.0,8.73,-8.73,-0.49,2.12
2018-02-05,600821,5.0,5.21,5.31,4.83,43236,24185087.0,9.38,1.76,0.09,1.04
2018-02-06,600821,5.12,5.54,5.77,4.91,88790,52255651.0,16.51,6.33,0.33,2.13
2018-02-07,600821,5.61,5.55,5.7,5.3,43849,26195684.0,7.22,0.18,0.01,1.05
2018-02-08,600821,5.55,5.48,5.62,5.35,35937,21221568.0,4.86,-1.26,-0.07,0.86
2018-02-09,600821,5.37,5.43,5.48,5.08,37677,21582219.0,7.3,-0.91,-0.05,0.91
2018-02-12,600821,5.39,5.56,5.62,5.28,36255,21416239.0,6.26,2.39,0.13,0.87
2018-02-13,600821,5.43,5.54,5.55,5.43,41873,24982039.0,2.16,-0.36,-0.02,1.01
2018-02-14,600821,5.69,5.57,5.72,5.5,18936,11466953.0,3.97,0.54,0.03,0.45
2018-02-22,600821,5.57,5.55,5.58,5.49,20056,12049699.0,1.62,-0.36,-0.02,0.48
2018-02-23,600821,5.56,5.51,5.56,5.46,21198,12653303.0,1.8,-0.72,-0.04,0.51
2018-02-26,600821,5.5,5.54,5.6,5.48,24207,14550023.0,2.18,0.54,0.03,0.58
2018-02-27,600821,5.57,5.58,5.83,5.53,33125,20305957.0,5.42,0.72,0.04,0.8
2018-02-28,600821,5.53,5.5,5.55,5.45,22765,13612560.0,1.79,-1.43,-0.08,0.55
2018-03-01,600821,5.53,5.58,5.71,5.5,28671,17416338.0,3.82,1.45,0.08,0.69
2018-03-02,600821,5.65,5.66,5.78,5.61,26831,16470565.0,3.05,1.43,0.08,0.64
2018-03-05,600821,5.7,5.61,5.7,5.53,19426,11836202.0,3.0,-0.88,-0.05,0.47
2018-03-06,600821,5.56,5.63,5.66,5.56,22265,13517439.0,1.78,0.36,0.02,0.53
2018-03-07,600821,5.68,5.64,5.7,5.58,16832,10261966.0,2.13,0.18,0.01,0.4
2018-03-08,600821,5.64,5.66,5.67,5.59,16500,10088637.0,1.42,0.35,0.02,0.4
2018-03-09,600821,5.66,5.74,5.75,5.63,26487,16353918.0,2.12,1.41,0.08,0.64
2018-03-12,600821,5.78,5.82,5.84,5.72,30686,19175586.0,2.09,1.39,0.08,0.74
2018-03-13,600821,5.83,5.94,6.32,5.75,65919,43017565.0,9.79,2.06,0.12,1.58
2018-03-14,600821,5.94,5.91,6.09,5.86,27084,17355159.0,3.87,-0.51,-0.03,0.65
2018-03-15,600821,5.93,5.86,5.96,5.78,20103,12670202.0,3.05,-0.85,-0.05,0.48
2018-03-16,600821,5.89,5.92,5.97,5.84,20152,12879826.0,2.22,1.02,0.06,0.48
2018-03-19,600821,5.95,5.93,6.22,5.92,17268,11137714.0,5.07,0.17,0.01,0.41
2018-03-20,600821,5.79,5.95,6.02,5.79,20750,13234093.0,3.88,0.34,0.02,0.5
2018-03-21,600821,5.9,5.98,6.11,5.89,25843,16755970.0,3.7,0.5,0.03,0.62
2018-03-22,600821,5.93,6.24,6.52,5.93,73746,49820559.0,9.87,4.35,0.26,1.77
2018-03-23,600821,6.05,6.34,6.48,5.79,114238,76623256.0,11.06,1.6,0.1,2.74
2018-03-26,600821,6.13,6.23,6.28,5.87,53293,35094885.0,6.47,-1.74,-0.11,1.28
2018-03-27,600821,6.26,6.35,6.38,6.14,55050,37130715.0,3.85,1.93,0.12,1.32
2018-03-28,600821,6.22,6.28,6.32,6.16,33634,22582556.0,2.52,-1.1,-0.07,0.81
2018-03-29,600821,6.26,6.27,6.37,6.18,30941,20863735.0,3.03,-0.16,-0.01,0.74
2018-03-30,600821,6.23,6.25,6.29,6.14,27335,18278042.0,2.39,-0.32,-0.02,0.66
2018-04-02,600821,6.21,6.29,6.45,6.13,35202,23826281.0,5.12,0.64,0.04,0.85
2018-04-03,600821,6.11,6.21,6.26,6.11,27475,18231844.0,2.38,-1.27,-0.08,0.66
2018-04-04,600821,6.24,6.24,6.28,6.18,18623,12452540.0,1.61,0.48,0.03,0.45
2018-04-09,600821,6.16,6.17,6.24,6.14,16028,10651335.0,1.6,-1.12,-0.07,0.39
2018-04-10,600821,6.16,6.1,6.23,6.1,26475,17528220.0,2.11,-1.13,-0.07,0.64
2018-04-11,600821,6.1,6.06,6.15,6.04,17224,11269173.0,1.8,-0.66,-0.04,0.41
2018-04-12,600821,6.03,6.03,6.04,5.91,27680,17811453.0,2.15,-0.5,-0.03,0.66
2018-04-13,600821,6.02,6.13,6.21,5.99,29191,19236167.0,3.65,1.66,0.1,0.7
2018-04-16,600821,6.05,5.98,6.15,5.94,12709,8228169.0,3.43,-2.45,-0.15,0.31
2018-04-17,600821,5.99,5.74,6.03,5.63,15912,10078393.0,6.69,-4.01,-0.24,0.38
2018-04-18,600821,5.73,5.78,5.87,5.66,18558,11542640.0,3.66,0.7,0.04,0.45
2018-04-19,600821,5.79,5.76,5.83,5.71,14150,8809087.0,2.08,-0.35,-0.02,0.34
2018-04-20,600821,5.75,5.57,5.75,5.5,21451,13036713.0,4.34,-3.3,-0.19,0.52
2018-04-23,600821,5.57,5.48,5.58,5.45,11074,6620661.0,2.33,-1.62,-0.09,0.27
2018-04-24,600821,5.5,5.63,5.7,5.48,12296,7470396.0,4.01,2.74,0.15,0.3
2018-04-25,600821,5.64,5.59,5.67,5.53,7634,4623310.0,2.49,-0.71,-0.04,0.18
2018-04-26,600821,5.56,5.53,5.7,5.53,14887,9043727.0,3.04,-1.07,-0.06,0.36
2018-04-27,600821,5.54,5.81,6.13,5.53,48113,30627328.0,10.85,5.06,0.28,1.16
2018-05-02,600821,5.68,5.86,5.88,5.62,24155,15098821.0,4.48,0.86,0.05,0.58
2018-05-03,600821,5.83,5.84,5.87,5.67,24521,15316395.0,3.41,-0.34,-0.02,0.59
2018-05-04,600821,5.83,5.98,6.07,5.81,25319,16346081.0,4.45,2.4,0.14,0.61
2018-05-07,600821,5.92,6.02,6.09,5.92,16019,10343487.0,2.84,0.67,0.04,0.38
2018-05-08,600821,6.02,5.96,6.04,5.91,12208,7847190.0,2.16,-1.0,-0.06,0.29
2018-05-09,600821,5.88,5.84,5.91,5.8,18359,11577095.0,1.85,-2.01,-0.12,0.44
2018-05-10,600821,5.81,5.86,5.92,5.8,14835,9372393.0,2.05,0.34,0.02,0.36
2018-05-11,600821,5.89,5.77,5.91,5.77,9805,6164572.0,2.39,-1.54,-0.09,0.24
2018-05-14,600821,5.74,5.66,5.76,5.64,9156,5640719.0,2.08,-1.91,-0.11,0.22
2018-05-15,600821,5.65,5.69,5.72,5.63,8849,5440358.0,1.59,0.53,0.03,0.21
2018-05-16,600821,5.67,5.73,5.78,5.67,9830,6075606.0,1.93,0.7,0.04,0.24
2018-05-17,600821,5.69,5.93,6.26,5.68,34778,22392180.0,10.12,3.49,0.2,0.84
2018-05-18,600821,5.9,5.83,5.96,5.78,19126,12039136.0,3.04,-1.69,-0.1,0.46
2018-05-21,600821,5.88,5.86,5.88,5.79,10996,6934087.0,1.54,0.51,0.03,0.26
2018-05-22,600821,5.86,5.79,5.88,5.71,20360,12708625.0,2.9,-1.19,-0.07,0.49
2018-05-23,600821,5.78,5.96,6.07,5.77,43497,27895483.0,5.18,2.94,0.17,1.04
2018-05-24,600821,5.94,5.88,5.96,5.85,17583,11191441.0,1.85,-1.34,-0.08,0.42
2018-05-25,600821,5.87,5.91,6.0,5.76,22880,14493624.0,4.08,0.51,0.03,0.55
2018-05-28,600821,5.85,5.77,5.96,5.75,13194,8277527.0,3.55,-2.37,-0.14,0.32
2018-05-29,600821,5.77,5.69,5.8,5.68,12724,7884875.0,2.08,-1.39,-0.08,0.31
2018-05-30,600821,5.65,5.47,5.65,5.46,15172,9124989.0,3.34,-3.87,-0.22,0.36
2018-05-31,600821,5.48,5.54,5.57,5.48,11957,7178632.0,1.65,1.28,0.07,0.29
2018-06-01,600821,5.63,5.57,5.72,5.55,19063,11611916.0,3.07,0.54,0.03,0.46
2018-06-04,600821,5.57,5.69,5.88,5.56,20886,12995981.0,5.75,2.15,0.12,0.5
2018-06-05,600821,5.66,5.69,5.77,5.65,8959,5517347.0,2.11,0.0,0.0,0.22
2018-06-06,600821,5.68,5.68,5.73,5.64,5669,3482113.0,1.58,-0.18,-0.01,0.14
2018-06-07,600821,5.71,5.7,5.74,5.66,9543,5888030.0,1.41,0.35,0.02,0.23
2018-06-08,600821,5.67,5.55,5.7,5.54,10739,6511884.0,2.81,-2.63,-0.15,0.26
2018-06-11,600821,5.6,5.56,5.6,5.52,4324,2600495.0,1.44,0.18,0.01,0.1
2018-06-12,600821,5.51,5.52,5.56,5.44,11497,6843197.0,2.16,-0.72,-0.04,0.28
2018-06-13,600821,5.52,5.36,5.52,5.34,8581,5051235.0,3.26,-2.9,-0.16,0.21
2018-06-14,600821,5.35,5.36,5.65,5.32,10082,5950609.0,6.16,0.0,0.0,0.24
2018-06-15,600821,5.37,5.2,5.49,5.15,15974,9162064.0,6.34,-2.99,-0.16,0.38
2018-06-19,600821,5.23,4.63,5.31,4.63,79311,41559600.0,13.08,-10.96,-0.57,1.91
2018-06-20,600821,4.53,4.47,4.65,4.13,46837,22546516.0,11.23,-3.46,-0.16,1.13
2018-06-21,600821,4.41,4.34,4.5,4.32,22246,10810893.0,4.03,-2.91,-0.13,0.53
2018-06-22,600821,4.29,4.37,4.41,4.22,11909,5727720.0,4.38,0.69,0.03,0.29
2018-06-25,600821,4.42,4.39,4.47,4.38,12540,6135590.0,2.06,0.46,0.02,0.3
2018-06-26,600821,4.35,4.39,4.41,4.33,9419,4567887.0,1.82,0.0,0.0,0.23
2018-06-27,600821,4.44,4.38,4.44,4.34,10875,5280434.0,2.28,-0.23,-0.01,0.26
2018-06-28,600821,4.36,4.35,4.4,4.23,14071,6770631.0,3.88,-0.68,-0.03,0.34
2018-06-29,600821,4.35,4.42,4.44,4.32,14394,7010309.0,2.76,1.61,0.07,0.35
2018-07-02,600821,4.48,4.4,4.48,4.32,11859,5775327.0,3.62,-0.45,-0.02,0.28
2018-07-03,600821,4.38,4.39,4.45,4.32,8818,4277001.0,2.95,-0.23,-0.01,0.21
2018-07-04,600821,4.37,4.39,4.39,4.33,14515,6993817.0,1.37,0.0,0.0,0.35
2018-07-05,600821,4.34,4.32,4.4,4.26,11438,5476586.0,3.19,-1.59,-0.07,0.27
2018-07-06,600821,4.35,4.33,4.4,4.11,12774,6079614.0,6.71,0.23,0.01,0.31
2018-07-09,600821,4.27,4.3,4.35,4.27,14637,6998861.0,1.85,-0.69,-0.03,0.35
2018-07-10,600821,4.34,4.26,4.35,4.21,17028,8048379.0,3.26,-0.93,-0.04,0.41
2018-07-11,600821,4.21,3.95,4.21,3.83,52739,23337007.0,8.92,-7.28,-0.31,1.27
2018-07-12,600821,3.96,3.99,4.04,3.89,29684,13241140.0,3.8,1.01,0.04,0.71
2018-07-13,600821,4.01,3.92,4.01,3.89,25818,11388477.0,3.01,-1.75,-0.07,0.62
2018-07-16,600821,3.93,3.88,3.95,3.86,14355,6253661.0,2.3,-1.02,-0.04,0.34
2018-07-17,600821,3.89,3.87,3.93,3.85,14838,6450757.0,2.06,-0.26,-0.01,0.36
2018-07-18,600821,3.91,3.86,3.96,3.85,54340,23757065.0,2.84,-0.26,-0.01,1.31
2018-07-19,600821,3.87,3.56,3.9,3.52,68984,28643457.0,9.84,-7.77,-0.3,1.66
2018-07-20,600821,3.53,3.58,3.6,3.4,76047,30059484.0,5.62,0.56,0.02,1.83
2018-07-23,600821,3.53,3.64,3.65,3.5,38887,15798935.0,4.19,1.68,0.06,0.93
2018-07-24,600821,3.66,3.72,3.74,3.64,40568,16923235.0,2.75,2.2,0.08,0.97
2018-07-25,600821,3.72,3.79,3.85,3.72,41045,17491023.0,3.49,1.88,0.07,0.99
2018-07-26,600821,3.8,4.22,4.22,3.8,68018,31264309.0,11.08,11.35,0.43,1.63
2018-07-27,600821,4.69,4.69,4.69,4.69,21548,11118809.0,0.0,11.14,0.47,0.52
2018-07-30,600821,5.0,4.73,5.21,4.72,347669,191942705.0,10.45,0.85,0.04,8.35
2018-07-31,600821,4.33,4.6,4.98,4.25,243487,123640674.0,15.43,-2.75,-0.13,5.85
2018-08-01,600821,4.35,4.72,4.87,4.24,228690,113911621.0,13.7,2.61,0.12,5.49
2018-08-02,600821,4.43,4.45,4.78,4.38,164072,82121031.0,8.47,-5.72,-0.27,3.94
2018-08-03,600821,4.34,4.24,4.54,4.24,101413,49226568.0,6.74,-4.72,-0.21,2.44
2018-08-06,600821,4.23,3.99,4.23,3.86,75837,34141558.0,8.73,-5.9,-0.25,1.82
2018-08-07,600821,4.06,4.05,4.1,3.89,54344,24478574.0,5.26,1.5,0.06,1.31
2018-08-08,600821,4.08,3.92,4.08,3.89,44690,19869867.0,4.69,-3.21,-0.13,1.07
2018-08-09,600821,3.88,3.97,4.05,3.88,45827,20470746.0,4.34,1.28,0.05,1.1
2018-08-10,600821,3.96,4.06,4.18,3.93,49937,22653054.0,6.3,2.27,0.09,1.2
2018-08-13,600821,3.97,4.02,4.03,3.85,50780,22379587.0,4.43,-0.99,-0.04,1.22
2018-08-14,600821,3.96,4.03,4.06,3.95,34798,15544240.0,2.74,0.25,0.01,0.84
2018-08-15,600821,4.1,4.48,4.48,4.08,102058,50027818.0,9.93,11.17,0.45,2.45
2018-08-16,600821,4.54,4.98,4.98,4.45,252865,131576280.0,11.83,11.16,0.5,6.07
2018-08-17,600821,5.13,4.94,5.52,4.65,308382,168735275.0,17.47,-0.8,-0.04,7.41
2018-08-20,600821,4.79,4.49,4.83,4.4,188187,94848994.0,8.7,-9.11,-0.45,4.52
2018-08-21,600821,4.51,4.52,4.68,4.39,132005,66620505.0,6.46,0.67,0.03,3.17
2018-08-22,600821,4.44,4.27,4.58,4.25,104829,50433680.0,7.3,-5.53,-0.25,2.52
2018-08-23,600821,4.26,4.29,4.32,4.21,58242,27611430.0,2.58,0.47,0.02,1.4
2018-08-24,600821,4.27,4.19,4.29,4.15,50854,23845108.0,3.26,-2.33,-0.1,1.22
2018-08-27,600821,4.17,4.66,4.66,4.17,102879,50705427.0,11.69,11.22,0.47,2.47
2018-08-28,600821,4.86,4.74,5.08,4.68,215683,115407590.0,8.58,1.72,0.08,5.18
2018-08-29,600821,4.76,4.71,4.91,4.68,95336,50349125.0,4.85,-0.63,-0.03,2.29
2018-08-30,600821,4.83,4.93,5.09,4.78,160605,86891156.0,6.58,4.67,0.22,3.86
2018-08-31,600821,4.87,4.69,4.88,4.39,113279,58155687.0,9.94,-4.87,-0.24,2.72
2018-09-03,600821,4.56,4.63,4.68,4.49,67327,33980591.0,4.05,-1.28,-0.06,1.62
2018-09-04,600821,4.71,4.72,4.77,4.58,69348,35618784.0,4.1,1.94,0.09,1.67
2018-09-05,600821,4.7,4.53,4.7,4.53,53918,27320127.0,3.6,-4.03,-0.19,1.3
2018-09-06,600821,4.53,4.46,4.59,4.43,50128,24867380.0,3.53,-1.55,-0.07,1.2
2018-09-07,600821,4.48,4.6,4.67,4.46,59336,29900081.0,4.71,3.14,0.14,1.43
2018-09-10,600821,4.59,4.46,4.59,4.45,35200,17547668.0,3.04,-3.04,-0.14,0.85
2018-09-11,600821,4.46,4.43,4.51,4.31,35576,17300153.0,4.48,-0.67,-0.03,0.85
2018-09-12,600821,4.41,4.48,4.49,4.35,22910,11254961.0,3.16,1.13,0.05,0.55
2018-09-13,600821,4.52,4.5,4.58,4.39,32278,15917697.0,4.24,0.45,0.02,0.78
2018-09-14,600821,4.47,4.6,4.98,4.39,59738,30298730.0,13.11,2.22,0.1,1.44
2018-09-17,600821,4.56,4.65,4.78,4.46,60560,30961867.0,6.96,1.09,0.05,1.45
2018-09-18,600821,4.63,4.81,4.94,4.57,77274,40355589.0,7.96,3.44,0.16,1.86
2018-09-19,600821,4.77,4.88,4.98,4.69,104349,55667425.0,6.03,1.46,0.07,2.51
2018-09-20,600821,4.89,4.84,5.01,4.8,77946,41865816.0,4.3,-0.82,-0.04,1.87
2018-09-21,600821,4.87,4.82,4.91,4.74,47072,24844902.0,3.51,-0.41,-0.02,1.13
2018-09-25,600821,4.77,4.77,4.8,4.69,29615,15391513.0,2.28,-1.04,-0.05,0.71
2018-09-26,600821,4.77,4.69,4.79,4.66,31833,16573881.0,2.73,-1.68,-0.08,0.76
2018-09-27,600821,4.71,4.64,4.78,4.52,56705,28863644.0,5.54,-1.07,-0.05,1.36
2018-09-28,600821,4.6,4.62,4.66,4.58,23270,11852035.0,1.72,-0.43,-0.02,0.56
2018-10-08,600821,4.51,4.44,4.58,4.42,26216,13001036.0,3.46,-3.9,-0.18,0.63
2018-10-09,600821,4.44,4.49,4.58,4.44,19106,9514106.0,3.15,1.13,0.05,0.46
2018-10-10,600821,4.52,4.51,4.58,4.48,19432,9695684.0,2.23,0.45,0.02,0.47
2018-10-11,600821,4.26,4.01,4.37,4.01,52393,24242716.0,7.98,-11.09,-0.5,1.26
2018-10-12,600821,3.95,3.91,4.08,3.6,39029,16797442.0,11.97,-2.49,-0.1,0.94
2018-10-15,600821,4.03,3.86,4.03,3.86,19711,8729232.0,4.35,-1.28,-0.05,0.47
2018-10-16,600821,3.87,3.81,4.01,3.76,18623,8079162.0,6.48,-1.3,-0.05,0.45
2018-10-17,600821,3.9,3.72,3.91,3.6,28882,12142016.0,8.14,-2.36,-0.09,0.69
2018-10-18,600821,3.67,3.51,3.74,3.51,24946,10068943.0,6.18,-5.65,-0.21,0.6
2018-10-19,600821,3.46,3.53,3.58,3.31,28874,11467283.0,7.69,0.57,0.02,0.69
2018-10-22,600821,3.63,3.81,3.84,3.63,48205,20326048.0,5.95,7.93,0.28,1.16
2018-10-23,600821,3.78,3.71,3.83,3.65,30046,12662101.0,4.72,-2.62,-0.1,0.72
2018-10-24,600821,3.72,4.03,4.13,3.68,59739,26528043.0,12.13,8.63,0.32,1.44
2018-10-25,600821,3.85,3.95,4.01,3.77,41774,18279405.0,5.96,-1.99,-0.08,1.0
2018-10-26,600821,3.98,3.89,4.07,3.87,25756,11406991.0,5.06,-1.52,-0.06,0.62
2018-10-29,600821,3.92,3.73,3.92,3.72,24472,10331655.0,5.14,-4.11,-0.16,0.59
2018-10-30,600821,3.72,3.78,3.85,3.66,22949,9693189.0,5.09,1.34,0.05,0.55
2018-10-31,600821,3.9,3.92,4.08,3.78,32709,14380846.0,7.94,3.7,0.14,0.79
2018-11-01,600821,3.93,3.92,3.98,3.85,24358,10731586.0,3.32,0.0,0.0,0.59
2018-11-02,600821,3.96,4.06,4.1,3.93,43177,19444615.0,4.34,3.57,0.14,1.04
2018-11-05,600821,4.06,4.13,4.18,4.0,37501,17104125.0,4.43,1.72,0.07,0.9
2018-11-06,600821,4.09,4.05,4.11,3.99,29379,13268261.0,2.91,-1.94,-0.08,0.71
2018-11-07,600821,4.05,4.06,4.14,4.02,25713,11696585.0,2.96,0.25,0.01,0.62
2018-11-08,600821,4.09,4.12,4.26,4.06,41686,19268097.0,4.93,1.48,0.06,1.0
2018-11-09,600821,4.14,4.02,4.15,4.01,26197,11909147.0,3.4,-2.43,-0.1,0.63
2018-11-12,600821,4.02,4.22,4.23,4.01,44574,20689809.0,5.47,4.98,0.2,1.07
2018-11-13,600821,4.16,4.52,4.54,4.08,89759,43883668.0,10.9,7.11,0.3,2.16
2018-11-14,600821,4.48,4.4,4.56,4.35,59462,29135547.0,4.65,-2.65,-0.12,1.43
2018-11-15,600821,4.42,4.44,4.58,4.38,44211,21885178.0,4.55,0.91,0.04,1.06
2018-11-16,600821,4.49,4.47,4.53,4.38,28550,14079437.0,3.38,0.68,0.03,0.69
2018-11-19,600821,4.48,4.61,4.68,4.47,47322,23900178.0,4.7,3.13,0.14,1.14
2018-11-20,600821,4.53,4.33,4.57,4.31,59621,29082001.0,5.64,-6.07,-0.28,1.43
2018-11-21,600821,4.47,4.42,4.48,4.34,37013,18061322.0,3.23,2.08,0.09,0.89
2018-11-22,600821,4.4,4.46,4.48,4.35,32163,15747503.0,2.94,0.9,0.04,0.77
2018-11-23,600821,4.41,4.48,4.89,4.23,121754,61285074.0,14.8,0.45,0.02,2.92
2018-11-26,600821,4.39,4.33,4.4,4.13,77650,36540020.0,6.03,-3.35,-0.15,1.87
2018-11-27,600821,4.28,4.32,4.54,4.2,54806,26378553.0,7.85,-0.23,-0.01,1.32
2018-11-28,600821,4.28,4.22,4.29,4.13,40506,18923294.0,3.7,-2.31,-0.1,0.97
2018-11-29,600821,4.24,4.03,4.34,4.03,43638,20461192.0,7.35,-4.5,-0.19,1.05
2018-11-30,600821,4.04,4.03,4.08,3.95,27368,12281280.0,3.23,0.0,0.0,0.66
2018-12-03,600821,4.11,4.1,4.25,4.1,48705,22579368.0,3.72,1.74,0.07,1.17
2018-12-04,600821,4.13,4.12,4.17,4.07,40408,18502382.0,2.44,0.49,0.02,0.97
2018-12-05,600821,4.03,4.01,4.11,4.0,45551,20546833.0,2.67,-2.67,-0.11,1.09
2018-12-06,600821,4.0,3.9,4.04,3.9,38935,17240144.0,3.49,-2.74,-0.11,0.94
2018-12-07,600821,3.88,3.86,3.94,3.83,33881,14696081.0,2.82,-1.03,-0.04,0.81
2018-12-10,600821,3.84,3.7,3.84,3.68,42075,17657600.0,4.15,-4.15,-0.16,1.01
2018-12-11,600821,3.76,3.7,3.81,3.65,51631,21628169.0,4.32,0.0,0.0,1.24
2018-12-12,600821,3.65,3.87,3.93,3.65,66686,28561445.0,7.57,4.59,0.17,1.6
2018-12-13,600821,3.83,3.88,3.91,3.77,43059,18563517.0,3.62,0.26,0.01,1.03
2018-12-14,600821,3.84,3.72,3.87,3.72,30236,12867867.0,3.87,-4.12,-0.16,0.73
2018-12-17,600821,3.72,3.77,3.79,3.67,19517,8216409.0,3.23,1.34,0.05,0.47
2018-12-18,600821,3.76,3.77,3.8,3.68,24324,10244737.0,3.18,0.0,0.0,0.58
2018-12-19,600821,3.74,3.71,3.77,3.68,18989,7950698.0,2.39,-1.59,-0.06,0.46
2018-12-20,600821,3.71,3.79,3.81,3.68,33852,14320743.0,3.5,2.16,0.08,0.81
2018-12-21,600821,3.76,3.84,3.97,3.76,42887,18529806.0,5.54,1.32,0.05,1.03
2018-12-24,600821,3.8,3.75,3.82,3.65,28307,11855822.0,4.43,-2.34,-0.09,0.68
2018-12-25,600821,3.69,3.64,3.71,3.55,27776,11369487.0,4.27,-2.93,-0.11,0.67
2018-12-26,600821,3.65,3.61,3.68,3.59,22288,9153363.0,2.47,-0.82,-0.03,0.54
2018-12-27,600821,3.67,3.52,3.71,3.52,38336,15647827.0,5.26,-2.49,-0.09,0.92
2018-12-28,600821,3.51,3.52,3.58,3.51,18774,7523665.0,1.99,0.0,0.0,0.45
2019-01-02,600821,3.52,3.54,3.6,3.52,17501,7055758.0,2.27,0.57,0.02,0.42
2019-01-03,600821,3.54,3.54,3.6,3.51,16589,6668683.0,2.54,0.0,0.0,0.4
2019-01-04,600821,3.52,3.63,3.63,3.5,24816,10083189.0,3.67,2.54,0.09,0.6
2019-01-07,600821,3.7,3.73,3.73,3.63,27605,11489857.0,2.75,2.75,0.1,0.66
2019-01-08,600821,3.73,3.7,3.79,3.68,22314,9340630.0,2.95,-0.8,-0.03,0.54
2019-01-09,600821,3.68,3.77,3.88,3.68,63215,26783697.0,5.41,1.89,0.07,1.52
2019-01-10,600821,3.74,3.69,3.78,3.68,40535,17004826.0,2.65,-2.12,-0.08,0.97
2019-01-11,600821,3.69,3.73,3.73,3.67,21201,8836569.0,1.63,1.08,0.04,0.51
2019-01-14,600821,3.7,3.64,3.74,3.63,39541,16390746.0,2.95,-2.41,-0.09,0.95
2019-01-15,600821,3.65,3.7,3.7,3.63,23041,9534499.0,1.92,1.65,0.06,0.55
2019-01-16,600821,3.71,4.12,4.12,3.68,143095,63214755.0,11.89,11.35,0.42,3.44
2019-01-17,600821,4.13,3.95,4.17,3.93,165437,74592467.0,5.83,-4.13,-0.17,3.97
2019-01-18,600821,3.97,3.93,4.08,3.8,123026,53981280.0,7.09,-0.51,-0.02,2.96
2019-01-21,600821,3.9,3.86,3.9,3.81,81113,34997570.0,2.29,-1.78,-0.07,1.95
2019-01-22,600821,3.83,3.83,3.86,3.77,49056,20965340.0,2.33,-0.78,-0.03,1.18
2019-01-23,600821,3.83,3.86,3.86,3.79,44287,19061325.0,1.83,0.78,0.03,1.06
2019-01-24,600821,3.84,3.91,4.01,3.83,77228,34093904.0,4.66,1.3,0.05,1.86
2019-01-25,600821,3.86,3.93,4.12,3.86,84885,37848555.0,6.65,0.51,0.02,2.04
2019-01-28,600821,3.93,3.82,4.02,3.77,70370,30454099.0,6.36,-2.8,-0.11,1.69
2019-01-29,600821,3.76,3.77,3.91,3.61,61457,25922074.0,7.85,-1.31,-0.05,1.48
2019-01-30,600821,3.65,3.62,3.86,3.61,45900,19156321.0,6.63,-3.98,-0.15,1.1
2019-01-31,600821,3.33,3.28,3.48,3.21,77185,29471540.0,7.46,-9.39,-0.34,1.85
2019-02-01,600821,3.31,3.43,3.47,3.29,28327,10955375.0,5.49,4.57,0.15,0.68
2019-02-11,600821,3.45,3.48,3.5,3.43,26097,10275829.0,2.04,1.46,0.05,0.63
2019-02-12,600821,3.49,3.56,3.58,3.47,30192,12098916.0,3.16,2.3,0.08,0.73
2019-02-13,600821,3.56,3.6,3.62,3.5,30890,12512901.0,3.37,1.12,0.04,0.74
2019-02-14,600821,3.6,3.61,3.69,3.59,29112,11911768.0,2.78,0.28,0.01,0.7
2019-02-15,600821,3.59,3.67,3.73,3.56,54602,22515218.0,4.71,1.66,0.06,1.31
2019-02-18,600821,3.66,3.76,3.78,3.65,55768,23337920.0,3.54,2.45,0.09,1.34
2019-02-19,600821,3.77,3.75,3.79,3.69,44278,18661168.0,2.66,-0.27,-0.01,1.06
2019-02-20,600821,3.75,3.75,3.76,3.7,38089,16024411.0,1.6,0.0,0.0,0.92
2019-02-21,600821,3.73,3.73,3.8,3.71,54865,23196106.0,2.4,-0.53,-0.02,1.32
2019-02-22,600821,3.72,3.8,3.8,3.7,48485,20487926.0,2.68,1.88,0.07,1.16
2019-02-25,600821,3.83,3.95,3.96,3.78,92805,40556171.0,4.74,3.95,0.15,2.23
2019-02-26,600821,3.99,3.95,4.04,3.88,107563,47576696.0,4.05,0.0,0.0,2.58
2019-02-27,600821,3.93,4.0,4.07,3.91,95988,42931799.0,4.05,1.27,0.05,2.31
2019-02-28,600821,3.99,4.0,4.04,3.94,59067,26322955.0,2.5,0.0,0.0,1.42
2019-03-01,600821,3.99,4.04,4.05,3.94,64909,28915487.0,2.75,1.0,0.04,1.56
2019-03-04,600821,4.03,4.07,4.16,4.01,90680,41430204.0,3.71,0.74,0.03,2.18
2019-03-05,600821,4.06,4.28,4.41,4.03,134146,63049916.0,9.34,5.16,0.21,3.22
2019-03-06,600821,4.26,4.42,4.64,4.23,131062,64064647.0,9.58,3.27,0.14,3.15
2019-03-07,600821,4.36,4.6,4.71,4.35,135629,67991953.0,8.14,4.07,0.18,3.26
2019-03-08,600821,4.51,4.45,4.85,4.39,150017,76696072.0,10.0,-3.26,-0.15,3.6
2019-03-11,600821,4.5,4.58,4.6,4.36,79376,39545424.0,5.39,2.92,0.13,1.91
2019-03-12,600821,4.6,4.66,4.71,4.52,98135,49976323.0,4.15,1.75,0.08,2.36
2019-03-13,600821,4.62,4.6,4.83,4.53,104037,53867451.0,6.44,-1.29,-0.06,2.5
2019-03-14,600821,4.52,4.47,4.67,4.43,87161,43535672.0,5.22,-2.83,-0.13,2.09
2019-03-15,600821,4.62,4.7,4.93,4.54,232556,120888966.0,8.72,5.15,0.23,5.59
2019-03-18,600821,4.61,4.58,4.65,4.34,111928,55848224.0,6.6,-2.55,-0.12,2.69
2019-03-19,600821,4.51,4.54,4.61,4.5,63020,31623204.0,2.4,-0.87,-0.04,1.51
2019-03-20,600821,4.53,4.5,4.53,4.38,56699,28055149.0,3.3,-0.88,-0.04,1.36
2019-03-21,600821,4.5,4.67,4.91,4.47,264990,137823885.0,9.78,3.78,0.17,6.37
2019-03-22,600821,4.9,4.63,5.07,4.6,313028,163295274.0,10.06,-0.86,-0.04,7.52
2019-03-25,600821,4.51,4.33,4.53,4.31,232044,113746164.0,4.75,-6.48,-0.3,5.57
2019-03-26,600821,4.4,4.23,4.4,4.21,79147,37699045.0,4.39,-2.31,-0.1,1.9
2019-03-27,600821,4.24,4.25,4.28,4.16,58890,27595669.0,2.84,0.47,0.02,1.41
2019-03-28,600821,4.24,4.17,4.27,4.16,51243,23988706.0,2.59,-1.88,-0.08,1.23
2019-03-29,600821,4.18,4.28,4.29,4.11,69469,32645307.0,4.32,2.64,0.11,1.67
2019-04-01,600821,4.29,4.41,4.62,4.29,257003,126760643.0,7.71,3.04,0.13,6.17
2019-04-02,600821,4.42,4.38,4.5,4.33,182324,89035409.0,3.85,-0.68,-0.03,4.38
2019-04-03,600821,4.34,4.46,4.49,4.34,107122,52363020.0,3.42,1.83,0.08,2.57
2019-04-04,600821,4.46,4.45,4.5,4.39,71475,35083708.0,2.47,-0.22,-0.01,1.72
2019-04-08,600821,4.44,4.4,4.5,4.36,78080,38240898.0,3.15,-1.12,-0.05,1.88
2019-04-09,600821,4.4,4.5,4.5,4.39,101782,50248651.0,2.5,2.27,0.1,2.45
2019-04-10,600821,4.5,4.62,4.63,4.42,132177,66468520.0,4.67,2.67,0.12,3.18
2019-04-11,600821,4.59,4.47,4.62,4.44,97102,48505131.0,3.9,-3.25,-0.15,2.33
2019-04-12,600821,4.44,4.54,4.55,4.41,67213,33397780.0,3.13,1.57,0.07,1.61
2019-04-15,600821,4.55,4.65,4.83,4.51,169852,87289743.0,7.05,2.42,0.11,4.08
2019-04-16,600821,4.53,4.65,4.65,4.43,137994,69094279.0,4.73,0.0,0.0,3.32
2019-04-17,600821,4.65,4.6,4.65,4.58,121415,61711749.0,1.51,-1.08,-0.05,2.92
2019-04-18,600821,4.59,4.57,4.67,4.53,87279,44237250.0,3.04,-0.65,-0.03,2.1
2019-04-19,600821,4.57,4.56,4.59,4.46,67853,33888931.0,2.84,-0.22,-0.01,1.63
2019-04-22,600821,4.54,4.59,4.6,4.5,74861,37667670.0,2.19,0.66,0.03,1.8
2019-04-23,600821,4.58,4.39,4.59,4.38,95300,47142898.0,4.58,-4.36,-0.2,2.29
2019-04-24,600821,4.4,4.42,4.44,4.28,56018,27188292.0,3.64,0.68,0.03,1.35
2019-04-25,600821,4.4,4.24,4.47,4.2,64104,30834889.0,6.11,-4.07,-0.18,1.54
2019-04-26,600821,4.24,4.05,4.24,4.04,91126,41690062.0,4.72,-4.48,-0.19,2.19
2019-04-29,600821,4.02,3.79,4.06,3.71,64742,28196593.0,8.64,-6.42,-0.26,1.56
2019-04-30,600821,3.82,3.87,3.93,3.81,30117,13109041.0,3.17,2.11,0.08,0.72
2019-05-06,600821,3.71,3.53,3.78,3.49,60750,24869887.0,7.49,-8.79,-0.34,1.46
2019-05-07,600821,3.56,3.69,3.7,3.54,33613,13794515.0,4.53,4.53,0.16,0.81
2019-05-08,600821,3.62,3.74,3.86,3.59,37116,15685956.0,7.32,1.36,0.05,0.89
2019-05-09,600821,3.71,3.76,3.8,3.69,23523,9938064.0,2.94,0.53,0.02,0.57
2019-05-10,600821,3.75,3.85,3.88,3.68,41941,17896111.0,5.32,2.39,0.09,1.01
2019-05-13,600821,3.85,3.78,3.87,3.74,30497,13047467.0,3.38,-1.82,-0.07,0.73
2019-05-14,600821,3.74,3.71,3.79,3.69,30045,12627686.0,2.65,-1.85,-0.07,0.72
2019-05-15,600821,3.72,3.79,3.8,3.72,22553,9570492.0,2.16,2.16,0.08,0.54
2019-05-16,600821,3.79,3.87,3.87,3.78,30832,13271844.0,2.37,2.11,0.08,0.74
2019-05-17,600821,3.83,3.63,3.87,3.56,44952,18827707.0,8.01,-6.2,-0.24,1.08
2019-05-20,600821,3.58,3.61,3.63,3.53,24657,9975821.0,2.75,-0.55,-0.02,0.59
2019-05-21,600821,3.56,3.67,3.71,3.54,24343,10072230.0,4.71,1.66,0.06,0.58
2019-05-22,600821,3.68,3.64,3.71,3.53,32133,13182687.0,4.9,-0.82,-0.03,0.77
2019-05-23,600821,3.64,3.65,3.78,3.57,35394,14638926.0,5.77,0.27,0.01,0.85
2019-05-24,600821,3.58,3.58,3.66,3.54,29558,12022499.0,3.29,-1.92,-0.07,0.71
2019-05-27,600821,3.55,3.83,3.89,3.55,68868,28868599.0,9.5,6.98,0.25,1.65
2019-05-28,600821,3.78,3.73,3.82,3.71,52202,22074875.0,2.87,-2.61,-0.1,1.25
2019-05-29,600821,3.72,3.74,3.78,3.72,27105,11416994.0,1.61,0.27,0.01,0.65
2019-05-30,600821,3.74,3.66,3.76,3.58,32835,13543439.0,4.81,-2.14,-0.08,0.79
2019-05-31,600821,3.66,3.67,3.75,3.66,23617,9856509.0,2.46,0.27,0.01,0.57
2019-06-03,600821,3.67,3.61,3.72,3.6,19587,8043095.0,3.27,-1.63,-0.06,0.47
2019-06-04,600821,3.6,3.6,3.68,3.58,19417,7956130.0,2.77,-0.28,-0.01,0.47
2019-06-05,600821,3.64,3.61,3.68,3.6,18991,7785619.0,2.22,0.28,0.01,0.46
2019-06-06,600821,3.59,3.56,3.61,3.51,23611,9513786.0,2.77,-1.39,-0.05,0.57
2019-06-10,600821,3.56,3.57,3.6,3.54,12671,5127393.0,1.69,0.28,0.01,0.3
2019-06-11,600821,3.58,3.69,3.7,3.58,36094,14842614.0,3.36,3.36,0.12,0.87
2019-06-12,600821,3.68,3.64,3.71,3.62,24331,10037011.0,2.44,-1.36,-0.05,0.58
2019-06-13,600821,3.61,3.66,3.67,3.61,20620,8483137.0,1.65,0.55,0.02,0.5
2019-06-14,600821,3.67,3.57,3.68,3.54,31603,12834279.0,3.83,-2.46,-0.09,0.76
2019-06-17,600821,3.54,3.58,3.6,3.52,13915,5616777.0,2.24,0.28,0.01,0.33
2019-06-18,600821,3.58,3.58,3.6,3.56,11662,4719625.0,1.12,0.0,0.0,0.28
2019-06-19,600821,3.64,3.6,3.67,3.59,22539,9222068.0,2.23,0.56,0.02,0.54
2019-06-20,600821,3.6,3.67,3.69,3.57,36012,14781063.0,3.33,1.94,0.07,0.87
2019-06-21,600821,3.75,3.74,3.83,3.71,47614,20165811.0,3.27,1.91,0.07,1.14
2019-06-24,600821,3.74,3.79,3.83,3.68,44367,18768439.0,4.01,1.34,0.05,1.07
2019-06-25,600821,3.78,3.71,3.78,3.67,32500,13585969.0,2.9,-2.11,-0.08,0.78
2019-06-26,600821,3.71,3.73,3.75,3.69,21371,8956235.0,1.62,0.54,0.02,0.51
2019-06-27,600821,3.73,3.72,3.76,3.71,25683,10781786.0,1.34,-0.27,-0.01,0.62
2019-06-28,600821,3.74,3.66,3.78,3.66,31614,13193989.0,3.23,-1.61,-0.06,0.76
2019-07-01,600821,3.71,3.76,3.8,3.7,38671,16319236.0,2.73,2.73,0.1,0.93
2019-07-02,600821,3.76,3.74,3.78,3.73,23431,9883871.0,1.33,-0.53,-0.02,0.56
2019-07-03,600821,3.74,3.73,3.77,3.69,25713,10791938.0,2.14,-0.27,-0.01,0.62
2019-07-04,600821,3.73,3.72,3.76,3.7,16061,6740811.0,1.61,-0.27,-0.01,0.39
2019-07-05,600821,3.75,3.73,3.75,3.69,19609,8228344.0,1.61,0.27,0.01,0.47
2019-07-08,600821,3.71,3.59,3.73,3.55,36811,14999939.0,4.83,-3.75,-0.14,0.88
2019-07-09,600821,3.58,3.57,3.6,3.52,24307,9771279.0,2.23,-0.56,-0.02,0.58
2019-07-10,600821,3.58,3.52,3.59,3.49,25159,10054594.0,2.8,-1.4,-0.05,0.6
2019-07-11,600821,3.53,3.52,3.58,3.49,18643,7459229.0,2.56,0.0,0.0,0.45
2019-07-12,600821,3.52,3.57,3.57,3.5,18022,7238813.0,1.99,1.42,0.05,0.43
2019-07-15,600821,3.55,3.58,3.59,3.5,17934,7232962.0,2.52,0.28,0.01,0.43
2019-07-16,600821,3.58,3.57,3.61,3.56,15776,6393630.0,1.4,-0.28,-0.01,0.38
2019-07-17,600821,3.58,3.58,3.62,3.57,19750,8027651.0,1.4,0.28,0.01,0.47
2019-07-18,600821,3.58,3.54,3.59,3.53,13610,5465272.0,1.68,-1.12,-0.04,0.33
2019-07-19,600821,3.54,3.57,3.59,3.53,12283,4959711.0,1.69,0.85,0.03,0.3
2019-07-22,600821,3.58,3.52,3.58,3.49,27320,10889651.0,2.52,-1.4,-0.05,0.66
2019-07-23,600821,3.52,3.5,3.53,3.48,27186,10808142.0,1.42,-0.57,-0.02,0.65
2019-07-24,600821,3.49,3.53,3.56,3.49,20269,8114616.0,2.0,0.86,0.03,0.49
2019-07-25,600821,3.54,3.53,3.55,3.51,9896,3952366.0,1.13,0.0,0.0,0.24
2019-07-26,600821,3.53,3.52,3.54,3.51,7000,2793470.0,0.85,-0.28,-0.01,0.17
2019-07-29,600821,3.51,3.51,3.53,3.49,9664,3842469.0,1.14,-0.28,-0.01,0.23
2019-07-30,600821,3.5,3.53,3.55,3.5,12854,5142938.0,1.42,0.57,0.02,0.31
2019-07-31,600821,3.53,3.52,3.55,3.5,11342,4516261.0,1.42,-0.28,-0.01,0.27
2019-08-01,600821,3.52,3.5,3.52,3.48,15081,5978204.0,1.14,-0.57,-0.02,0.36
2019-08-02,600821,3.47,3.42,3.47,3.37,17984,6972338.0,2.86,-2.29,-0.08,0.43
2019-08-05,600821,3.39,3.39,3.44,3.39,9190,3570548.0,1.46,-0.88,-0.03,0.22
2019-08-06,600821,3.36,3.26,3.36,3.15,27763,10360810.0,6.19,-3.83,-0.13,0.67
2019-08-07,600821,3.27,3.29,3.31,3.26,12095,4543611.0,1.53,0.92,0.03,0.29
2019-08-08,600821,3.3,3.31,3.33,3.28,9740,3686239.0,1.52,0.61,0.02,0.23
2019-08-09,600821,3.31,3.27,3.33,3.23,11190,4198670.0,3.02,-1.21,-0.04,0.27
2019-08-12,600821,3.27,3.36,3.4,3.27,25748,9815101.0,3.98,2.75,0.09,0.62
2019-08-13,600821,3.35,3.53,3.59,3.32,62260,24869558.0,8.04,5.06,0.17,1.5
2019-08-14,600821,3.54,3.59,3.6,3.53,35769,14447984.0,1.98,1.7,0.06,0.86
2019-08-15,600821,3.57,3.63,3.64,3.49,31107,12570897.0,4.18,1.11,0.04,0.75
2019-08-16,600821,3.64,3.69,3.77,3.63,36625,15284183.0,3.86,1.65,0.06,0.88
2019-09-02,600821,4.11,4.11,4.11,4.11,13088,5994304.0,0.0,11.38,0.42,0.31
2019-09-03,600821,4.57,4.57,4.57,4.57,7660,3860786.0,0.0,11.19,0.46,0.18
2019-09-04,600821,5.07,5.07,5.07,5.07,22307,12358084.0,0.0,10.94,0.5,0.54
2019-09-05,600821,5.62,5.49,5.62,5.22,789869,465039888.0,7.89,8.28,0.42,18.97
2019-09-06,600821,5.33,5.27,5.75,5.06,486969,284651280.0,12.57,-4.01,-0.22,11.7
2019-09-09,600821,5.23,5.46,5.6,5.08,459539,270293008.0,9.87,3.61,0.19,11.04
2019-09-10,600821,5.44,5.54,5.91,5.29,495061,299290464.0,11.36,1.47,0.08,11.89
2019-09-11,600821,5.75,5.22,5.88,5.18,432061,260249760.0,12.64,-5.78,-0.32,10.38
2019-09-12,600821,5.35,5.41,5.51,5.13,292704,170498760.0,7.28,3.64,0.19,7.03
2019-09-16,600821,5.35,5.14,5.41,5.11,272920,154999350.0,5.55,-4.99,-0.27,6.56
2019-09-17,600821,5.08,4.73,5.21,4.62,288465,153377267.0,11.48,-7.98,-0.41,6.93
2019-09-18,600821,4.73,4.69,4.77,4.63,154155,79525257.0,2.96,-0.85,-0.04,3.7
2019-09-19,600821,4.7,4.76,4.8,4.65,114840,59860281.0,3.2,1.49,0.07,2.76
2019-09-20,600821,4.77,4.86,4.91,4.68,141823,74492968.0,4.83,2.1,0.1,3.41
2019-09-23,600821,4.75,4.61,4.78,4.54,137975,70123933.0,4.94,-5.14,-0.25,3.31
2019-09-24,600821,4.62,4.75,4.98,4.58,138740,72800343.0,8.68,3.04,0.14,3.33
2019-09-25,600821,4.66,4.6,4.73,4.57,90221,45854060.0,3.37,-3.16,-0.15,2.17
2019-09-26,600821,4.59,4.39,4.67,4.39,85442,42644496.0,6.09,-4.57,-0.21,2.05
2019-09-27,600821,4.4,4.47,4.54,4.39,59512,29467009.0,3.42,1.82,0.08,1.43
2019-09-30,600821,4.33,4.48,4.51,4.28,77286,37705228.0,5.15,0.22,0.01,1.86
2019-10-08,600821,4.43,4.39,4.55,4.39,49545,24440542.0,3.57,-2.01,-0.09,1.19
2019-10-09,600821,4.41,4.49,4.51,4.29,52019,25412780.0,5.01,2.28,0.1,1.25
2019-10-10,600821,4.49,4.48,4.54,4.42,43031,21288059.0,2.67,-0.22,-0.01,1.03
2019-10-11,600821,4.47,4.67,4.67,4.45,79310,39954829.0,4.91,4.24,0.19,1.91
2019-10-14,600821,4.83,4.62,4.88,4.58,104780,53858665.0,6.42,-1.07,-0.05,2.52
2019-10-15,600821,4.58,4.47,4.64,4.36,88710,43524680.0,6.06,-3.25,-0.15,2.13
2019-10-16,600821,4.45,4.36,4.48,4.36,39865,19483351.0,2.68,-2.46,-0.11,0.96
2019-10-17,600821,4.41,4.37,4.43,4.35,30133,14624673.0,1.83,0.23,0.01,0.72
2019-10-18,600821,4.41,4.28,4.42,4.23,42319,20217716.0,4.35,-2.06,-0.09,1.02
2019-10-21,600821,4.32,4.26,4.33,4.22,27617,13067182.0,2.57,-0.47,-0.02,0.66
2019-10-22,600821,4.27,4.26,4.29,4.2,42601,20050455.0,2.11,0.0,0.0,1.02
2019-10-23,600821,4.24,4.22,4.27,4.21,34254,16087446.0,1.41,-0.94,-0.04,0.82
2019-10-24,600821,4.2,4.23,4.27,4.2,32337,15203411.0,1.66,0.24,0.01,0.78
2019-10-25,600821,4.22,4.18,4.23,4.14,44374,20602579.0,2.13,-1.18,-0.05,1.07
2019-10-28,600821,4.15,4.22,4.23,4.13,43888,20442476.0,2.39,0.96,0.04,1.05
2019-10-29,600821,4.22,4.04,4.22,4.03,53747,24580770.0,4.5,-4.27,-0.18,1.29
2019-10-30,600821,4.04,3.89,4.08,3.88,50011,22071390.0,4.95,-3.71,-0.15,1.2
2019-10-31,600821,3.92,3.85,3.97,3.85,36951,16150799.0,3.08,-1.03,-0.04,0.89
2019-11-01,600821,3.86,3.95,3.98,3.86,39805,17508938.0,3.12,2.6,0.1,0.96
2019-11-04,600821,3.97,3.9,4.01,3.9,33628,14890788.0,2.78,-1.27,-0.05,0.81
2019-11-05,600821,3.93,4.34,4.34,3.91,217934,104154907.0,11.03,11.28,0.44,5.24
2019-11-06,600821,4.29,4.1,4.29,4.07,159270,73973860.0,5.07,-5.53,-0.24,3.83
2019-11-07,600821,4.1,4.02,4.11,3.96,80412,36062447.0,3.66,-1.95,-0.08,1.93
2019-11-08,600821,4.07,3.97,4.07,3.91,67627,30011863.0,3.98,-1.24,-0.05,1.62
2019-11-11,600821,3.93,3.83,3.95,3.77,67745,29094453.0,4.53,-3.53,-0.14,1.63
2019-11-12,600821,3.89,3.81,3.91,3.73,53136,22713228.0,4.7,-0.52,-0.02,1.28
2019-11-13,600821,3.77,3.72,3.78,3.67,47477,19866172.0,2.89,-2.36,-0.09,1.14
2019-11-14,600821,3.71,3.71,3.74,3.65,37671,15715545.0,2.42,-0.27,-0.01,0.9
2019-11-15,600821,3.71,3.62,3.76,3.61,45591,18792168.0,4.04,-2.43,-0.09,1.1
2019-11-18,600821,3.6,3.63,3.68,3.59,27957,11512109.0,2.49,0.28,0.01,0.67
2019-11-19,600821,3.69,3.77,3.78,3.65,39737,16665249.0,3.58,3.86,0.14,0.95
2019-11-20,600821,3.74,3.68,3.75,3.66,37246,15560666.0,2.39,-2.39,-0.09,0.89
2019-11-21,600821,3.67,3.72,3.72,3.62,26795,11135388.0,2.72,1.09,0.04,0.64
2019-11-22,600821,3.7,3.68,3.82,3.63,49927,20921556.0,5.11,-1.08,-0.04,1.2
2019-11-25,600821,3.74,3.79,3.82,3.59,53772,22527530.0,6.25,2.99,0.11,1.29
2019-11-26,600821,3.78,3.72,3.81,3.7,33411,14037739.0,2.9,-1.85,-0.07,0.8
2019-11-27,600821,3.77,3.71,3.77,3.7,21636,9081258.0,1.88,-0.27,-0.01,0.52
2019-11-28,600821,3.71,3.73,3.78,3.66,27564,11557289.0,3.23,0.54,0.02,0.66
2019-11-29,600821,3.71,3.69,3.73,3.66,22371,9306030.0,1.88,-1.07,-0.04,0.54
2019-12-02,600821,3.7,3.69,3.73,3.68,16712,6970947.0,1.36,0.0,0.0,0.4
2019-12-03,600821,3.68,3.74,3.74,3.64,21660,9043582.0,2.71,1.36,0.05,0.52
2019-12-04,600821,3.74,3.78,3.79,3.71,28084,11842893.0,2.14,1.07,0.04,0.67
2019-12-05,600821,3.81,3.77,3.81,3.75,29175,12389921.0,1.59,-0.26,-0.01,0.7
2019-12-06,600821,3.78,4.19,4.19,3.76,143724,66340376.0,11.41,11.14,0.42,3.45
2019-12-09,600821,4.08,3.96,4.13,3.96,169331,76229147.0,4.06,-5.49,-0.23,4.07
2019-12-10,600821,3.94,3.99,4.06,3.92,82370,36639740.0,3.54,0.76,0.03,1.98
2019-12-11,600821,3.97,4.09,4.09,3.89,81740,36288504.0,5.01,2.51,0.1,1.96
2019-12-12,600821,4.07,4.53,4.55,3.99,222394,105839050.0,13.69,10.76,0.44,5.34
2019-12-13,600821,4.36,4.27,4.48,4.26,149206,71955134.0,4.86,-5.74,-0.26,3.58
2019-12-16,600821,4.31,4.38,4.39,4.2,82944,39698166.0,4.45,2.58,0.11,1.99
2019-12-17,600821,4.35,4.38,4.44,4.32,76059,36947603.0,2.74,0.0,0.0,1.83
2019-12-18,600821,4.37,4.25,4.37,4.24,86263,41055596.0,2.97,-2.97,-0.13,2.07
2019-12-19,600821,4.25,4.27,4.34,4.22,61689,29199391.0,2.82,0.47,0.02,1.48
2019-12-20,600821,4.28,4.14,4.28,4.13,59069,27574577.0,3.51,-3.04,-0.13,1.42
2019-12-23,600821,4.14,4.17,4.26,4.1,53352,24803393.0,3.86,0.72,0.03,1.28
2019-12-24,600821,4.14,4.21,4.23,4.14,29640,13843466.0,2.16,0.96,0.04,0.71
2019-12-25,600821,4.2,4.24,4.25,4.16,38413,17984813.0,2.14,0.71,0.03,0.92
2019-12-26,600821,4.22,4.23,4.27,4.19,28763,13500042.0,1.89,-0.24,-0.01,0.69
2019-12-27,600821,4.25,4.17,4.27,4.15,49902,23394715.0,2.84,-1.42,-0.06,1.2
2019-12-30,600821,4.12,4.09,4.14,4.02,48808,22214145.0,2.88,-1.92,-0.08,1.17
2019-12-31,600821,4.12,4.12,4.14,4.07,28407,13001323.0,1.71,0.73,0.03,0.68
2020-01-02,600821,4.15,4.26,4.35,4.15,68354,32407148.0,4.85,3.4,0.14,1.64
2020-01-03,600821,4.23,4.37,4.42,4.22,84050,40518188.0,4.69,2.58,0.11,2.02
2020-01-06,600821,4.3,4.31,4.35,4.24,66841,31950086.0,2.52,-1.37,-0.06,1.61
2020-01-07,600821,4.31,4.31,4.36,4.26,58089,27780130.0,2.32,0.0,0.0,1.4
2020-01-08,600821,4.32,4.26,4.38,4.26,56916,27251357.0,2.78,-1.16,-0.05,1.37
2020-01-09,600821,4.29,4.3,4.36,4.26,35808,17078491.0,2.35,0.94,0.04,0.86
2020-01-10,600821,4.32,4.29,4.33,4.25,32826,15612421.0,1.86,-0.23,-0.01,0.79
2020-01-13,600821,4.26,4.22,4.29,4.19,39090,18355976.0,2.33,-1.63,-0.07,0.94
2020-01-14,600821,4.22,4.19,4.24,4.19,29530,13806462.0,1.18,-0.71,-0.03,0.71
2020-01-15,600821,4.16,4.14,4.2,4.1,32214,14861315.0,2.39,-1.19,-0.05,0.77
2020-01-16,600821,4.15,4.09,4.17,4.09,23654,10853117.0,1.93,-1.21,-0.05,0.57
2020-01-17,600821,4.1,4.18,4.2,4.09,33935,15632365.0,2.69,2.2,0.09,0.82
2020-01-20,600821,4.17,4.23,4.24,4.09,33948,15649435.0,3.59,1.2,0.05,0.82
2020-01-21,600821,4.21,4.2,4.25,4.16,30557,14295203.0,2.13,-0.71,-0.03,0.73
2020-01-22,600821,4.22,4.11,4.22,4.02,26988,12391627.0,4.76,-2.14,-0.09,0.65
2020-01-23,600821,3.68,3.73,3.9,3.65,127421,53467664.0,6.08,-9.25,-0.38,3.06
2020-02-03,600821,3.31,3.31,3.35,3.31,44954,17001912.0,1.07,-11.26,-0.42,1.08
2020-02-04,600821,3.04,3.25,3.33,3.04,54021,19891654.0,8.76,-1.81,-0.06,1.3
2020-02-05,600821,3.25,3.35,3.43,3.25,50114,19239270.0,5.54,3.08,0.1,1.2
2020-02-06,600821,3.37,3.36,3.41,3.28,49417,18852918.0,3.88,0.3,0.01,1.19
2020-02-07,600821,3.35,3.6,3.63,3.31,67987,26707516.0,9.52,7.14,0.24,1.63
2020-02-10,600821,3.58,3.55,3.59,3.49,37942,15207274.0,2.78,-1.39,-0.05,0.91
2020-02-11,600821,3.56,3.49,3.57,3.44,26702,10610361.0,3.66,-1.69,-0.06,0.64
2020-02-12,600821,3.45,3.55,3.55,3.45,23527,9403656.0,2.87,1.72,0.06,0.57
2020-02-13,600821,3.54,3.46,3.55,3.45,26823,10627177.0,2.82,-2.54,-0.09,0.64
2020-02-14,600821,3.47,3.52,3.53,3.45,25970,10320161.0,2.31,1.73,0.06,0.62
2020-02-17,600821,3.54,3.61,3.62,3.54,35618,14445444.0,2.27,2.56,0.09,0.86
2020-02-18,600821,3.61,3.77,3.79,3.59,62202,26116852.0,5.54,4.43,0.16,1.49
2020-02-19,600821,3.77,3.68,3.83,3.68,34569,14514836.0,3.98,-2.39,-0.09,0.83
2020-02-20,600821,3.73,3.77,3.79,3.67,41821,17643841.0,3.26,2.45,0.09,1.0
2020-02-21,600821,3.76,3.77,3.81,3.74,31798,13454688.0,1.86,0.0,0.0,0.76
2020-02-24,600821,3.79,3.75,3.79,3.69,39004,16373761.0,2.65,-0.53,-0.02,0.94
2020-02-25,600821,3.68,3.66,3.69,3.44,67854,27731399.0,6.67,-2.4,-0.09,1.63
2020-02-26,600821,3.63,3.63,3.7,3.55,57477,23513271.0,4.1,-0.82,-0.03,1.38
2020-02-27,600821,3.63,3.77,3.99,3.62,72025,30570775.0,10.19,3.86,0.14,1.73
2020-02-28,600821,3.63,3.59,3.68,3.36,66873,27170034.0,8.49,-4.77,-0.18,1.61
2020-03-02,600821,3.8,3.71,3.88,3.62,77835,32896439.0,7.24,3.34,0.12,1.87
2020-03-03,600821,3.72,3.78,3.98,3.72,58542,25031439.0,7.01,1.89,0.07,1.41
2020-03-04,600821,3.73,3.77,3.78,3.67,45954,19314340.0,2.91,-0.26,-0.01,1.1
2020-03-05,600821,3.78,3.81,3.85,3.76,48601,20757141.0,2.39,1.06,0.04,1.17
2020-03-06,600821,3.78,3.87,3.91,3.75,52780,22739871.0,4.2,1.57,0.06,1.27
2020-03-09,600821,3.79,3.87,3.98,3.75,67825,29586241.0,5.94,0.0,0.0,1.63
2020-03-10,600821,3.82,4.05,4.19,3.72,90346,39384085.0,12.14,4.65,0.18,2.17
2020-03-11,600821,4.05,4.24,4.38,3.98,142900,66463370.0,9.88,4.69,0.19,3.43
2020-03-12,600821,4.14,4.14,4.24,4.12,82802,38326577.0,2.83,-2.36,-0.1,1.99
2020-03-13,600821,3.97,4.1,4.2,3.86,84861,38455936.0,8.21,-0.97,-0.04,2.04
2020-03-16,600821,4.11,3.91,4.19,3.86,68502,30884644.0,8.05,-4.63,-0.19,1.65
2020-03-17,600821,3.81,3.72,3.96,3.61,65299,27447793.0,8.95,-4.86,-0.19,1.57
2020-03-18,600821,3.73,3.55,3.78,3.54,62192,25838317.0,6.45,-4.57,-0.17,1.49
2020-03-19,600821,3.56,3.85,3.95,3.53,152128,65669935.0,11.83,8.45,0.3,3.65
2020-03-20,600821,3.77,3.73,3.81,3.68,87429,36762415.0,3.38,-3.12,-0.12,2.1
2020-03-23,600821,3.61,3.57,3.67,3.57,45250,18472940.0,2.68,-4.29,-0.16,1.09
2020-03-24,600821,3.64,3.59,3.66,3.51,48955,19885727.0,4.2,0.56,0.02,1.18
2020-03-25,600821,3.67,3.67,3.71,3.62,31849,13136579.0,2.51,2.23,0.08,0.77
2020-03-26,600821,3.65,3.62,3.68,3.62,27075,11140079.0,1.63,-1.36,-0.05,0.65
2020-03-27,600821,3.65,3.58,3.69,3.57,38143,15639011.0,3.31,-1.1,-0.04,0.92
2020-03-30,600821,3.53,3.47,3.54,3.43,39358,15517012.0,3.07,-3.07,-0.11,0.95
2020-03-31,600821,3.47,3.35,3.49,3.33,48842,18906009.0,4.61,-3.46,-0.12,1.17
2020-04-01,600821,3.37,3.24,3.41,3.24,43368,16398142.0,5.07,-3.28,-0.11,1.04
2020-04-02,600821,3.21,3.29,3.31,3.16,48460,18058331.0,4.63,1.54,0.05,1.16
2020-04-03,600821,3.27,3.31,3.32,3.24,19915,7468106.0,2.43,0.61,0.02,0.48
2020-04-07,600821,3.37,3.39,3.4,3.33,25593,9823854.0,2.11,2.42,0.08,0.61
2020-04-08,600821,3.37,3.4,3.44,3.36,17857,6904653.0,2.36,0.29,0.01,0.43
2020-04-09,600821,3.42,3.42,3.48,3.41,19466,7610122.0,2.06,0.59,0.02,0.47
2020-04-10,600821,3.54,3.64,3.81,3.46,109713,45141983.0,10.23,6.43,0.22,2.64
2020-04-13,600821,3.58,3.46,3.58,3.45,48980,19432630.0,3.57,-4.95,-0.18,1.18
2020-04-14,600821,3.44,3.47,3.51,3.43,30607,12067074.0,2.31,0.29,0.01,0.74
2020-04-15,600821,3.47,3.48,3.54,3.41,29568,11704786.0,3.75,0.29,0.01,0.71
2020-04-16,600821,3.47,3.47,3.5,3.43,20406,8052058.0,2.01,-0.29,-0.01,0.49
2020-04-17,600821,3.47,3.49,3.51,3.44,31345,12361843.0,2.02,0.58,0.02,0.75
2020-04-20,600821,3.48,3.36,3.48,3.35,45815,17685385.0,3.72,-3.72,-0.13,1.1
2020-04-21,600821,3.34,3.3,3.35,3.27,33690,12696815.0,2.38,-1.79,-0.06,0.81
2020-04-22,600821,3.31,3.5,3.57,3.27,53782,20952984.0,9.09,6.06,0.2,1.29
2020-04-23,600821,3.53,3.42,3.53,3.38,33430,13034178.0,4.29,-2.29,-0.08,0.8
2020-04-24,600821,3.39,3.25,3.41,3.23,52119,19576335.0,5.26,-4.97,-0.17,1.25
2020-04-27,600821,3.25,3.21,3.51,3.16,47027,17611421.0,10.77,-1.23,-0.04,1.13
2020-04-29,600821,3.03,3.03,3.14,3.03,83679,29466835.0,3.43,-5.61,-0.18,2.01
2020-04-30,600821,2.87,3.0,3.05,2.87,77807,26445005.0,5.94,-0.99,-0.03,1.87
2020-05-06,600821,2.98,3.07,3.09,2.98,20679,7279141.0,3.67,2.33,0.07,0.5
2020-05-07,600821,3.06,3.15,3.25,3.06,37786,13832838.0,6.19,2.61,0.08,0.91
2020-05-08,600821,3.15,3.19,3.28,3.14,19759,7216562.0,4.44,1.27,0.04,0.47
2020-05-11,600821,3.16,3.16,3.22,3.12,17301,6281331.0,3.13,-0.94,-0.03,0.42
2020-05-12,600821,3.18,3.16,3.19,3.09,10929,3954662.0,3.16,0.0,0.0,0.26
2020-05-13,600821,3.28,3.34,3.34,3.24,17395,6607899.0,3.16,5.7,0.18,0.42
2020-05-14,600821,3.53,3.53,3.53,3.53,7023,2809172.0,0.0,5.69,0.19,0.17
2020-05-15,600821,3.73,3.64,3.73,3.49,100198,41018735.0,6.8,3.12,0.11,2.41
2020-05-18,600821,3.67,3.69,3.8,3.62,51216,21373810.0,4.95,1.37,0.05,1.23
2020-05-19,600821,3.72,3.71,3.78,3.67,48914,20489523.0,2.98,0.54,0.02,1.18
2020-05-21,600821,3.77,3.5,3.78,3.5,81844,33187180.0,7.55,-5.66,-0.21,1.97
2020-05-22,600821,3.51,3.52,3.62,3.4,37139,14750229.0,6.29,0.57,0.02,0.89
2020-05-25,600821,3.55,3.5,3.55,3.45,23420,9283482.0,2.84,-0.57,-0.02,0.56
2020-05-26,600821,3.49,3.46,3.5,3.38,28970,11361745.0,3.43,-1.14,-0.04,0.7
2020-05-27,600821,3.45,3.37,3.47,3.37,25619,9942661.0,2.89,-2.6,-0.09,0.62
2020-05-28,600821,3.39,3.36,3.43,3.32,15762,6046698.0,3.26,-0.3,-0.01,0.38
2020-05-29,600821,3.35,3.41,3.42,3.33,15356,5919577.0,2.68,1.49,0.05,0.37
2020-06-01,600821,3.43,3.46,3.47,3.38,17314,6778660.0,2.64,1.47,0.05,0.42
2020-06-02,600821,3.46,3.54,3.56,3.45,22295,8881835.0,3.18,2.31,0.08,0.54
2020-06-03,600821,3.55,3.59,3.59,3.5,29202,11735689.0,2.54,1.41,0.05,0.7
2020-06-04,600821,3.63,3.62,3.63,3.56,26005,10565110.0,1.95,0.84,0.03,0.62
2020-06-05,600821,3.63,3.49,3.64,3.49,43771,17625173.0,4.14,-3.59,-0.13,1.05
2020-06-08,600821,3.49,3.44,3.51,3.42,21234,8321212.0,2.58,-1.43,-0.05,0.51
2020-06-09,600821,3.43,3.45,3.46,3.41,13258,5173336.0,1.45,0.29,0.01,0.32
2020-06-10,600821,3.46,3.49,3.49,3.42,11322,4449740.0,2.03,1.16,0.04,0.27
2020-06-11,600821,3.49,3.67,3.69,3.49,84916,35217672.0,5.73,5.16,0.18,2.04
2020-06-12,600821,3.59,3.62,3.68,3.55,42773,17427967.0,3.54,-1.36,-0.05,1.03
2020-06-15,600821,3.64,3.63,3.78,3.62,22986,9559336.0,4.42,0.28,0.01,0.55
2020-06-16,600821,3.69,3.64,3.7,3.61,19844,8169510.0,2.48,0.28,0.01,0.48
2020-06-17,600821,3.63,3.62,3.67,3.59,23342,9553745.0,2.2,-0.55,-0.02,0.56
2020-06-18,600821,3.6,3.57,3.62,3.57,17885,7263203.0,1.38,-1.38,-0.05,0.43
2020-06-19,600821,3.56,3.65,3.68,3.56,19277,7912631.0,3.36,2.24,0.08,0.46
2020-06-22,600821,3.65,3.61,3.67,3.61,22958,9431686.0,1.64,-1.1,-0.04,0.55
2020-06-23,600821,3.61,3.58,3.67,3.58,17852,7293827.0,2.49,-0.83,-0.03,0.43
2020-06-24,600821,3.55,3.59,3.61,3.55,15738,6368220.0,1.68,0.28,0.01,0.38
2020-06-29,600821,3.58,3.55,3.59,3.53,14842,5978973.0,1.67,-1.11,-0.04,0.36
2020-06-30,600821,3.57,3.58,3.59,3.55,8243,3335327.0,1.13,0.85,0.03,0.2
2020-07-01,600821,3.58,3.5,3.58,3.49,25537,10188501.0,2.51,-2.23,-0.08,0.61
2020-07-02,600821,3.51,3.53,3.54,3.5,14580,5818579.0,1.14,0.86,0.03,0.35
2020-07-03,600821,3.53,3.53,3.56,3.49,17655,7061447.0,1.98,0.0,0.0,0.42
2020-07-06,600821,3.53,3.58,3.6,3.51,41138,16546742.0,2.55,1.42,0.05,0.99
2020-07-07,600821,3.62,3.6,3.66,3.56,49799,20322814.0,2.79,0.56,0.02,1.2
2020-07-08,600821,3.59,3.63,3.63,3.57,41297,16807461.0,1.67,0.83,0.03,0.99
2020-07-09,600821,3.61,3.65,3.66,3.59,59285,24262249.0,1.93,0.55,0.02,1.42
2020-07-10,600821,3.64,3.79,3.86,3.63,88370,37346205.0,6.3,3.84,0.14,2.12
2020-07-13,600821,3.74,3.85,3.93,3.74,62618,27033322.0,5.01,1.58,0.06,1.5
2020-07-14,600821,3.9,3.8,3.9,3.75,46512,19895139.0,3.9,-1.3,-0.05,1.12
2020-07-15,600821,3.71,3.72,3.8,3.71,35552,14983829.0,2.37,-2.11,-0.08,0.85
2020-07-16,600821,3.73,3.57,3.73,3.57,34058,14070920.0,4.3,-4.03,-0.15,0.82
2020-07-17,600821,3.58,3.59,3.62,3.55,24006,9730174.0,1.96,0.56,0.02,0.58
2020-07-20,600821,3.62,3.64,3.64,3.59,22147,9048552.0,1.39,1.39,0.05,0.53
2020-07-21,600821,3.65,3.63,3.68,3.6,21400,8779885.0,2.2,-0.27,-0.01,0.51
2020-07-22,600821,3.6,3.76,3.84,3.6,58100,24491596.0,6.61,3.58,0.13,1.4
2020-07-23,600821,3.75,3.86,3.94,3.73,49751,21537787.0,5.59,2.66,0.1,1.2
2020-07-24,600821,3.86,3.84,4.05,3.83,64636,28628624.0,5.7,-0.52,-0.02,1.55
2020-07-27,600821,3.85,3.77,3.9,3.71,34974,14832007.0,4.95,-1.82,-0.07,0.84
2020-07-28,600821,3.8,3.82,3.82,3.75,15266,6507107.0,1.86,1.33,0.05,0.37
2020-07-29,600821,3.83,3.91,3.94,3.81,19151,8352009.0,3.4,2.36,0.09,0.46
2020-07-30,600821,3.89,3.98,4.03,3.89,26885,11960570.0,3.58,1.79,0.07,0.65
2020-07-31,600821,3.93,4.0,4.04,3.88,30676,13609970.0,4.02,0.5,0.02,0.74
2020-08-03,600821,4.13,4.22,4.22,4.09,54907,25626547.0,3.25,5.5,0.22,1.32
2020-08-04,600821,4.22,4.14,4.45,4.08,96458,45906610.0,8.77,-1.9,-0.08,2.32
2020-08-05,600821,4.13,4.35,4.37,4.13,71643,34352259.0,5.8,5.07,0.21,1.72
2020-08-06,600821,4.32,4.42,4.52,4.29,43410,21006392.0,5.29,1.61,0.07,1.04
2020-08-07,600821,4.43,4.48,4.5,4.33,49972,24319972.0,3.85,1.36,0.06,1.2
2020-08-10,600821,4.48,4.45,4.55,4.42,28336,13979012.0,2.9,-0.67,-0.03,0.68
2020-08-11,600821,4.44,4.27,4.49,4.27,41647,20292156.0,4.94,-4.04,-0.18,1.0
2020-08-12,600821,4.29,4.36,4.37,4.19,46993,22229107.0,4.22,2.11,0.09,1.13
2020-08-13,600821,4.51,4.38,4.56,4.35,50306,24713674.0,4.82,0.46,0.02,1.21
2020-08-14,600821,4.33,4.3,4.44,4.24,34801,16608833.0,4.57,-1.83,-0.08,0.84
2020-08-17,600821,4.31,4.36,4.41,4.27,28537,13761402.0,3.26,1.4,0.06,0.69
2020-08-18,600821,4.36,4.38,4.41,4.3,28911,13936352.0,2.52,0.46,0.02,0.69
2020-08-19,600821,4.35,4.37,4.41,4.33,25744,12484094.0,1.83,-0.23,-0.01,0.62
2020-08-20,600821,4.37,4.4,4.49,4.32,36181,17623999.0,3.89,0.69,0.03,0.87
2020-08-21,600821,4.41,4.47,4.47,4.39,34801,17039839.0,1.82,1.59,0.07,0.84
2020-08-24,600821,4.46,4.66,4.7,4.46,58090,29458352.0,5.37,4.25,0.19,1.4
2020-08-25,600821,4.66,4.65,4.79,4.59,64887,33449333.0,4.29,-0.21,-0.01,1.56
2020-08-26,600821,4.65,4.49,4.68,4.44,46657,23413597.0,5.16,-3.44,-0.16,1.12
2020-08-27,600821,4.49,4.52,4.55,4.46,22159,11041938.0,2.0,0.67,0.03,0.53
2020-08-28,600821,4.53,4.5,4.61,4.46,29368,14607907.0,3.32,-0.44,-0.02,0.71
2020-08-31,600821,4.47,4.37,4.48,4.36,38272,18683134.0,2.67,-2.89,-0.13,0.92
2020-09-01,600821,4.38,4.29,4.41,4.21,41786,19898821.0,4.58,-1.83,-0.08,1.0
2020-09-02,600821,4.38,4.39,4.41,4.29,37405,18036985.0,2.8,2.33,0.1,0.9
2020-09-03,600821,4.41,4.31,4.42,4.31,15763,7585166.0,2.51,-1.82,-0.08,0.38
2020-09-04,600821,4.29,4.25,4.29,4.19,17966,8474562.0,2.32,-1.39,-0.06,0.43
2020-09-07,600821,4.24,4.21,4.27,4.19,22374,10503682.0,1.88,-0.94,-0.04,0.54
2020-09-08,600821,4.21,4.29,4.35,4.2,24981,11884668.0,3.56,1.9,0.08,0.6
2020-09-09,600821,4.25,4.13,4.3,4.05,44935,20893147.0,5.83,-3.73,-0.16,1.08
2020-09-10,600821,4.11,4.12,4.16,4.11,16332,7516894.0,1.21,-0.24,-0.01,0.39
2020-09-11,600821,4.12,4.21,4.21,4.09,18049,8351566.0,2.91,2.18,0.09,0.43
2020-09-14,600821,4.22,4.25,4.29,4.21,18383,8680390.0,1.9,0.95,0.04,0.44
2020-09-15,600821,4.25,4.23,4.32,4.2,19221,9042189.0,2.82,-0.47,-0.02,0.46
2020-09-16,600821,4.25,4.19,4.3,4.18,11920,5588205.0,2.84,-0.95,-0.04,0.29
2020-09-17,600821,4.15,4.1,4.19,4.08,24439,11211901.0,2.63,-2.15,-0.09,0.59
2020-09-18,600821,4.09,4.15,4.16,4.08,15103,6942929.0,1.95,1.22,0.05,0.36
2020-09-21,600821,4.17,4.16,4.28,4.16,22566,10526028.0,2.89,0.24,0.01,0.54
2020-09-22,600821,4.12,4.12,4.21,4.01,14752,6761630.0,4.81,-0.96,-0.04,0.35
2020-09-23,600821,4.13,4.14,4.21,4.1,15043,6945060.0,2.67,0.49,0.02,0.36
2020-09-24,600821,4.13,4.11,4.14,4.08,15769,7213332.0,1.45,-0.72,-0.03,0.38
2020-09-25,600821,4.12,4.13,4.19,4.09,8272,3801937.0,2.43,0.49,0.02,0.2
2020-09-28,600821,4.15,4.12,4.22,4.1,19457,9010849.0,2.91,-0.24,-0.01,0.47
2020-09-29,600821,4.11,4.12,4.22,4.11,34430,15915227.0,2.67,0.0,0.0,0.83
2020-09-30,600821,4.14,4.13,4.2,4.12,19629,9069321.0,1.94,0.24,0.01,0.47
2020-10-09,600821,4.16,4.25,4.3,4.16,21898,10298456.0,3.39,2.91,0.12,0.53
2020-10-12,600821,4.25,4.28,4.3,4.23,20247,9584263.0,1.65,0.71,0.03,0.49
2020-10-13,600821,4.28,4.24,4.28,4.23,16953,8001163.0,1.17,-0.93,-0.04,0.41
2020-10-14,600821,4.34,4.27,4.36,4.23,21394,10151318.0,3.07,0.71,0.03,0.51
2020-10-15,600821,4.23,4.24,4.3,4.21,15720,7417785.0,2.11,-0.7,-0.03,0.38
2020-10-16,600821,4.26,4.25,4.26,4.21,13461,6325889.0,1.18,0.24,0.01,0.32
2020-10-19,600821,4.25,4.19,4.26,4.13,16809,7883013.0,3.06,-1.41,-0.06,0.4
2020-10-20,600821,4.19,4.2,4.23,4.08,23938,11045729.0,3.58,0.24,0.01,0.58
2020-10-21,600821,4.21,4.15,4.23,4.14,6678,3099242.0,2.14,-1.19,-0.05,0.16
2020-10-22,600821,4.16,4.14,4.18,4.12,12094,5588533.0,1.45,-0.24,-0.01,0.29
2020-10-23,600821,4.14,4.14,4.16,4.1,9463,4350304.0,1.45,0.0,0.0,0.23
2020-10-26,600821,4.17,4.15,4.17,4.11,7501,3459031.0,1.45,0.24,0.01,0.18
2020-10-27,600821,4.13,4.26,4.26,4.11,15290,7082570.0,3.61,2.65,0.11,0.37
2020-10-28,600821,4.21,4.32,4.34,4.21,34962,16653436.0,3.05,1.41,0.06,0.84
2020-10-29,600821,4.32,4.39,4.41,4.26,28810,13923663.0,3.47,1.62,0.07,0.69
2020-10-30,600821,4.39,4.41,4.41,4.35,25227,12254036.0,1.37,0.46,0.02,0.61
2020-11-02,600821,4.35,4.17,4.39,4.17,47191,22164560.0,4.99,-5.44,-0.24,1.13
2020-11-03,600821,4.13,4.17,4.21,4.13,16291,7560116.0,1.92,0.0,0.0,0.39
2020-11-04,600821,4.18,4.13,4.22,4.11,13654,6294951.0,2.64,-0.96,-0.04,0.33
2020-11-05,600821,4.17,4.15,4.18,4.12,14759,6806775.0,1.45,0.48,0.02,0.35
2020-11-06,600821,4.15,4.14,4.16,4.06,16887,7761061.0,2.41,-0.24,-0.01,0.41
2020-11-09,600821,4.14,4.17,4.18,4.13,21275,9840429.0,1.21,0.72,0.03,0.51
2020-11-10,600821,4.17,4.21,4.28,4.15,23103,10772364.0,3.12,0.96,0.04,0.56
2020-11-11,600821,4.22,4.22,4.25,4.21,17240,8103345.0,0.95,0.24,0.01,0.41
2020-11-12,600821,4.21,4.3,4.35,4.2,32037,15211905.0,3.55,1.9,0.08,0.77
2020-11-13,600821,4.3,4.3,4.35,4.25,22374,10666953.0,2.33,0.0,0.0,0.54
2020-11-16,600821,4.3,4.34,4.36,4.27,21074,10101945.0,2.09,0.93,0.04,0.51
2020-11-17,600821,4.34,4.39,4.41,4.26,30647,14770653.0,3.46,1.15,0.05,0.74
2020-11-18,600821,4.36,4.53,4.63,4.36,50665,25226825.0,6.15,3.19,0.14,1.22
2020-11-19,600821,4.52,4.57,4.63,4.49,29440,14899976.0,3.09,0.88,0.04,0.71
2020-11-20,600821,4.58,4.67,4.69,4.56,32096,16416106.0,2.84,2.19,0.1,0.77
2020-11-23,600821,4.59,4.41,4.59,4.41,71298,35093143.0,3.85,-5.57,-0.26,1.71
2020-11-24,600821,4.37,4.45,4.46,4.36,29827,14608905.0,2.27,0.91,0.04,0.72
2020-11-25,600821,4.46,4.32,4.5,4.24,49560,23900661.0,5.84,-2.92,-0.13,1.19
2020-11-26,600821,4.26,4.17,4.3,4.14,41362,19322117.0,3.7,-3.47,-0.15,0.99
2020-11-27,600821,4.19,4.12,4.2,4.11,24079,11109183.0,2.16,-1.2,-0.05,0.58
2020-11-30,600821,4.13,4.17,4.19,4.09,23798,10999923.0,2.43,1.21,0.05,0.57
2020-12-01,600821,4.16,4.22,4.24,4.16,18203,8528333.0,1.92,1.2,0.05,0.44
2020-12-02,600821,4.27,4.21,4.28,4.19,12922,6086653.0,2.13,-0.24,-0.01,0.31
2020-12-03,600821,4.2,4.21,4.23,4.18,11084,5187169.0,1.19,0.0,0.0,0.27
2020-12-04,600821,4.21,4.22,4.24,4.19,6400,3000372.0,1.19,0.24,0.01,0.15
2020-12-07,600821,4.23,4.23,4.26,4.21,8268,3885073.0,1.18,0.24,0.01,0.2
2020-12-08,600821,4.24,4.22,4.25,4.19,13643,6395808.0,1.42,-0.24,-0.01,0.33
2020-12-09,600821,4.22,4.14,4.24,4.13,15223,7079321.0,2.61,-1.9,-0.08,0.37
2020-12-10,600821,4.14,4.17,4.2,4.07,23213,10697503.0,3.14,0.72,0.03,0.56
2020-12-11,600821,4.17,4.07,4.21,4.07,22466,10297452.0,3.36,-2.4,-0.1,0.54
2020-12-14,600821,4.05,4.03,4.11,4.02,29235,13241419.0,2.21,-0.98,-0.04,0.7
2020-12-15,600821,4.05,3.95,4.05,3.93,37502,16635144.0,2.98,-1.99,-0.08,0.9
2020-12-16,600821,3.97,3.98,4.02,3.93,14380,6399818.0,2.28,0.76,0.03,0.35
2020-12-17,600821,4.02,3.97,4.02,3.93,15729,6968333.0,2.26,-0.25,-0.01,0.38
2020-12-18,600821,3.96,3.96,4.0,3.93,16365,7240706.0,1.76,-0.25,-0.01,0.39
2020-12-21,600821,3.97,3.95,3.98,3.94,21174,9361653.0,1.01,-0.25,-0.01,0.51
2020-12-22,600821,3.95,4.1,4.17,3.93,53193,24115190.0,6.08,3.8,0.15,1.28
2020-12-23,600821,4.09,4.33,4.33,4.09,72360,34452016.0,5.85,5.61,0.23,1.74
2020-12-24,600821,4.38,4.19,4.43,4.13,69069,32800959.0,6.93,-3.23,-0.14,1.66
2020-12-25,600821,4.14,4.33,4.41,4.11,79265,37607615.0,7.16,3.34,0.14,1.9
2020-12-28,600821,4.32,4.34,4.52,4.29,49842,24315142.0,5.31,0.23,0.01,1.2
2020-12-29,600821,4.34,4.22,4.37,4.22,34248,16251830.0,3.46,-2.76,-0.12,0.82
2020-12-30,600821,4.22,4.12,4.22,4.08,63201,29047679.0,3.32,-2.37,-0.1,1.52
2020-12-31,600821,4.13,4.15,4.16,4.12,32926,15174565.0,0.97,0.73,0.03,0.79
2021-01-04,600821,4.13,4.08,4.13,4.03,46112,20963913.0,2.41,-1.69,-0.07,1.11
2021-01-05,600821,4.08,4.06,4.11,4.04,39307,17825213.0,1.72,-0.49,-0.02,0.94
2021-01-06,600821,4.08,4.05,4.08,3.96,33919,15235825.0,2.96,-0.25,-0.01,0.81
2021-01-07,600821,4.05,4.13,4.22,4.05,46895,21506278.0,4.2,1.98,0.08,1.13
2021-01-08,600821,4.12,4.08,4.12,4.04,28204,12799526.0,1.94,-1.21,-0.05,0.68
2021-01-11,600821,4.08,4.05,4.18,4.04,32260,14682323.0,3.43,-0.74,-0.03,0.77
2021-01-12,600821,4.04,4.07,4.14,4.03,18934,8591768.0,2.72,0.49,0.02,0.45
2021-01-13,600821,4.05,3.95,4.05,3.91,43807,19464839.0,3.44,-2.95,-0.12,1.05
2021-01-14,600821,3.95,3.92,3.99,3.87,30068,13175863.0,3.04,-0.76,-0.03,0.72
2021-01-15,600821,3.91,3.9,3.93,3.89,17315,7580283.0,1.02,-0.51,-0.02,0.42
2021-01-18,600821,3.92,4.01,4.07,3.91,22791,10149708.0,4.1,2.82,0.11,0.55
2021-01-19,600821,4.02,3.96,4.03,3.96,14460,6437202.0,1.75,-1.25,-0.05,0.35
2021-01-20,600821,3.96,3.98,4.05,3.94,12510,5566180.0,2.78,0.51,0.02,0.3
2021-01-21,600821,3.97,3.97,3.99,3.94,28949,12834830.0,1.26,-0.25,-0.01,0.7
2021-01-22,600821,3.97,3.92,3.98,3.9,20138,8851431.0,2.02,-1.26,-0.05,0.48
2021-01-25,600821,3.92,3.99,4.01,3.9,31617,14008577.0,2.81,1.79,0.07,0.76
2021-01-26,600821,3.99,3.97,3.99,3.93,27129,12022295.0,1.5,-0.5,-0.02,0.65
2021-01-27,600821,3.97,4.06,4.07,3.92,40065,17990673.0,3.78,2.27,0.09,0.96
2021-01-28,600821,4.04,4.07,4.14,4.01,31042,14113975.0,3.2,0.25,0.01,0.75
2021-01-29,600821,4.08,4.07,4.12,4.04,22914,10394964.0,1.97,0.0,0.0,0.55
2021-02-01,600821,3.94,4.02,4.08,3.9,40148,17761299.0,4.42,-1.23,-0.05,0.96
2021-02-02,600821,3.99,3.95,3.99,3.94,17163,7603469.0,1.24,-1.74,-0.07,0.41
2021-02-03,600821,3.97,3.92,4.0,3.91,20213,8895841.0,2.28,-0.76,-0.03,0.49
2021-02-04,600821,3.93,3.72,3.95,3.7,52007,22138032.0,6.38,-5.1,-0.2,1.25
2021-02-05,600821,3.73,3.59,3.75,3.51,56296,22766378.0,6.45,-3.49,-0.13,1.35
2021-02-08,600821,3.57,3.64,3.66,3.52,20178,8217572.0,3.9,1.39,0.05,0.48
2021-02-09,600821,3.63,3.71,3.75,3.62,18263,7616467.0,3.57,1.92,0.07,0.44
2021-02-10,600821,3.69,3.72,3.73,3.66,11060,4610458.0,1.89,0.27,0.01,0.27
2021-02-18,600821,3.75,3.83,3.91,3.75,20141,8700135.0,4.3,2.96,0.11,0.48
2021-02-19,600821,3.83,3.88,3.89,3.83,17654,7636398.0,1.57,1.31,0.05,0.42
2021-02-22,600821,3.88,3.93,3.95,3.86,27198,11881441.0,2.32,1.29,0.05,0.65
2021-02-23,600821,3.93,3.88,3.97,3.8,19662,8594104.0,4.33,-1.27,-0.05,0.47
2021-02-24,600821,3.86,3.86,3.89,3.82,13987,6051453.0,1.8,-0.52,-0.02,0.34
2021-02-25,600821,3.86,3.87,3.89,3.84,12611,5469507.0,1.3,0.26,0.01,0.3
2021-02-26,600821,3.85,3.8,3.85,3.76,17994,7681868.0,2.33,-1.81,-0.07,0.43
2021-03-01,600821,3.8,3.73,3.8,3.73,28457,11992273.0,1.84,-1.84,-0.07,0.68
2021-03-02,600821,3.75,3.71,3.79,3.7,17567,7381475.0,2.41,-0.54,-0.02,0.42
2021-03-03,600821,3.73,3.82,3.82,3.69,16414,6943862.0,3.5,2.96,0.11,0.39
2021-03-04,600821,3.81,3.75,3.82,3.75,16474,7009556.0,1.83,-1.83,-0.07,0.4
2021-03-05,600821,3.74,3.8,3.8,3.73,13767,5823924.0,1.87,1.33,0.05,0.33
2021-03-08,600821,3.8,4.01,4.01,3.8,54393,24212476.0,5.53,5.53,0.21,1.31
2021-03-09,600821,4.01,3.94,4.02,3.85,34094,15059105.0,4.24,-1.75,-0.07,0.82
2021-03-10,600821,3.95,4.03,4.16,3.91,34929,15852552.0,6.35,2.28,0.09,0.84
2021-03-11,600821,4.04,4.08,4.14,3.99,27290,12429105.0,3.72,1.24,0.05,0.66
2021-03-12,600821,4.09,4.14,4.18,4.08,44144,20375009.0,2.45,1.47,0.06,1.06
2021-03-15,600821,4.12,4.11,4.17,4.07,23561,10764597.0,2.42,-0.72,-0.03,0.57
2021-03-16,600821,4.1,4.12,4.14,4.06,21044,9630003.0,1.95,0.24,0.01,0.51
2021-03-17,600821,4.14,4.25,4.27,4.13,33817,15822731.0,3.4,3.16,0.13,0.81
2021-03-18,600821,4.28,4.36,4.47,4.19,47350,22869314.0,6.59,2.59,0.11,1.14
2021-03-19,600821,4.35,4.36,4.44,4.3,31806,15327475.0,3.21,0.0,0.0,0.76
2021-03-22,600821,4.36,4.53,4.55,4.36,45820,22767896.0,4.36,3.9,0.17,1.1
2021-03-23,600821,4.53,4.47,4.56,4.45,31448,15595126.0,2.43,-1.32,-0.06,0.76
2021-03-24,600821,4.49,4.29,4.54,4.28,44154,21514506.0,5.82,-4.03,-0.18,1.06
2021-03-25,600821,4.29,4.29,4.34,4.18,28607,13552690.0,3.73,0.0,0.0,0.69
2021-03-26,600821,4.29,4.37,4.45,4.29,27671,13371215.0,3.73,1.86,0.08,0.66
2021-03-29,600821,4.41,4.36,4.43,4.33,16065,7796081.0,2.29,-0.23,-0.01,0.39
2021-03-30,600821,4.33,4.36,4.41,4.26,20291,9713196.0,3.44,0.0,0.0,0.49
2021-03-31,600821,4.37,4.42,4.44,4.32,22715,11067596.0,2.75,1.38,0.06,0.55
2021-04-01,600821,4.4,4.54,4.55,4.4,48736,24268824.0,3.39,2.71,0.12,1.17
2021-04-02,600821,4.56,4.54,4.57,4.48,23472,11736606.0,1.98,0.0,0.0,0.56
2021-04-06,600821,4.54,4.62,4.67,4.5,38348,19502440.0,3.74,1.76,0.08,0.92
2021-04-07,600821,4.7,4.61,4.7,4.6,25033,12752472.0,2.16,-0.22,-0.01,0.6
2021-04-08,600821,4.58,4.41,4.58,4.36,69306,33966142.0,4.77,-4.34,-0.2,1.66
2021-04-09,600821,4.39,4.52,4.53,4.33,35584,17509960.0,4.54,2.49,0.11,0.85
2021-04-12,600821,4.48,4.27,4.48,4.27,114137,54851540.0,4.65,-5.53,-0.25,2.11
2021-04-13,600821,4.17,4.13,4.26,4.1,106008,49252069.0,3.75,-3.28,-0.14,1.96
2021-04-14,600821,4.14,4.03,4.16,4.02,116405,53008365.0,3.39,-2.42,-0.1,2.15
2021-04-15,600821,4.03,3.86,4.1,3.81,183748,79960738.0,7.2,-4.22,-0.17,3.4
2021-04-16,600821,3.83,3.92,4.01,3.81,118876,52184251.0,5.18,1.55,0.06,2.2
2021-04-19,600821,3.94,3.92,4.04,3.91,124449,55086003.0,3.32,0.0,0.0,2.3
2021-04-20,600821,3.93,4.0,4.02,3.92,83493,37195250.0,2.55,2.04,0.08,1.54
2021-04-21,600821,4.01,4.13,4.21,4.01,98542,45049053.0,5.0,3.25,0.13,1.82
2021-04-22,600821,4.13,4.21,4.22,4.13,63038,29422888.0,2.18,1.94,0.08,1.16
2021-04-23,600821,4.21,4.2,4.29,4.16,47418,22169825.0,3.09,-0.24,-0.01,0.88
2021-04-26,600821,4.23,4.18,4.33,4.18,88048,41436733.0,3.57,-0.48,-0.02,1.63
2021-04-27,600821,4.21,4.22,4.28,4.15,54377,25451476.0,3.11,0.96,0.04,1.0
2021-04-28,600821,4.22,4.25,4.28,4.18,70789,33360700.0,2.37,0.71,0.03,1.31
2021-04-29,600821,4.29,4.45,4.49,4.16,140388,67647298.0,7.76,4.71,0.2,2.59
2021-04-30,600821,4.43,4.42,4.45,4.23,116143,55851060.0,4.94,-0.67,-0.03,2.15
2021-05-06,600821,4.43,4.49,4.49,4.36,52950,25991678.0,2.94,1.58,0.07,0.98
2021-05-07,600821,4.5,4.48,4.6,4.46,84165,42127696.0,3.12,-0.22,-0.01,1.56
2021-05-10,600821,4.48,4.33,4.57,4.29,97408,47438664.0,6.25,-3.35,-0.15,1.8
2021-05-11,600821,4.33,4.38,4.49,4.29,73130,35419819.0,4.62,1.15,0.05,1.35
2021-05-12,600821,4.38,4.4,4.42,4.3,77456,37365736.0,2.74,0.46,0.02,1.43
2021-05-13,600821,4.4,4.44,4.47,4.36,63333,30973880.0,2.5,0.91,0.04,1.17
2021-05-14,600821,4.46,4.52,4.58,4.46,92879,46392674.0,2.7,1.8,0.08,1.72
2021-05-17,600821,4.55,4.54,4.58,4.41,119940,59353787.0,3.76,0.44,0.02,2.22
2021-05-19,600821,4.85,5.04,5.04,4.64,673926,368542112.0,8.81,11.01,0.5,12.45
2021-05-20,600821,5.13,4.72,5.24,4.55,710660,380290624.0,13.69,-6.35,-0.32,13.13
2021-05-21,600821,4.88,5.24,5.24,4.7,512816,288115712.0,11.44,11.02,0.52,9.48
2021-05-24,600821,5.33,5.03,5.39,4.99,679507,383306112.0,7.63,-4.01,-0.21,12.56
2021-05-25,600821,4.86,4.96,4.98,4.74,371507,198186844.0,4.77,-1.39,-0.07,6.87
2021-05-26,600821,4.86,5.06,5.11,4.8,278648,151345398.0,6.25,2.02,0.1,5.15
2021-05-27,600821,5.13,4.94,5.33,4.94,312331,173795566.0,7.71,-2.37,-0.12,5.77
2021-05-28,600821,4.94,5.03,5.29,4.91,310221,171561893.0,7.69,1.82,0.09,5.73
2021-05-31,600821,4.98,4.91,5.02,4.83,237005,126965550.0,3.78,-2.39,-0.12,4.38
2021-06-01,600821,4.88,4.95,5.18,4.8,177033,96633188.0,7.74,0.81,0.04,3.27
2021-06-02,600821,4.96,5.15,5.25,4.87,378898,211164926.0,7.68,4.04,0.2,7.0
2021-06-03,600821,5.25,5.06,5.25,5.01,215238,119682781.0,4.66,-1.75,-0.09,3.98
2021-06-04,600821,5.04,4.97,5.05,4.89,156147,84661127.0,3.16,-1.78,-0.09,2.89
2021-06-07,600821,4.97,4.97,5.11,4.91,120767,65861320.0,4.02,0.0,0.0,2.23
2021-06-08,600821,4.95,5.11,5.13,4.88,212935,117036758.0,5.03,2.82,0.14,3.93
2021-06-09,600821,5.04,5.1,5.12,4.99,127324,70357956.0,2.54,-0.2,-0.01,2.35
2021-06-10,600821,5.11,5.38,5.52,5.08,424049,245349834.0,8.63,5.49,0.28,7.84
2021-06-11,600821,5.34,5.67,5.78,5.28,401802,243629311.0,9.29,5.39,0.29,7.42
2021-06-15,600821,5.63,5.64,5.8,5.54,240642,147451508.0,4.59,-0.53,-0.03,4.45
2021-06-16,600821,5.69,5.49,5.69,5.43,197346,118265998.0,4.61,-2.66,-0.15,3.65
2021-06-17,600821,5.48,5.54,5.54,5.36,128948,76432382.0,3.28,0.91,0.05,2.38
2021-06-18,600821,5.58,5.32,5.59,5.29,203756,119251197.0,5.42,-3.97,-0.22,3.77
2021-06-21,600821,5.29,5.35,5.36,5.2,130954,75565053.0,3.01,0.56,0.03,2.42
2021-06-22,600821,5.34,5.33,5.42,5.21,136910,78860272.0,3.93,-0.37,-0.02,2.53
2021-06-23,600821,5.33,5.42,5.63,5.32,185542,109813411.0,5.82,1.69,0.09,3.43
2021-06-24,600821,5.61,5.8,6.01,5.5,398644,247607456.0,9.41,7.01,0.38,7.37
2021-06-25,600821,5.79,5.72,5.79,5.58,197799,121934381.0,3.62,-1.38,-0.08,3.66
2021-06-28,600821,5.8,6.33,6.34,5.8,494386,332545440.0,9.44,10.66,0.61,9.14
2021-06-29,600821,6.09,5.74,6.25,5.72,485448,312496800.0,8.37,-9.32,-0.59,8.97
2021-06-30,600821,5.87,5.93,6.05,5.7,294884,187202353.0,6.1,3.31,0.19,5.45
2021-07-01,600821,5.92,5.7,5.93,5.68,192318,120015232.0,4.22,-3.88,-0.23,3.55
2021-07-02,600821,5.66,5.61,5.72,5.56,127575,77551113.0,2.81,-1.58,-0.09,2.36
2021-07-05,600821,5.62,5.7,5.72,5.55,150564,92129679.0,3.03,1.6,0.09,2.78
2021-07-06,600821,5.78,5.24,5.83,5.08,323216,189008109.0,13.16,-8.07,-0.46,5.97
2021-07-07,600821,5.18,5.23,5.33,5.12,131513,74552524.0,4.01,-0.19,-0.01,2.43
2021-07-08,600821,5.19,5.08,5.25,5.04,131240,73551493.0,4.02,-2.87,-0.15,2.43
2021-07-09,600821,5.09,5.2,5.29,4.93,151107,83843931.0,7.09,2.36,0.12,2.79
2021-07-12,600821,5.19,5.14,5.37,5.08,158587,89778353.0,5.58,-1.15,-0.06,2.93
2021-07-13,600821,5.12,5.25,5.28,5.0,142025,80045712.0,5.45,2.14,0.11,2.62
2021-07-14,600821,5.26,5.13,5.37,5.12,128266,73224375.0,4.76,-2.29,-0.12,2.37
2021-07-15,600821,5.08,5.13,5.16,5.0,87929,48624627.0,3.12,0.0,0.0,1.62
2021-07-16,600821,5.13,5.12,5.24,5.06,80319,45187365.0,3.51,-0.19,-0.01,1.48
2021-07-19,600821,5.09,4.84,5.1,4.82,156303,84413912.0,5.47,-5.47,-0.28,2.89
2021-07-20,600821,4.76,4.88,4.93,4.71,102900,54310721.0,4.55,0.83,0.04,1.9
2021-07-21,600821,4.93,4.89,4.98,4.84,81121,43521306.0,2.87,0.2,0.01,1.5
2021-07-22,600821,4.87,4.84,4.91,4.82,74446,39590238.0,1.84,-1.02,-0.05,1.38
2021-07-23,600821,4.83,4.72,4.84,4.67,99837,52013086.0,3.51,-2.48,-0.12,1.84
2021-07-26,600821,4.72,4.55,4.77,4.43,127713,64528928.0,7.2,-3.6,-0.17,2.36
2021-07-27,600821,4.55,4.54,4.65,4.52,109249,55175552.0,2.86,-0.22,-0.01,2.02
2021-07-28,600821,4.54,4.4,4.59,4.24,119528,58292556.0,7.71,-3.08,-0.14,2.21
2021-07-29,600821,4.5,4.49,4.55,4.4,88781,43842507.0,3.41,2.05,0.09,1.64
2021-07-30,600821,4.5,4.75,4.81,4.46,138449,71556084.0,7.8,5.79,0.26,2.56
2021-08-02,600821,4.79,4.76,4.88,4.65,108988,57426500.0,4.84,0.21,0.01,2.01
2021-08-03,600821,4.78,4.64,4.8,4.63,80058,41449595.0,3.57,-2.52,-0.12,1.48
2021-08-04,600821,4.67,4.68,4.72,4.62,50372,25981365.0,2.16,0.86,0.04,0.93
2021-08-05,600821,4.73,4.62,4.75,4.58,76565,39279981.0,3.63,-1.28,-0.06,1.41
2021-08-06,600821,4.62,4.65,4.69,4.55,65422,33422619.0,3.03,0.65,0.03,1.21
2021-08-09,600821,4.64,4.73,4.74,4.61,58236,30096350.0,2.8,1.72,0.08,1.08
2021-08-10,600821,4.72,4.92,4.97,4.7,133685,71559163.0,5.71,4.02,0.19,2.47
2021-08-11,600821,4.92,4.92,4.99,4.87,79577,42922440.0,2.44,0.0,0.0,1.47
2021-08-12,600821,4.92,4.89,4.97,4.87,63636,34209059.0,2.03,-0.61,-0.03,1.18
2021-08-13,600821,4.88,4.97,5.1,4.83,113739,61678767.0,5.52,1.64,0.08,2.1
2021-08-16,600821,5.0,4.84,5.0,4.83,90312,48443381.0,3.42,-2.62,-0.13,1.67
2021-08-17,600821,4.83,4.63,4.88,4.59,116952,60828845.0,5.99,-4.34,-0.21,2.16
2021-08-18,600821,4.65,4.67,4.71,4.6,63594,32603290.0,2.38,0.86,0.04,1.18
2021-08-19,600821,4.67,4.62,4.71,4.56,68087,34791641.0,3.21,-1.07,-0.05,1.26
2021-08-20,600821,4.64,4.57,4.65,4.54,64741,32692108.0,2.38,-1.08,-0.05,1.2
2021-08-23,600821,4.57,4.68,4.69,4.55,83356,42530768.0,3.06,2.41,0.11,1.54
2021-08-24,600821,4.65,4.69,4.88,4.63,108090,56243596.0,5.34,0.21,0.01,2.0
2021-08-25,600821,4.69,4.85,4.87,4.65,114981,60391148.0,4.69,3.41,0.16,2.12
2021-08-26,600821,4.87,4.88,4.97,4.77,142620,76565321.0,4.12,0.62,0.03,2.64
2021-08-27,600821,4.83,4.73,5.02,4.65,203663,107018228.0,7.58,-3.07,-0.15,2.11
2021-08-30,600821,4.8,5.14,5.25,4.73,342667,188540975.0,10.99,8.67,0.41,3.55
2021-08-31,600821,5.11,5.39,5.47,5.08,314788,183147514.0,7.59,4.86,0.25,3.26
2021-09-01,600821,5.32,5.27,5.49,5.18,227980,131662447.0,5.75,-2.23,-0.12,2.36
2021-09-02,600821,5.24,5.54,5.61,5.21,271353,161241577.0,7.59,5.12,0.27,2.81
2021-09-03,600821,5.53,5.62,5.93,5.43,417423,258012766.0,9.03,1.44,0.08,4.32
2021-09-06,600821,5.7,5.81,6.02,5.7,321923,202574169.0,5.69,3.38,0.19,3.33
2021-09-07,600821,5.88,5.92,5.93,5.73,333225,209956162.0,3.44,1.89,0.11,3.45
2021-09-08,600821,6.03,6.24,6.56,5.98,578530,392273472.0,9.8,5.41,0.32,5.99
2021-09-09,600821,6.24,6.07,6.25,5.9,355550,231019861.0,5.61,-2.72,-0.17,3.68
2021-09-10,600821,6.1,5.91,6.11,5.85,268864,172298588.0,4.28,-2.64,-0.16,2.78
2021-09-13,600821,5.9,6.1,6.22,5.88,183947,120064062.0,5.75,3.21,0.19,1.9
2021-09-14,600821,6.11,6.01,6.23,5.92,227776,148411557.0,5.08,-1.48,-0.09,2.36
2021-09-15,600821,6.03,6.26,6.35,5.92,259424,172518724.0,7.15,4.16,0.25,2.69
2021-09-16,600821,6.49,6.19,6.6,6.16,335141,229854850.0,7.03,-1.12,-0.07,3.47
2021-09-17,600821,6.3,6.86,6.86,6.22,658353,471028240.0,10.34,10.82,0.67,6.82
2021-09-22,600821,7.27,7.59,7.59,7.27,242377,191791737.0,4.66,10.64,0.73,2.51
2021-09-23,600821,8.4,8.4,8.4,8.4,157577,139771216.0,0.0,10.67,0.81,1.63
2021-09-24,600821,8.83,8.24,8.83,7.58,1556329,1342152464.0,14.88,-1.9,-0.16,16.12
2021-09-27,600821,8.55,8.74,9.11,7.87,1950565,1808008784.0,15.05,6.07,0.5,20.2
2021-09-28,600821,8.23,9.65,9.66,8.14,1884263,1816622800.0,17.39,10.41,0.91,19.51
2021-09-29,600821,9.3,8.64,9.64,8.64,1360760,1295126288.0,10.36,-10.47,-1.01,14.09
2021-09-30,600821,8.23,9.55,9.55,8.16,1138060,1057279648.0,16.09,10.53,0.91,11.78
2021-10-08,600821,9.98,9.07,10.03,8.55,1114121,1057935504.0,15.5,-5.03,-0.48,11.54
2021-10-11,600821,9.4,8.73,9.4,8.18,760698,703413584.0,13.45,-3.75,-0.34,7.88
2021-10-12,600821,8.42,8.31,8.78,7.81,771039,662732160.0,11.11,-4.81,-0.42,7.98
2021-10-13,600821,8.02,7.43,8.11,7.43,598088,486605328.0,8.18,-10.59,-0.88,6.19
2021-10-14,600821,7.3,7.88,8.11,7.04,665782,543001408.0,14.4,6.06,0.45,6.89
2021-10-15,600821,7.9,8.33,8.69,7.56,548704,472983744.0,14.34,5.71,0.45,5.68
2021-10-18,600821,8.33,9.21,9.21,8.23,691303,639725408.0,11.76,10.56,0.88,7.16
2021-10-19,600821,9.13,9.34,9.76,8.88,704897,689916160.0,9.55,1.41,0.13,7.3
2021-10-20,600821,9.62,10.32,10.32,9.15,712883,742535584.0,12.53,10.49,0.98,7.38
2021-10-21,600821,10.32,10.28,10.61,9.69,702414,749007200.0,8.91,-0.39,-0.04,7.27
2021-10-22,600821,9.95,9.74,10.28,9.74,521746,546052048.0,5.25,-5.25,-0.54,5.4
2021-10-25,600821,9.9,10.76,10.76,9.71,807192,887230928.0,10.78,10.47,1.02,8.36
2021-10-26,600821,10.76,11.43,11.88,10.71,928546,1109781344.0,10.87,6.23,0.67,9.62
2021-10-27,600821,11.63,12.62,12.62,11.43,777859,994699168.0,10.41,10.41,1.19,8.05
2021-10-28,600821,12.73,11.35,12.83,11.31,1203539,1473854752.0,12.04,-10.06,-1.27,12.46
2021-10-29,600821,11.14,12.04,12.28,11.14,854801,1041668624.0,10.04,6.08,0.69,8.85
2021-11-01,600821,11.74,11.91,12.81,11.41,817197,1025729760.0,11.63,-1.08,-0.13,8.46
2021-11-02,600821,12.08,10.76,12.11,10.67,897883,1046149952.0,12.09,-9.66,-1.15,9.3
2021-11-03,600821,10.33,10.18,10.58,9.93,937845,1005210976.0,6.04,-5.39,-0.58,9.71
2021-11-04,600821,10.34,10.54,10.72,9.79,863507,939628880.0,9.14,3.54,0.36,8.94
2021-11-05,600821,10.45,9.83,10.49,9.63,663772,693279216.0,8.16,-6.74,-0.71,6.87
2021-11-08,600821,9.91,10.03,10.21,9.45,499644,515225984.0,7.73,2.03,0.2,5.17
2021-11-09,600821,10.73,10.02,11.08,9.84,1154862,1271552080.0,12.36,-0.1,-0.01,11.96
2021-11-10,600821,9.52,9.36,9.61,9.01,930492,904388976.0,5.99,-6.59,-0.66,9.64
2021-11-11,600821,9.11,8.92,9.29,8.77,830059,780911616.0,5.56,-4.7,-0.44,8.6
2021-11-12,600821,8.68,9.21,9.41,8.66,667252,643156032.0,8.41,3.25,0.29,6.91
2021-11-15,600821,9.22,8.98,9.47,8.98,481560,463795264.0,5.32,-2.5,-0.23,4.99
2021-11-16,600821,8.98,9.15,9.36,8.77,585952,558977504.0,6.57,1.89,0.17,6.07
2021-11-17,600821,9.03,9.14,9.25,8.75,578397,548200960.0,5.46,-0.11,-0.01,5.99
2021-11-18,600821,9.09,10.1,10.1,8.96,952167,969413520.0,12.47,10.5,0.96,9.86
2021-11-19,600821,10.13,9.54,10.14,9.26,1019928,1032376416.0,8.71,-5.54,-0.56,10.56
2021-11-22,600821,9.56,10.36,10.39,9.4,826488,860130800.0,10.38,8.6,0.82,8.56
2021-11-23,600821,10.03,9.99,10.24,9.8,634652,662552176.0,4.25,-3.57,-0.37,6.57
2021-11-24,600821,10.03,10.53,10.99,9.47,1003548,1072858288.0,15.22,5.41,0.54,10.39
2021-11-25,600821,10.83,10.28,10.96,10.23,695829,768519280.0,6.93,-2.37,-0.25,7.21
2021-11-26,600821,10.04,10.03,10.38,9.79,503427,527509312.0,5.74,-2.43,-0.25,5.21
2021-11-29,600821,9.64,10.11,10.44,9.58,491089,519039248.0,8.57,0.8,0.08,5.09
2021-11-30,600821,10.66,9.58,10.68,9.56,769710,803189456.0,11.08,-5.24,-0.53,7.97
2021-12-01,600821,9.43,9.88,10.01,9.18,649593,652331424.0,8.66,3.13,0.3,6.73
2021-12-02,600821,9.93,9.43,10.09,9.43,423155,429551744.0,6.68,-4.55,-0.45,4.38
2021-12-03,600821,9.46,10.19,10.39,9.31,906593,953906544.0,11.45,8.06,0.76,9.39
2021-12-06,600821,10.48,10.53,11.13,10.19,962127,1074635856.0,9.22,3.34,0.34,9.96
2021-12-07,600821,10.72,11.14,11.14,10.14,1047711,1176118112.0,9.5,5.79,0.61,10.85
2021-12-08,600821,11.03,11.09,11.28,10.78,680207,781075408.0,4.49,-0.45,-0.05,7.04
2021-12-09,600821,11.01,10.72,11.19,10.43,738766,829317840.0,6.85,-3.34,-0.37,7.65
2021-12-10,600821,10.53,10.71,11.13,10.43,551673,620872896.0,6.53,-0.09,-0.01,5.71
2021-12-13,600821,10.78,11.28,11.73,10.78,1005495,1178003248.0,8.87,5.32,0.57,10.41
2021-12-14,600821,11.0,10.86,11.21,10.68,583980,665454848.0,4.7,-3.72,-0.42,6.05
2021-12-15,600821,10.74,11.36,11.69,10.53,789481,924396096.0,10.68,4.6,0.5,8.18
2021-12-16,600821,11.42,11.53,12.03,11.26,708211,860546688.0,6.78,1.5,0.17,7.33
2021-12-17,600821,11.42,11.75,12.41,11.33,664367,821251680.0,9.37,1.91,0.22,6.88
2021-12-20,600821,11.53,10.53,11.63,10.53,729208,831388848.0,9.36,-10.38,-1.22,7.55
2021-12-21,600821,10.13,9.93,10.51,9.65,819413,859091776.0,8.17,-5.7,-0.6,8.49
2021-12-22,600821,9.73,9.33,9.82,9.04,745567,734594192.0,7.85,-6.04,-0.6,7.72
2021-12-23,600821,9.26,9.91,10.11,8.93,861828,871812800.0,12.65,6.22,0.58,8.92
2021-12-24,600821,10.13,10.63,10.95,10.13,1623536,1818219568.0,8.27,7.27,0.72,16.81
2021-12-27,600821,10.33,9.67,10.86,9.53,1100678,1167986240.0,12.51,-9.03,-0.96,11.4
2021-12-28,600821,9.68,9.35,9.8,9.13,730903,716902768.0,6.93,-3.31,-0.32,7.57
2021-12-29,600821,9.33,9.03,9.33,8.96,515171,492399024.0,3.96,-3.42,-0.32,5.33
2021-12-30,600821,8.94,9.03,9.36,8.94,488398,469642768.0,4.65,0.0,0.0,5.06
2021-12-31,600821,9.08,9.02,9.39,8.94,555861,533241392.0,4.98,-0.11,-0.01,5.76
2022-01-04,600821,9.03,8.48,9.11,8.33,1134272,1029932448.0,8.65,-5.99,-0.54,8.86
2022-01-05,600821,8.48,8.25,8.48,8.16,494125,431053488.0,3.77,-2.71,-0.23,3.86
2022-01-06,600821,8.22,8.58,8.79,8.16,576684,514027312.0,7.64,4.0,0.33,4.5
2022-01-07,600821,8.48,8.26,8.62,8.16,426484,376607632.0,5.36,-3.73,-0.32,3.33
2022-01-10,600821,8.26,8.07,8.29,7.99,299100,256423638.0,3.63,-2.3,-0.19,2.34
2022-01-11,600821,8.04,8.08,8.38,8.04,292652,252228561.0,4.21,0.12,0.01,2.29
2022-01-12,600821,8.12,8.34,8.39,8.03,480673,417103856.0,4.46,3.22,0.26,3.75
2022-01-13,600821,8.27,7.9,8.33,7.83,427834,365075072.0,6.0,-5.28,-0.44,3.34
2022-01-14,600821,7.64,7.71,7.99,7.6,400210,330010848.0,4.94,-2.41,-0.19,3.13
2022-01-17,600821,7.71,7.5,7.83,7.49,411103,331976672.0,4.41,-2.72,-0.21,3.21
2022-01-18,600821,7.46,7.55,7.82,7.41,493932,398499440.0,5.47,0.67,0.05,3.86
2022-01-19,600821,7.5,7.38,7.6,7.28,314479,247474640.0,4.24,-2.25,-0.17,2.46
2022-01-20,600821,7.4,7.48,7.73,7.19,507190,403687904.0,7.32,1.36,0.1,3.96
2022-01-21,600821,7.41,8.01,8.28,7.35,1168067,986173600.0,12.43,7.09,0.53,9.12
2022-01-24,600821,7.78,8.02,8.13,7.58,701702,582779280.0,6.87,0.12,0.01,5.48
2022-01-25,600821,7.86,7.6,7.99,7.6,395671,324623888.0,4.86,-5.24,-0.42,3.09
2022-01-26,600821,7.92,7.87,7.98,7.69,432116,358722560.0,3.82,3.55,0.27,3.37
2022-01-27,600821,7.82,7.33,7.92,7.27,429912,344482288.0,8.26,-6.86,-0.54,3.36
2022-01-28,600821,7.41,7.71,7.88,7.41,409696,334166720.0,6.41,5.18,0.38,3.2
2022-02-07,600821,7.93,8.08,8.19,7.84,430920,367182352.0,4.54,4.8,0.37,3.37
2022-02-08,600821,7.98,8.47,8.49,7.91,507327,440168384.0,7.18,4.83,0.39,3.96
2022-02-09,600821,8.33,8.48,9.04,8.17,705741,643528080.0,10.27,0.12,0.01,5.51
2022-02-10,600821,8.53,8.43,8.68,8.35,396958,356094768.0,3.89,-0.59,-0.05,3.1
2022-02-11,600821,8.33,8.26,8.53,8.23,324724,285811168.0,3.56,-2.02,-0.17,2.54
2022-02-14,600821,8.14,7.96,8.29,7.9,329403,280661808.0,4.72,-3.63,-0.3,2.57
2022-02-15,600821,8.02,8.09,8.12,7.87,249751,211524809.0,3.14,1.63,0.13,1.95
2022-02-16,600821,8.09,8.09,8.23,7.99,189632,162663474.0,2.97,0.0,0.0,1.48
2022-02-17,600821,7.94,7.82,7.99,7.49,499260,412659712.0,6.18,-3.34,-0.27,3.9
2022-02-18,600821,7.73,7.98,8.23,7.64,339242,285336880.0,7.54,2.05,0.16,2.65
2022-02-21,600821,8.04,7.93,8.05,7.83,273118,228695398.0,2.76,-0.63,-0.05,2.13
2022-02-22,600821,7.81,7.78,7.92,7.63,268237,220253238.0,3.66,-1.89,-0.15,2.09
2022-02-23,600821,7.82,7.98,7.99,7.74,310990,259659353.0,3.21,2.57,0.2,2.43
2022-02-24,600821,7.97,7.81,8.27,7.73,505733,428652144.0,6.77,-2.13,-0.17,3.95
2022-02-25,600821,7.93,8.47,8.64,7.83,995423,867403728.0,10.37,8.45,0.66,7.77
2022-02-28,600821,8.37,8.7,8.78,8.14,867722,780719280.0,7.56,2.72,0.23,6.78
2022-03-01,600821,8.78,8.45,8.83,8.33,658711,596239184.0,5.75,-2.87,-0.25,5.14
2022-03-02,600821,8.38,8.3,8.43,8.18,407132,356396016.0,2.96,-1.78,-0.15,3.18
2022-03-03,600821,8.41,8.33,8.49,8.23,476230,420630864.0,3.13,0.36,0.03,3.72
2022-03-04,600821,8.26,8.43,8.71,8.06,582319,513727168.0,7.8,1.2,0.1,4.55
2022-03-07,600821,8.28,8.19,8.81,8.09,590612,523885936.0,8.54,-2.85,-0.24,4.61
2022-03-08,600821,8.1,7.62,8.16,7.53,564508,466737264.0,7.69,-6.96,-0.57,4.41
2022-03-09,600821,7.77,7.89,8.02,7.55,560963,465910528.0,6.17,3.54,0.27,4.38
2022-03-10,600821,8.08,8.73,8.73,7.87,1687515,1522326064.0,10.9,10.65,0.84,13.18
2022-03-11,600821,8.48,8.31,8.48,8.09,1113607,974301696.0,4.47,-4.81,-0.42,8.7
2022-03-14,600821,8.14,7.95,8.31,7.95,576845,495214432.0,4.33,-4.33,-0.36,4.5
2022-03-15,600821,7.84,7.28,7.86,7.21,682300,548291376.0,8.18,-8.43,-0.67,5.33
2022-03-16,600821,7.47,7.58,7.65,6.98,592738,463943424.0,9.2,4.12,0.3,4.63
2022-03-17,600821,7.42,7.43,7.63,7.35,542731,431301808.0,3.69,-1.98,-0.15,4.24
2022-03-18,600821,7.4,7.54,7.58,7.29,378157,301289200.0,3.9,1.48,0.11,2.95
2022-03-21,600821,7.56,7.47,7.72,7.42,364857,291980192.0,3.98,-0.93,-0.07,2.85
2022-03-22,600821,7.5,7.36,7.5,7.33,243510,191373941.0,2.28,-1.47,-0.11,1.9
2022-03-23,600821,7.44,7.67,7.72,7.37,504886,406178880.0,4.76,4.21,0.31,3.94
2022-03-24,600821,7.58,7.41,7.59,7.36,295411,233831833.0,3.0,-3.39,-0.26,2.31
2022-03-25,600821,6.83,6.68,7.08,6.63,861029,623515232.0,6.07,-9.85,-0.73,6.72
2022-03-28,600821,6.72,6.47,6.73,6.44,419853,295664784.0,4.34,-3.14,-0.21,3.28
2022-03-29,600821,6.47,6.32,6.59,6.23,306687,211288941.0,5.56,-2.32,-0.15,2.39
2022-03-30,600821,6.34,6.37,6.51,6.24,309079,210920777.0,4.27,0.79,0.05,2.41
2022-03-31,600821,6.33,6.13,6.38,6.05,378620,251717275.0,5.18,-3.77,-0.24,2.96
2022-04-01,600821,6.06,6.19,6.25,6.0,320052,211757156.0,4.08,0.98,0.06,2.5
2022-04-06,600821,6.17,6.23,6.29,6.1,228781,152675449.0,3.07,0.65,0.04,1.79
2022-04-07,600821,6.21,5.99,6.22,5.96,242063,158176560.0,4.17,-3.85,-0.24,1.89
2022-04-08,600821,5.99,5.89,6.06,5.82,211904,134910826.0,4.01,-1.67,-0.1,1.65
2022-04-11,600821,5.91,5.65,5.93,5.59,216152,133957723.0,5.77,-4.07,-0.24,1.69
2022-04-12,600821,5.63,5.71,5.76,5.53,219455,134288301.0,4.07,1.06,0.06,1.71
2022-04-13,600821,5.69,5.53,5.69,5.51,161301,97948912.0,3.15,-3.15,-0.18,1.26
2022-04-14,600821,5.6,5.51,5.6,5.44,181893,109115967.0,2.89,-0.36,-0.02,1.42
2022-04-15,600821,5.51,5.55,5.76,5.37,353784,213186945.0,7.08,0.73,0.04,2.76
2022-04-18,600821,5.51,5.69,5.73,5.37,315868,191707446.0,6.49,2.52,0.14,2.47
2022-04-19,600821,5.68,5.79,5.98,5.68,333998,210742265.0,5.27,1.76,0.1,2.61
2022-04-20,600821,5.78,5.82,5.95,5.75,329386,207878858.0,3.45,0.52,0.03,2.57
2022-04-21,600821,5.84,5.51,5.84,5.48,273503,166587470.0,6.19,-5.33,-0.31,2.14
2022-04-22,600821,5.42,5.72,5.8,5.39,380228,232637394.0,7.44,3.81,0.21,2.97
2022-04-25,600821,5.57,5.16,5.71,5.13,336922,198656383.0,10.14,-9.79,-0.56,2.63
2022-04-26,600821,5.17,4.86,5.23,4.83,279474,154090904.0,7.75,-5.81,-0.3,2.18
2022-04-27,600821,4.78,5.16,5.2,4.67,387307,210177588.0,10.91,6.17,0.3,3.02
2022-04-28,600821,5.1,5.03,5.2,4.96,243875,135103022.0,4.65,-2.52,-0.13,1.9
2022-04-29,600821,5.14,5.24,5.25,5.01,310210,174083552.0,4.77,4.17,0.21,2.42
2022-05-05,600821,5.19,5.32,5.39,5.14,300397,173103514.0,4.77,1.53,0.08,2.35
2022-05-06,600821,5.25,5.01,5.25,4.95,341440,189372528.0,5.64,-5.83,-0.31,2.67
2022-05-09,600821,5.0,5.14,5.35,4.99,370562,209566721.0,7.19,2.59,0.13,2.89
2022-05-10,600821,5.08,5.3,5.35,4.92,495095,280075376.0,8.37,3.11,0.16,3.87
2022-05-11,600821,5.31,5.49,5.7,5.29,626273,375061664.0,7.74,3.58,0.19,4.89
2022-05-12,600821,5.62,5.36,5.62,5.25,580735,341296144.0,6.74,-2.37,-0.13,4.53
2022-05-13,600821,5.36,5.3,5.46,5.25,304137,176417760.0,3.92,-1.12,-0.06,2.38
2022-05-16,600821,5.32,5.23,5.37,5.16,278345,159112702.0,3.96,-1.32,-0.07,2.17
2022-05-17,600821,5.26,5.28,5.3,5.15,254997,145415429.0,2.87,0.96,0.05,1.99
2022-05-18,600821,5.35,5.43,5.51,5.2,397385,233976860.0,5.87,2.84,0.15,3.1
2022-05-19,600821,5.33,5.76,5.8,5.29,695754,424047168.0,9.39,6.08,0.33,5.43
2022-05-20,600821,5.78,5.8,5.93,5.7,557627,350034912.0,3.99,0.69,0.04,4.35
2022-05-23,600821,5.84,5.71,5.9,5.64,305319,188505927.0,4.48,-1.55,-0.09,2.38
2022-05-24,600821,5.73,5.45,5.78,5.45,352930,215150973.0,5.78,-4.55,-0.26,2.76
2022-05-25,600821,5.48,5.69,5.7,5.37,361789,218915941.0,6.06,4.4,0.24,2.83
2022-05-26,600821,5.7,5.68,5.75,5.58,239530,147147330.0,2.99,-0.18,-0.01,1.87
2022-05-27,600821,5.69,5.58,5.7,5.49,250145,151705993.0,3.7,-1.76,-0.1,1.95
2022-05-30,600821,5.59,5.74,5.75,5.5,305118,186681831.0,4.48,2.87,0.16,2.38
2022-05-31,600821,5.85,5.79,5.89,5.63,365357,227780433.0,4.53,0.87,0.05,2.85
2022-06-01,600821,5.79,5.78,5.82,5.63,309854,192760061.0,3.28,-0.17,-0.01,2.42
2022-06-02,600821,5.76,5.88,5.9,5.73,306648,192402221.0,2.94,1.73,0.1,2.39
2022-06-06,600821,5.83,5.91,5.96,5.78,296640,188607449.0,3.06,0.51,0.03,2.32
2022-06-07,600821,5.99,5.84,6.01,5.8,303955,193067886.0,3.55,-1.18,-0.07,2.37
2022-06-08,600821,5.82,5.84,5.97,5.67,349544,219594621.0,5.14,0.0,0.0,2.73
2022-06-09,600821,5.8,5.5,5.89,5.48,545507,331634880.0,7.02,-5.82,-0.34,4.26
2022-06-10,600821,5.45,5.93,6.0,5.43,974505,614395056.0,10.36,7.82,0.43,7.61
2022-06-13,600821,5.85,5.84,5.95,5.71,446957,281831856.0,4.05,-1.52,-0.09,3.49
2022-06-14,600821,5.74,5.76,5.79,5.54,398052,244352487.0,4.28,-1.37,-0.08,3.11
2022-06-15,600821,5.81,5.87,6.03,5.73,591492,376033424.0,5.21,1.91,0.11,4.62
2022-06-16,600821,5.87,5.85,5.96,5.74,390311,246583866.0,3.75,-0.34,-0.02,3.05
2022-06-17,600821,5.81,5.97,6.06,5.76,448590,287613584.0,5.13,2.05,0.12,3.5
2022-06-20,600821,5.97,6.35,6.36,5.97,776133,520472400.0,6.53,6.37,0.38,6.06
2022-06-21,600821,6.44,6.24,6.49,6.11,596437,402287184.0,5.98,-1.73,-0.11,4.66
2022-06-22,600821,6.24,6.0,6.24,5.99,405094,266531896.0,4.01,-3.85,-0.24,3.16
2022-06-23,600821,6.04,6.09,6.09,5.88,324872,209978131.0,3.5,1.5,0.09,2.54
2022-06-24,600821,6.05,6.06,6.17,6.01,329552,215482570.0,2.63,-0.49,-0.03,2.57
2022-06-27,600821,6.11,6.02,6.14,5.97,297511,193475867.0,2.81,-0.66,-0.04,2.32
2022-06-28,600821,6.07,6.23,6.36,6.05,500987,333322832.0,5.15,3.49,0.21,3.91
2022-06-29,600821,6.14,5.89,6.18,5.89,423287,275029648.0,4.65,-5.46,-0.34,3.31
2022-06-30,600821,5.94,5.97,6.11,5.89,299054,193526702.0,3.74,1.36,0.08,2.34
2022-07-01,600821,5.93,6.03,6.19,5.93,390373,256555296.0,4.36,1.01,0.06,3.05
2022-07-04,600821,6.01,6.15,6.2,5.93,406155,267134838.0,4.48,1.99,0.12,3.17
2022-07-05,600821,6.16,6.29,6.38,6.1,620612,417423920.0,4.55,2.28,0.14,4.85
2022-07-06,600821,6.23,6.13,6.4,6.04,438638,292429312.0,5.72,-2.54,-0.16,3.43
2022-07-07,600821,6.2,6.44,6.46,6.07,708136,482621136.0,6.36,5.06,0.31,5.53
2022-07-08,600821,6.48,6.24,6.53,6.23,569969,386115744.0,4.66,-3.11,-0.2,4.45
2022-07-11,600821,6.09,6.12,6.27,6.08,419040,277242160.0,3.04,-1.92,-0.12,3.27
2022-07-12,600821,6.12,6.45,6.71,6.02,947067,654137227.0,11.27,5.39,0.33,7.4
2022-07-13,600821,6.46,6.54,6.6,6.33,647091,449483881.0,4.19,1.4,0.09,5.05
2022-07-14,600821,6.54,6.49,6.57,6.36,481174,333804940.0,3.21,-0.76,-0.05,3.76
2022-07-15,600821,6.68,6.79,7.03,6.49,1048586,756206095.0,8.32,4.62,0.3,8.19
2022-07-18,600821,6.88,7.31,7.33,6.75,972817,730824877.0,8.54,7.66,0.52,7.6
2022-07-19,600821,7.18,7.06,7.31,6.97,691355,525448549.0,4.65,-3.42,-0.25,5.4
2022-07-20,600821,7.03,7.1,7.25,6.96,457309,346086083.0,4.11,0.57,0.04,3.57
2022-07-21,600821,7.06,6.75,7.06,6.73,521872,381507460.0,4.65,-4.93,-0.35,4.08
2022-07-22,600821,6.82,6.93,6.94,6.74,399016,292002969.0,2.96,2.67,0.18,3.12
2022-07-25,600821,6.88,6.6,6.88,6.59,373191,267386205.0,4.18,-4.76,-0.33,2.91
2022-07-26,600821,6.59,6.66,6.72,6.58,223975,159427086.0,2.12,0.91,0.06,1.75
2022-07-27,600821,6.67,6.67,6.75,6.59,266993,190251389.0,2.4,0.15,0.01,2.08
2022-07-28,600821,6.7,6.65,6.79,6.62,328219,235389138.0,2.55,-0.3,-0.02,2.56
2022-07-29,600821,6.63,6.83,6.95,6.63,596092,436970855.0,4.81,2.71,0.18,4.65
2022-08-01,600821,6.79,6.95,7.03,6.46,614066,444605528.0,8.35,1.76,0.12,4.8
2022-08-02,600821,6.82,6.55,6.82,6.49,469730,332774397.0,4.75,-5.76,-0.4,3.67
2022-08-03,600821,6.45,6.29,6.69,6.28,388458,271074630.0,6.26,-3.97,-0.26,3.03
2022-08-04,600821,6.29,6.37,6.43,6.15,284461,192746115.0,4.45,1.27,0.08,2.22
2022-08-05,600821,6.39,6.31,6.41,6.21,236280,159486294.0,3.14,-0.94,-0.06,1.85
2022-08-08,600821,6.23,6.31,6.37,6.22,181260,123037750.0,2.38,0.0,0.0,1.42
2022-08-09,600821,6.3,6.45,6.52,6.3,274256,189981705.0,3.49,2.22,0.14,2.14
2022-08-10,600821,6.45,6.47,6.49,6.34,178291,122705121.0,2.33,0.31,0.02,1.39
2022-08-11,600821,6.48,6.58,6.59,6.43,246802,172926328.0,2.47,1.7,0.11,1.93
2022-08-12,600821,6.59,6.5,6.65,6.5,204375,143711494.0,2.28,-1.22,-0.08,1.6
2022-08-15,600821,6.45,6.57,6.59,6.45,207594,145326164.0,2.15,1.08,0.07,1.62
2022-08-16,600821,6.65,6.65,6.83,6.6,420637,301322023.0,3.5,1.22,0.08,3.28
2022-08-17,600821,6.81,7.09,7.32,6.81,1079614,813900334.0,7.67,6.62,0.44,8.43
2022-08-18,600821,7.06,6.81,7.31,6.79,851904,633285644.0,7.33,-3.95,-0.28,6.65
2022-08-19,600821,6.83,7.46,7.53,6.67,1582530,1222171931.0,12.63,9.54,0.65,12.36
2022-08-22,600821,7.51,7.37,7.78,7.32,1372958,1103936965.0,6.17,-1.21,-0.09,10.72
2022-08-23,600821,7.41,7.57,7.62,7.26,746846,592054009.0,4.88,2.71,0.2,5.83
2022-08-24,600821,7.53,7.23,7.59,7.13,673578,522417511.0,6.08,-4.49,-0.34,5.26
2022-08-25,600821,7.24,7.07,7.36,6.93,483532,367028795.0,5.95,-2.21,-0.16,3.78
2022-08-26,600821,7.1,7.18,7.44,7.08,462092,356680600.0,5.09,1.56,0.11,3.61
2022-08-29,600821,7.08,7.14,7.22,6.95,333698,252028545.0,3.76,-0.56,-0.04,2.61
2022-08-30,600821,7.23,7.09,7.26,6.95,335183,251442187.0,4.34,-0.7,-0.05,2.62
2022-08-31,600821,7.14,6.81,7.21,6.81,369433,273595951.0,5.64,-3.95,-0.28,2.88
2022-09-01,600821,6.79,6.66,6.95,6.56,310672,223282270.0,5.73,-2.2,-0.15,2.43
2022-09-02,600821,6.72,6.72,6.94,6.66,314402,227555451.0,4.2,0.9,0.06,2.46
2022-09-05,600821,6.76,7.08,7.13,6.69,558075,417163055.0,6.55,5.36,0.36,4.36
2022-09-06,600821,7.09,7.39,7.43,7.01,634259,491430165.0,5.93,4.38,0.31,4.95
2022-09-07,600821,7.33,7.39,7.45,7.18,503587,392471236.0,3.65,0.0,0.0,3.93
2022-09-08,600821,7.43,7.32,7.5,7.3,332573,261425294.0,2.71,-0.95,-0.07,2.6
2022-09-09,600821,7.27,7.15,7.35,7.12,307410,235279084.0,3.14,-2.32,-0.17,2.4
2022-09-13,600821,7.15,6.88,7.19,6.82,416422,307698284.0,5.17,-3.78,-0.27,3.25
2022-09-14,600821,6.85,6.69,6.94,6.64,392559,283108922.0,4.36,-2.76,-0.19,3.07
2022-09-15,600821,6.73,6.41,6.77,6.31,428043,298138715.0,6.88,-4.19,-0.28,3.34
2022-09-16,600821,6.37,6.25,6.47,6.25,243472,166325221.0,3.43,-2.5,-0.16,1.9
2022-09-19,600821,6.27,6.19,6.32,6.1,234555,156383898.0,3.52,-0.96,-0.06,1.83
2022-09-20,600821,6.28,6.33,6.4,6.21,197660,134066631.0,3.07,2.26,0.14,1.54
2022-09-21,600821,6.34,6.36,6.41,6.22,169149,115040424.0,3.0,0.47,0.03,1.32
2022-09-22,600821,6.29,6.2,6.33,6.16,309530,207570747.0,2.67,-2.52,-0.16,2.42
2022-09-23,600821,6.31,6.04,6.34,5.98,253345,167472802.0,5.81,-2.58,-0.16,1.98
2022-09-26,600821,5.96,5.87,6.11,5.81,232306,149960195.0,4.97,-2.81,-0.17,1.81
2022-09-27,600821,5.95,5.92,6.01,5.83,184669,117747337.0,3.07,0.85,0.05,1.44
2022-09-28,600821,5.92,5.64,5.95,5.64,218253,135911626.0,5.24,-4.73,-0.28,1.7
2022-09-29,600821,5.72,5.7,5.78,5.65,150013,92925095.0,2.3,1.06,0.06,1.17
2022-09-30,600821,5.7,5.66,5.73,5.61,172884,105991322.0,2.11,-0.7,-0.04,1.35
2022-10-10,600821,5.68,5.61,5.76,5.59,186533,114497875.0,3.0,-0.88,-0.05,1.46
2022-10-11,600821,5.64,5.72,5.75,5.57,157687,96963575.0,3.21,1.96,0.11,1.23
2022-10-12,600821,5.73,5.89,5.9,5.58,218439,135490022.0,5.59,2.97,0.17,1.71
2022-10-13,600821,5.84,5.99,6.05,5.82,202987,130403281.0,3.9,1.7,0.1,1.59
2022-10-14,600821,6.01,6.07,6.1,5.97,188302,122821763.0,2.17,1.34,0.08,1.47
2022-10-17,600821,6.01,6.05,6.08,5.94,178146,115529472.0,2.31,-0.33,-0.02,1.39
2022-10-18,600821,6.08,6.06,6.13,6.02,171751,112501666.0,1.82,0.17,0.01,1.34
2022-10-19,600821,6.05,5.96,6.1,5.94,182043,118144382.0,2.64,-1.65,-0.1,1.42
2022-10-20,600821,5.93,5.89,5.98,5.8,223511,141835902.0,3.02,-1.17,-0.07,1.75
2022-10-21,600821,6.0,6.53,6.53,5.99,572495,393598803.0,9.17,10.87,0.64,4.47
2022-10-24,600821,6.67,6.71,6.97,6.6,1018917,738712849.0,5.67,2.76,0.18,7.96
2022-10-25,600821,6.72,6.62,6.72,6.46,557760,393055689.0,3.87,-1.34,-0.09,4.36
2022-10-26,600821,6.56,6.78,6.81,6.53,585733,418711614.0,4.23,2.42,0.16,4.57
2022-10-27,600821,6.74,6.73,7.02,6.73,517332,378245975.0,4.28,-0.74,-0.05,4.04
2022-10-28,600821,6.71,6.5,6.78,6.47,447043,316261692.0,4.61,-3.42,-0.23,3.49
2022-10-31,600821,6.43,6.37,6.48,6.24,357584,244187562.0,3.69,-2.0,-0.13,2.79
2022-11-01,600821,6.49,6.67,6.75,6.39,420223,296928936.0,5.65,4.71,0.3,3.28
2022-11-02,600821,6.7,6.68,6.8,6.62,362172,259143575.0,2.7,0.15,0.01,2.83
2022-11-03,600821,6.7,6.81,6.88,6.6,469200,341123988.0,4.19,1.95,0.13,3.66
2022-11-04,600821,6.81,6.97,6.99,6.75,487709,358339919.0,3.52,2.35,0.16,3.81
2022-11-07,600821,6.98,6.87,6.98,6.79,335543,246712175.0,2.73,-1.43,-0.1,2.62
2022-11-08,600821,6.91,6.78,6.94,6.73,222204,161296760.0,3.06,-1.31,-0.09,1.74
2022-11-09,600821,6.82,6.77,6.85,6.75,181090,131581923.0,1.47,-0.15,-0.01,1.41
2022-11-10,600821,6.81,6.91,6.98,6.69,319965,234369081.0,4.28,2.07,0.14,2.5
2022-11-11,600821,7.13,6.89,7.2,6.87,353297,263756445.0,4.78,-0.29,-0.02,2.76
2022-11-14,600821,6.85,6.72,6.93,6.71,271640,197687077.0,3.19,-2.47,-0.17,2.12
2022-11-15,600821,6.76,6.89,6.96,6.74,232150,170328626.0,3.27,2.53,0.17,1.81
2022-11-16,600821,6.94,6.94,7.27,6.89,374168,281970015.0,5.52,0.73,0.05,2.92
2022-11-17,600821,6.94,6.89,6.97,6.79,178998,130851287.0,2.59,-0.72,-0.05,1.4
2022-11-18,600821,6.92,6.8,7.08,6.78,193614,142476417.0,4.35,-1.31,-0.09,1.51
2022-11-21,600821,6.62,6.75,6.82,6.62,177651,128184219.0,2.94,-0.74,-0.05,1.39
2022-11-22,600821,6.75,6.53,6.8,6.53,294262,208987310.0,4.0,-3.26,-0.22,2.3
2022-11-23,600821,6.53,6.73,6.75,6.47,284830,201541633.0,4.29,3.06,0.2,2.22
2022-11-24,600821,6.74,6.7,6.85,6.69,166948,120683244.0,2.38,-0.45,-0.03,1.3
2022-11-25,600821,6.67,6.63,6.7,6.59,138496,98305575.0,1.64,-1.04,-0.07,1.08
2022-11-28,600821,6.56,6.69,6.75,6.49,196985,140661693.0,3.92,0.9,0.06,1.54
2022-11-29,600821,6.71,6.71,6.74,6.6,183288,130842097.0,2.09,0.3,0.02,1.43
2022-11-30,600821,6.71,6.7,6.83,6.68,182119,131275320.0,2.24,-0.15,-0.01,1.42
2022-12-01,600821,6.75,6.71,6.78,6.7,143355,103197405.0,1.19,0.15,0.01,1.12
2022-12-02,600821,6.73,6.72,6.97,6.63,341298,247624055.0,5.07,0.15,0.01,2.67
2022-12-05,600821,6.69,6.74,6.77,6.65,197276,141453030.0,1.79,0.3,0.02,1.54
2022-12-06,600821,6.77,6.57,6.77,6.56,255853,181715364.0,3.12,-2.52,-0.17,2.0
2022-12-07,600821,6.58,6.45,6.63,6.43,277345,193614369.0,3.04,-1.83,-0.12,2.17
2022-12-08,600821,6.42,6.44,6.53,6.42,172767,119821910.0,1.71,-0.16,-0.01,1.35
2022-12-09,600821,6.44,6.34,6.47,6.28,427159,290883980.0,2.95,-1.55,-0.1,3.34
2022-12-12,600821,6.3,6.21,6.33,6.11,285972,190075643.0,3.47,-2.05,-0.13,2.23
2022-12-13,600821,6.18,6.18,6.26,6.16,147926,98715774.0,1.61,-0.48,-0.03,1.16
2022-12-14,600821,6.19,6.14,6.2,6.11,127535,84325604.0,1.46,-0.65,-0.04,1.0
2022-12-15,600821,6.14,6.26,6.37,6.08,219542,146898894.0,4.72,1.95,0.12,1.71
2022-12-16,600821,6.23,6.15,6.27,6.12,144286,95847045.0,2.4,-1.76,-0.11,1.13
2022-12-19,600821,6.15,6.0,6.18,5.99,122138,79875996.0,3.09,-2.44,-0.15,0.95
2022-12-20,600821,5.99,6.13,6.18,5.94,172098,113065152.0,4.0,2.17,0.13,1.34
2022-12-21,600821,6.11,6.05,6.14,5.99,114558,74826253.0,2.45,-1.31,-0.08,0.89
2022-12-22,600821,6.06,5.88,6.16,5.88,144124,92851033.0,4.63,-2.81,-0.17,1.13
2022-12-23,600821,5.85,5.87,5.92,5.81,101620,64377350.0,1.87,-0.17,-0.01,0.79
2022-12-26,600821,5.91,6.13,6.15,5.85,185802,121064526.0,5.11,4.43,0.26,1.45
2022-12-27,600821,6.12,6.16,6.26,6.07,187583,124329249.0,3.1,0.49,0.03,1.46
2022-12-28,600821,6.19,6.43,6.61,6.11,631178,436004640.0,8.12,4.38,0.27,4.93
2022-12-29,600821,6.35,6.52,6.63,6.33,543123,379766360.0,4.67,1.4,0.09,4.24
2022-12-30,600821,6.5,6.77,6.83,6.5,456122,329199599.0,5.06,3.83,0.25,3.56
2023-01-03,600821,6.76,7.09,7.15,6.63,616732,459644313.0,7.68,4.73,0.32,4.82
2023-01-04,600821,7.07,7.08,7.17,7.0,461837,348591288.0,2.4,-0.14,-0.01,3.61
2023-01-05,600821,7.13,7.23,7.32,6.98,520878,399352712.0,4.8,2.12,0.15,4.07
2023-01-06,600821,7.19,7.49,7.73,7.14,606323,483094776.0,8.16,3.6,0.26,4.73
2023-01-09,600821,7.48,7.27,7.55,7.23,505780,393798635.0,4.27,-2.94,-0.22,3.95
2023-01-10,600821,7.24,7.13,7.35,7.09,323721,247543961.0,3.58,-1.93,-0.14,2.53
2023-01-11,600821,7.16,7.03,7.17,6.99,297204,224646757.0,2.52,-1.4,-0.1,2.32
2023-01-12,600821,7.03,7.03,7.27,7.01,322747,244199902.0,3.7,0.0,0.0,2.52
2023-01-13,600821,7.13,7.1,7.18,7.04,281905,213082375.0,1.99,1.0,0.07,2.2
2023-01-16,600821,7.15,7.19,7.33,7.06,377362,289406361.0,3.8,1.27,0.09,2.95
2023-01-17,600821,7.21,7.21,7.42,7.15,283899,219049454.0,3.76,0.28,0.02,2.22
2023-01-18,600821,7.23,7.16,7.25,7.14,146315,112079834.0,1.53,-0.69,-0.05,1.14
2023-01-19,600821,6.93,7.01,7.09,6.9,317955,237814228.0,2.65,-2.09,-0.15,2.48
2023-01-20,600821,7.08,7.08,7.11,6.99,172811,130140888.0,1.71,1.0,0.07,1.35
2023-01-30,600821,7.2,7.0,7.24,6.98,255552,192603983.0,3.67,-1.13,-0.08,2.0
2023-01-31,600821,6.97,7.02,7.09,6.94,177959,133090915.0,2.14,0.29,0.02,1.39
2023-02-01,600821,7.04,7.08,7.13,6.94,263664,197561356.0,2.71,0.85,0.06,2.06
2023-02-02,600821,7.03,7.03,7.09,6.96,206471,154670739.0,1.84,-0.71,-0.05,1.61
2023-02-03,600821,7.02,6.89,7.02,6.78,249017,182613789.0,3.41,-1.99,-0.14,1.94
2023-02-06,600821,6.92,7.06,7.12,6.86,330362,247347307.0,3.77,2.47,0.17,2.58
2023-02-07,600821,7.06,7.23,7.45,7.03,539835,418298497.0,5.95,2.41,0.17,4.22
2023-02-08,600821,7.21,7.08,7.26,7.06,220294,167800591.0,2.77,-2.07,-0.15,1.72
2023-02-09,600821,7.09,7.1,7.14,6.97,214917,162054701.0,2.4,0.28,0.02,1.68
2023-02-10,600821,7.05,7.15,7.19,7.0,197268,149190814.0,2.68,0.7,0.05,1.54
2023-02-13,600821,7.15,7.26,7.45,7.13,412718,320389286.0,4.48,1.54,0.11,3.22
2023-02-14,600821,7.3,7.31,7.37,7.21,224178,174117304.0,2.2,0.69,0.05,1.75
2023-02-15,600821,7.39,7.17,7.45,7.11,308730,237857914.0,4.65,-1.92,-0.14,2.41
2023-02-16,600821,7.15,6.95,7.17,6.86,312996,234751848.0,4.32,-3.07,-0.22,2.44
2023-02-17,600821,6.9,6.88,7.0,6.87,156566,115768602.0,1.87,-1.01,-0.07,1.22
2023-02-20,600821,6.88,6.91,6.92,6.79,148102,108560471.0,1.89,0.44,0.03,1.16
2023-02-21,600821,6.91,6.9,6.97,6.85,120125,88652301.0,1.74,-0.14,-0.01,0.94
2023-02-22,600821,6.87,6.9,6.93,6.85,124018,91258903.0,1.16,0.0,0.0,0.97
2023-02-23,600821,6.87,6.94,6.99,6.86,154496,114224649.0,1.88,0.58,0.04,1.21
2023-02-24,600821,6.96,6.91,7.03,6.86,157730,116622609.0,2.45,-0.43,-0.03,1.23
2023-02-27,600821,6.91,6.93,7.03,6.83,164889,122294308.0,2.89,0.29,0.02,1.29
2023-02-28,600821,6.96,7.03,7.1,6.94,210640,157758118.0,2.31,1.44,0.1,1.64
2023-03-01,600821,7.06,7.01,7.08,6.99,131518,98508463.0,1.28,-0.28,-0.02,1.03
2023-03-02,600821,7.01,6.93,7.05,6.93,136872,101949539.0,1.71,-1.14,-0.08,1.07
2023-03-03,600821,6.91,6.97,7.02,6.89,137166,101950475.0,1.88,0.58,0.04,1.07
2023-03-06,600821,6.98,7.02,7.08,6.91,186996,139690965.0,2.44,0.72,0.05,1.46
2023-03-07,600821,7.03,6.84,7.06,6.84,204212,151534163.0,3.13,-2.56,-0.18,1.59
2023-03-08,600821,6.86,6.88,6.93,6.81,142866,104812732.0,1.75,0.58,0.04,1.12
2023-03-09,600821,6.9,6.68,6.9,6.66,239604,172712135.0,3.49,-2.91,-0.2,1.87
2023-03-10,600821,6.66,6.58,6.69,6.44,229725,161338206.0,3.74,-1.5,-0.1,1.79
2023-03-13,600821,6.53,6.57,6.62,6.51,131088,92283098.0,1.67,-0.15,-0.01,1.02
2023-03-14,600821,6.61,6.53,6.65,6.48,161254,113162858.0,2.59,-0.61,-0.04,1.26
2023-03-15,600821,6.54,6.64,6.65,6.54,107272,75985708.0,1.68,1.68,0.11,0.84
2023-03-16,600821,6.62,6.44,6.62,6.43,153020,106668317.0,2.86,-3.01,-0.2,1.19
2023-03-17,600821,6.5,6.38,6.54,6.33,185305,127654151.0,3.26,-0.93,-0.06,1.45
2023-03-20,600821,6.41,6.35,6.45,6.32,128098,87708386.0,2.04,-0.47,-0.03,1.0
2023-03-21,600821,6.37,6.41,6.44,6.35,101199,69495889.0,1.42,0.94,0.06,0.79
2023-03-22,600821,6.44,6.35,6.47,6.33,117635,80622993.0,2.18,-0.94,-0.06,0.92
2023-03-23,600821,6.34,6.31,6.35,6.25,131810,89174632.0,1.57,-0.63,-0.04,1.03
2023-03-24,600821,6.31,6.63,6.65,6.29,313603,218718619.0,5.71,5.07,0.32,2.45
2023-03-27,600821,6.65,6.4,6.78,6.38,455122,316887497.0,6.03,-3.47,-0.23,3.55
2023-03-28,600821,6.4,6.21,6.42,6.19,262608,176764609.0,3.59,-2.97,-0.19,2.05
2023-03-29,600821,6.21,6.26,6.35,6.21,166757,112718335.0,2.25,0.81,0.05,1.3
2023-03-30,600821,6.23,6.32,6.32,6.19,143884,96912229.0,2.08,0.96,0.06,1.12
2023-03-31,600821,6.36,6.27,6.46,6.23,207828,141419732.0,3.64,-0.79,-0.05,1.62
2023-04-03,600821,6.26,6.54,6.57,6.19,346744,239910420.0,6.06,4.31,0.27,2.71
2023-04-04,600821,6.54,6.51,6.68,6.46,236714,166225745.0,3.36,-0.46,-0.03,1.85
2023-04-06,600821,6.5,6.5,6.56,6.44,129269,90160472.0,1.84,-0.15,-0.01,1.01
2023-04-07,600821,6.5,6.52,6.58,6.47,115889,80901967.0,1.69,0.31,0.02,0.9
2023-04-10,600821,6.54,6.59,6.62,6.5,216519,152431876.0,1.84,1.07,0.07,1.69
2023-04-11,600821,6.59,6.52,6.6,6.5,154452,108205641.0,1.52,-1.06,-0.07,1.21
2023-04-12,600821,6.51,6.46,6.57,6.45,137847,95851715.0,1.84,-0.92,-0.06,1.08
2023-04-13,600821,6.48,6.46,6.6,6.45,141052,98587825.0,2.32,0.0,0.0,1.1
2023-04-14,600821,6.46,6.49,6.54,6.4,130934,90987180.0,2.17,0.46,0.03,1.02
2023-04-17,600821,6.48,6.52,6.56,6.45,136440,95038717.0,1.69,0.46,0.03,1.07
2023-04-18,600821,6.51,6.41,6.54,6.4,126971,87864084.0,2.15,-1.69,-0.11,0.99
2023-04-19,600821,6.42,6.35,6.46,6.34,107967,74127339.0,1.87,-0.94,-0.06,0.84
2023-04-20,600821,6.33,6.3,6.35,6.21,119377,80394742.0,2.2,-0.79,-0.05,0.93
2023-04-21,600821,6.3,6.09,6.3,6.08,190104,126216113.0,3.49,-3.33,-0.21,1.48
2023-04-24,600821,6.09,6.09,6.21,5.93,181880,118963822.0,4.6,0.0,0.0,1.42
2023-04-25,600821,6.05,6.04,6.17,5.9,172582,111931429.0,4.43,-0.82,-0.05,1.35
2023-04-26,600821,5.98,6.16,6.19,5.95,140487,92881941.0,3.97,1.99,0.12,1.1
2023-04-27,600821,6.19,6.08,6.19,6.01,125788,82390024.0,2.92,-1.3,-0.08,0.98
2023-04-28,600821,6.04,6.11,6.12,6.0,114651,74971126.0,1.97,0.49,0.03,0.9
2023-05-04,600821,6.17,6.34,6.41,6.17,222726,151410924.0,3.93,3.76,0.23,1.74
2023-05-05,600821,6.33,6.24,6.36,6.16,175251,117489231.0,3.15,-1.58,-0.1,1.37
2023-05-08,600821,6.27,6.19,6.34,6.18,186241,125295702.0,2.56,-0.8,-0.05,1.45
2023-05-09,600821,6.17,6.05,6.2,5.93,354372,231080787.0,4.36,-2.26,-0.14,2.03
2023-05-10,600821,6.04,5.84,6.05,5.76,365797,232192251.0,4.79,-3.47,-0.21,2.1
2023-05-11,600821,5.83,5.89,5.97,5.77,246481,156270905.0,3.42,0.86,0.05,1.42
2023-05-12,600821,5.85,6.01,6.1,5.85,220730,142900681.0,4.24,2.04,0.12,1.27
2023-05-15,600821,6.03,6.03,6.13,5.96,211636,137608337.0,2.83,0.33,0.02,1.22
2023-05-16,600821,6.05,6.02,6.09,5.95,134146,87218107.0,2.32,-0.17,-0.01,0.77
2023-05-17,600821,6.02,6.1,6.11,5.98,124453,81227842.0,2.16,1.33,0.08,0.71
2023-05-18,600821,6.09,6.11,6.23,6.06,158572,104939178.0,2.79,0.16,0.01,0.91
2023-05-19,600821,6.13,6.04,6.14,6.01,108521,70966027.0,2.13,-1.15,-0.07,0.62
2023-05-22,600821,6.04,6.14,6.21,5.98,195693,129775389.0,3.81,1.66,0.1,1.12
2023-05-23,600821,6.17,6.04,6.19,6.04,144537,95023374.0,2.44,-1.63,-0.1,0.83
2023-05-24,600821,5.99,5.99,6.11,5.98,146918,95476640.0,2.15,-0.83,-0.05,0.84
2023-05-25,600821,6.01,6.33,6.36,5.99,447993,301828903.0,6.18,5.68,0.34,2.57
2023-05-26,600821,6.3,6.34,6.36,6.19,270754,182540682.0,2.69,0.16,0.01,1.55
2023-05-29,600821,6.33,6.32,6.42,6.29,225326,153812235.0,2.05,-0.32,-0.02,1.29
2023-05-30,600821,6.37,6.46,6.55,6.37,329976,228835352.0,2.85,2.22,0.14,1.89
2023-05-31,600821,6.48,6.36,6.5,6.3,242962,166045588.0,3.1,-1.55,-0.1,1.4
2023-06-01,600821,6.32,6.34,6.43,6.26,171863,117285942.0,2.67,-0.31,-0.02,0.99
2023-06-02,600821,6.36,6.35,6.45,6.34,138537,94884374.0,1.74,0.16,0.01,0.8
2023-06-05,600821,6.33,6.33,6.4,6.31,106310,72466142.0,1.42,-0.31,-0.02,0.61
2023-06-06,600821,6.33,6.18,6.35,6.16,158377,105994820.0,3.0,-2.37,-0.15,0.91
2023-06-07,600821,6.21,6.16,6.23,6.09,126257,83524331.0,2.27,-0.32,-0.02,0.72
2023-06-08,600821,6.2,6.17,6.21,6.12,98171,65163131.0,1.46,0.16,0.01,0.56
2023-06-09,600821,6.17,6.52,6.54,6.16,445485,308417361.0,6.16,5.67,0.35,2.56
2023-06-12,600821,6.52,6.39,6.54,6.38,213057,147144575.0,2.45,-1.99,-0.13,1.22
2023-06-13,600821,6.41,6.31,6.43,6.27,174346,118445424.0,2.5,-1.25,-0.08,1.0
2023-06-14,600821,6.29,6.28,6.35,6.24,144945,97682843.0,1.74,-0.48,-0.03,0.83
2023-06-15,600821,6.28,6.32,6.33,6.21,216039,145745944.0,1.91,0.64,0.04,1.24
2023-06-16,600821,6.31,6.3,6.39,6.26,207430,140498433.0,2.06,-0.32,-0.02,1.19
2023-06-19,600821,6.3,6.37,6.38,6.23,223122,151663696.0,2.38,1.11,0.07,1.28
2023-06-20,600821,6.36,6.28,6.37,6.25,145141,98297966.0,1.88,-1.41,-0.09,0.83
2023-06-21,600821,6.31,6.23,6.36,6.23,152267,102899448.0,2.07,-0.8,-0.05,0.87
2023-06-26,600821,6.22,6.35,6.43,6.18,242460,165008396.0,4.01,1.93,0.12,1.39
2023-06-27,600821,6.35,6.3,6.35,6.2,207806,140026916.0,2.36,-0.79,-0.05,1.19
2023-06-28,600821,6.29,6.41,6.43,6.27,254270,174275327.0,2.54,1.75,0.11,1.46
2023-06-29,600821,6.42,6.38,6.45,6.31,148669,101773478.0,2.18,-0.47,-0.03,0.85
2023-06-30,600821,6.37,6.42,6.52,6.32,215135,148464865.0,3.13,0.63,0.04,1.24
2023-07-03,600821,6.4,6.49,6.53,6.37,211288,146601913.0,2.49,1.09,0.07,1.21
2023-07-04,600821,6.48,6.42,6.48,6.39,147470,101661196.0,1.39,-1.08,-0.07,0.85
2023-07-05,600821,6.42,6.36,6.48,6.33,149221,102339637.0,2.34,-0.93,-0.06,0.86
2023-07-06,600821,6.35,6.3,6.42,6.27,120470,81859501.0,2.36,-0.94,-0.06,0.69
2023-07-07,600821,6.31,6.37,6.39,6.25,167790,113804205.0,2.22,1.11,0.07,0.96
2023-07-10,600821,6.37,6.46,6.52,6.37,243718,168971172.0,2.35,1.41,0.09,1.4
2023-07-11,600821,6.47,6.4,6.52,6.38,127146,87416812.0,2.17,-0.93,-0.06,0.73
2023-07-12,600821,6.39,6.38,6.44,6.33,155770,106677812.0,1.72,-0.31,-0.02,0.89
2023-07-13,600821,6.43,6.38,6.45,6.35,135454,92934254.0,1.57,0.0,0.0,0.78
2023-07-14,600821,6.39,6.31,6.39,6.29,127362,86554392.0,1.57,-1.1,-0.07,0.73
2023-07-17,600821,6.26,6.23,6.31,6.18,143363,96104574.0,2.06,-1.27,-0.08,0.82
2023-07-18,600821,6.24,6.19,6.25,6.12,123246,81957643.0,2.09,-0.64,-0.04,0.71
2023-07-19,600821,6.15,6.12,6.19,6.08,99750,65883719.0,1.78,-1.13,-0.07,0.57
2023-07-20,600821,6.14,6.04,6.15,6.03,110247,72208052.0,1.96,-1.31,-0.08,0.63
2023-07-21,600821,6.05,6.07,6.1,6.01,78705,51364512.0,1.49,0.5,0.03,0.45
2023-07-24,600821,6.07,6.03,6.11,6.03,94869,61996800.0,1.32,-0.66,-0.04,0.54
2023-07-25,600821,6.07,6.14,6.15,6.07,91937,60494414.0,1.33,1.82,0.11,0.53
2023-07-26,600821,6.13,6.12,6.15,6.08,49971,32851882.0,1.14,-0.33,-0.02,0.29
2023-07-27,600821,6.12,6.01,6.15,5.99,97617,63753358.0,2.61,-1.8,-0.11,0.56
2023-07-28,600821,6.03,6.07,6.09,5.95,88405,57480705.0,2.33,1.0,0.06,0.51
2023-07-31,600821,6.08,6.1,6.15,6.08,85152,56083240.0,1.15,0.49,0.03,0.49
2023-08-01,600821,6.14,6.1,6.14,6.08,81632,53642371.0,0.98,0.0,0.0,0.47
2023-08-02,600821,6.1,6.05,6.11,6.02,95302,62111893.0,1.48,-0.82,-0.05,0.55
2023-08-03,600821,6.05,6.11,6.16,6.03,135106,88950663.0,2.15,0.99,0.06,0.78
2023-08-04,600821,6.14,6.13,6.33,6.12,195605,130434461.0,3.44,0.33,0.02,1.12
2023-08-07,600821,6.15,6.07,6.16,6.05,107254,70226870.0,1.79,-0.98,-0.06,0.62
2023-08-08,600821,6.07,6.02,6.07,5.99,102241,66387921.0,1.32,-0.82,-0.05,0.59
2023-08-09,600821,6.03,6.01,6.05,5.99,74337,48219867.0,1.0,-0.17,-0.01,0.43
2023-08-10,600821,6.01,6.01,6.05,5.99,63111,40927345.0,1.0,0.0,0.0,0.36
2023-08-11,600821,6.0,5.94,6.02,5.91,96014,61745990.0,1.83,-1.16,-0.07,0.55
2023-08-14,600821,5.89,5.99,6.01,5.85,88374,56588994.0,2.69,0.84,0.05,0.51
2023-08-15,600821,5.99,5.97,6.01,5.94,63994,41193270.0,1.17,-0.33,-0.02,0.37
2023-08-16,600821,5.96,6.02,6.05,5.93,105541,68368102.0,2.01,0.84,0.05,0.61
2023-08-17,600821,6.02,6.07,6.09,5.93,130914,85121905.0,2.66,0.83,0.05,0.75
2023-08-18,600821,6.07,6.04,6.1,6.02,129449,84592560.0,1.32,-0.49,-0.03,0.74
2023-08-21,600821,5.98,5.99,6.08,5.98,88329,57421440.0,1.66,-0.83,-0.05,0.51
2023-08-22,600821,5.98,6.01,6.04,5.92,134553,86608106.0,2.0,0.33,0.02,0.77
2023-08-23,600821,6.01,5.89,6.02,5.85,146318,94095541.0,2.83,-2.0,-0.12,0.84
2023-08-24,600821,5.86,5.84,5.93,5.75,160051,101322937.0,3.06,-0.85,-0.05,0.92
2023-08-25,600821,5.84,5.99,6.06,5.78,179899,115252257.0,4.79,2.57,0.15,1.03
2023-08-28,600821,6.26,5.85,6.31,5.81,272847,177292469.0,8.35,-2.34,-0.14,1.37
2023-08-29,600821,5.84,6.07,6.08,5.84,186155,120541523.0,4.1,3.76,0.22,0.93
2023-08-30,600821,6.08,6.24,6.28,6.05,256393,170912694.0,3.79,2.8,0.17,1.28
2023-08-31,600821,6.27,6.27,6.29,6.12,242726,162569675.0,2.72,0.48,0.03,1.22
2023-09-01,600821,6.27,6.45,6.52,6.27,402957,276953318.0,3.99,2.87,0.18,2.02
2023-09-04,600821,6.45,6.54,6.58,6.36,368500,257228464.0,3.41,1.4,0.09,1.85
2023-09-05,600821,6.49,6.56,6.63,6.48,273806,192661046.0,2.29,0.31,0.02,1.37
2023-09-06,600821,6.55,6.53,6.63,6.48,291459,204242636.0,2.29,-0.46,-0.03,1.46
2023-09-07,600821,6.52,6.33,6.52,6.33,258865,177862922.0,2.91,-3.06,-0.2,1.3
2023-09-08,600821,6.35,6.37,6.41,6.28,106714,72842373.0,2.05,0.63,0.04,0.53
2023-09-11,600821,6.4,6.38,6.44,6.34,146228,100309879.0,1.57,0.16,0.01,0.73
2023-09-12,600821,6.38,6.35,6.45,6.32,100927,69046933.0,2.04,-0.47,-0.03,0.51
2023-09-13,600821,6.36,6.35,6.41,6.31,135794,92735023.0,1.57,0.0,0.0,0.68
2023-09-14,600821,6.37,6.34,6.39,6.31,99544,67780324.0,1.26,-0.16,-0.01,0.5
2023-09-15,600821,6.37,6.31,6.39,6.28,148683,101176883.0,1.74,-0.47,-0.03,0.74
2023-09-18,600821,6.31,6.34,6.39,6.24,213172,145060841.0,2.38,0.48,0.03,1.07
2023-09-19,600821,6.35,6.31,6.37,6.29,141896,96561379.0,1.26,-0.47,-0.03,0.71
2023-09-20,600821,6.31,6.23,6.32,6.23,108813,73317197.0,1.43,-1.27,-0.08,0.54
2023-09-21,600821,6.25,6.16,6.25,6.15,106906,71182506.0,1.61,-1.12,-0.07,0.54
2023-09-22,600821,6.16,6.14,6.23,6.13,132063,87570311.0,1.62,-0.32,-0.02,0.66
2023-09-25,600821,6.14,6.16,6.23,6.08,133918,88794661.0,2.44,0.33,0.02,0.67
2023-09-26,600821,6.17,6.07,6.2,6.05,114707,75368359.0,2.44,-1.46,-0.09,0.57
2023-09-27,600821,6.08,6.1,6.15,6.06,94113,62031945.0,1.48,0.49,0.03,0.47
2023-09-28,600821,6.12,6.13,6.17,6.08,91438,60217173.0,1.48,0.49,0.03,0.46
2023-10-09,600821,6.11,6.16,6.2,6.1,159579,105714951.0,1.63,0.49,0.03,0.8
2023-10-10,600821,6.17,6.21,6.25,6.14,117420,78461017.0,1.79,0.81,0.05,0.59
2023-10-11,600821,6.21,6.28,6.45,6.19,165467,112516586.0,4.19,1.13,0.07,0.83
2023-10-12,600821,6.28,6.33,6.36,6.26,87384,59312776.0,1.59,0.8,0.05,0.44
2023-10-13,600821,6.32,6.29,6.38,6.27,98138,66514825.0,1.74,-0.63,-0.04,0.49
2023-10-16,600821,6.3,6.29,6.36,6.26,151997,101608922.0,1.59,0.0,0.0,0.76
2023-10-17,600821,6.3,6.27,6.33,6.26,87506,58298975.0,1.11,-0.32,-0.02,0.44
2023-10-18,600821,6.29,6.09,6.29,6.08,139751,90907459.0,3.35,-2.87,-0.18,0.7
2023-10-19,600821,6.09,6.08,6.14,5.98,186496,120154157.0,2.63,-0.16,-0.01,0.93
2023-10-20,600821,6.12,6.25,6.32,6.04,329875,218430861.0,4.61,2.8,0.17,1.65
2023-10-23,600821,6.23,6.01,6.26,5.95,291627,187464316.0,4.96,-3.84,-0.24,1.46
2023-10-24,600821,6.04,6.14,6.19,5.9,187360,120663899.0,4.83,2.16,0.13,0.94
2023-10-25,600821,6.23,6.24,6.24,6.12,156768,102662908.0,1.95,1.63,0.1,0.78
2023-10-26,600821,6.24,6.42,6.53,6.24,439320,297745622.0,4.65,2.88,0.18,2.2
2023-10-27,600821,6.39,6.47,6.5,6.34,282904,192612913.0,2.49,0.78,0.05,1.42
2023-10-30,600821,6.43,6.47,6.57,6.41,240148,165070828.0,2.47,0.0,0.0,1.2
2023-10-31,600821,6.46,6.41,6.49,6.39,106065,72053734.0,1.55,-0.93,-0.06,0.53
2023-11-01,600821,6.37,6.39,6.45,6.35,91545,61848073.0,1.56,-0.31,-0.02,0.46
2023-11-02,600821,6.39,6.34,6.43,6.31,96192,64577172.0,1.88,-0.78,-0.05,0.48
2023-11-03,600821,6.36,6.31,6.37,6.29,123416,82727116.0,1.26,-0.47,-0.03,0.62
2023-11-06,600821,6.34,6.36,6.38,6.32,135011,90740867.0,0.95,0.79,0.05,0.68
2023-11-07,600821,6.37,6.29,6.39,6.27,140639,93944905.0,1.89,-1.1,-0.07,0.7
2023-11-08,600821,6.31,6.26,6.31,6.21,115177,76328225.0,1.59,-0.48,-0.03,0.58
2023-11-09,600821,6.24,6.19,6.3,6.18,105228,69463645.0,1.92,-1.12,-0.07,0.53
2023-11-10,600821,6.17,6.22,6.25,6.11,97009,63498067.0,2.26,0.48,0.03,0.49
2023-11-13,600821,6.21,6.22,6.29,6.16,124457,81811180.0,2.09,0.0,0.0,0.62
2023-11-14,600821,6.22,6.12,6.25,6.11,169490,110471584.0,2.25,-1.61,-0.1,0.85
2023-11-15,600821,6.13,6.12,6.16,6.1,135088,87737724.0,0.98,0.0,0.0,0.68
2023-11-16,600821,6.13,6.02,6.15,6.02,166146,107001061.0,2.12,-1.63,-0.1,0.83
2023-11-17,600821,6.04,6.03,6.04,5.98,121692,77656217.0,1.0,0.17,0.01,0.61
2023-11-20,600821,6.03,6.06,6.08,6.02,156036,100132793.0,1.0,0.5,0.03,0.78
2023-11-21,600821,6.06,6.07,6.1,6.05,108520,69957327.0,0.83,0.17,0.01,0.54
2023-11-22,600821,6.1,6.03,6.11,5.98,163724,104940678.0,2.14,-0.66,-0.04,0.82
2023-11-23,600821,6.03,6.09,6.1,6.0,104454,67159222.0,1.66,1.0,0.06,0.52
2023-11-24,600821,6.08,6.19,6.2,6.04,173072,112641896.0,2.63,1.64,0.1,0.87
2023-11-27,600821,6.28,6.29,6.38,6.21,346421,230779621.0,2.75,1.62,0.1,1.73
2023-11-28,600821,6.28,6.2,6.28,6.1,148156,97352582.0,2.86,-1.43,-0.09,0.74
2023-11-29,600821,6.21,6.15,6.22,6.13,101602,66445467.0,1.45,-0.81,-0.05,0.51
2023-11-30,600821,6.15,6.17,6.22,6.14,84530,55409990.0,1.3,0.33,0.02,0.42
2023-12-01,600821,6.16,6.2,6.24,6.15,82583,54286101.0,1.46,0.49,0.03,0.41
2023-12-04,600821,6.2,6.21,6.25,6.14,110993,72917276.0,1.77,0.16,0.01,0.56
2023-12-05,600821,6.23,6.13,6.27,6.11,126361,82929721.0,2.58,-1.29,-0.08,0.63
2023-12-06,600821,6.12,6.23,6.26,6.11,161922,106681725.0,2.45,1.63,0.1,0.81
2023-12-07,600821,6.26,6.27,6.3,6.18,218529,144522964.0,1.93,0.64,0.04,1.09
2023-12-08,600821,6.3,6.25,6.38,6.24,480413,321715074.0,2.23,-0.32,-0.02,2.41
2023-12-11,600821,6.18,6.26,6.29,6.15,126307,83537546.0,2.24,0.16,0.01,0.63
2023-12-12,600821,6.25,6.19,6.28,6.19,90827,59721608.0,1.44,-1.12,-0.07,0.45
2023-12-13,600821,6.19,6.1,6.22,6.09,121994,79479637.0,2.1,-1.45,-0.09,0.61
2023-12-14,600821,6.1,6.07,6.15,6.05,115666,74735141.0,1.64,-0.49,-0.03,0.58
2023-12-15,600821,6.1,6.06,6.11,5.99,145568,93279781.0,1.98,-0.16,-0.01,0.73
2023-12-18,600821,6.02,5.88,6.04,5.85,145392,91866878.0,3.14,-2.97,-0.18,0.73
2023-12-19,600821,5.88,5.75,5.89,5.71,122756,75607596.0,3.06,-2.21,-0.13,0.61
2023-12-20,600821,5.77,5.71,5.84,5.71,81811,50232630.0,2.26,-0.7,-0.04,0.41
2023-12-21,600821,5.72,5.74,5.79,5.64,75023,45589339.0,2.63,0.53,0.03,0.38
2023-12-22,600821,5.71,5.68,5.73,5.64,95493,57759815.0,1.57,-1.05,-0.06,0.48
2023-12-25,600821,5.68,5.6,5.69,5.53,88363,52765789.0,2.82,-1.41,-0.08,0.44
2023-12-26,600821,5.59,5.5,5.66,5.45,82590,48790021.0,3.75,-1.79,-0.1,0.41
2023-12-27,600821,5.53,5.54,5.58,5.43,91341,53492148.0,2.73,0.73,0.04,0.46
2023-12-28,600821,5.51,5.68,5.7,5.49,107504,64510884.0,3.79,2.53,0.14,0.54
2023-12-29,600821,5.65,5.75,5.76,5.64,102491,62306233.0,2.11,1.23,0.07,0.51
2024-01-02,600821,5.73,5.75,5.82,5.72,65769,40477004.0,1.74,0.0,0.0,0.33
2024-01-03,600821,5.74,5.76,5.79,5.72,59641,36536504.0,1.22,0.17,0.01,0.3
2024-01-04,600821,5.79,5.74,5.8,5.73,57011,34919686.0,1.22,-0.35,-0.02,0.29
2024-01-05,600821,5.76,5.65,5.76,5.62,74050,44929843.0,2.44,-1.57,-0.09,0.37
2024-01-08,600821,5.66,5.56,5.67,5.53,73937,44198583.0,2.48,-1.59,-0.09,0.37
2024-01-09,600821,5.56,5.57,5.64,5.49,50732,30184098.0,2.7,0.18,0.01,0.25
2024-01-10,600821,5.57,5.52,5.6,5.49,63036,37241968.0,1.97,-0.9,-0.05,0.32
2024-01-11,600821,5.51,5.58,5.62,5.49,64678,38306792.0,2.36,1.09,0.06,0.32
2024-01-12,600821,5.58,5.58,5.7,5.55,89112,53457130.0,2.69,0.0,0.0,0.45
2024-01-15,600821,5.6,5.5,5.63,5.49,137028,81007325.0,2.51,-1.43,-0.08,0.69
2024-01-16,600821,5.49,5.41,5.51,5.26,215219,123217926.0,4.55,-1.64,-0.09,1.08
2024-01-17,600821,5.4,5.44,5.46,5.29,136460,78425481.0,3.14,0.55,0.03,0.68
2024-01-18,600821,5.37,5.32,5.43,5.14,178651,100601586.0,5.33,-2.21,-0.12,0.89
2024-01-19,600821,5.27,5.13,5.3,5.13,99659,55459413.0,3.2,-3.57,-0.19,0.5
2024-01-22,600821,5.09,4.93,5.11,4.81,169580,90146844.0,5.85,-3.9,-0.2,0.85
2024-01-23,600821,4.83,4.94,4.96,4.73,108176,56556073.0,4.67,0.2,0.01,0.54
2024-01-24,600821,4.95,4.99,4.99,4.77,94401,49826188.0,4.45,1.01,0.05,0.47
2024-01-25,600821,4.97,5.17,5.21,4.94,88117,48098678.0,5.41,3.61,0.18,0.44
2024-01-26,600821,5.16,5.3,5.32,5.15,101498,57194705.0,3.29,2.51,0.13,0.51
2024-01-29,600821,5.32,5.24,5.38,5.21,119485,67246259.0,3.21,-1.13,-0.06,0.6
2024-01-30,600821,5.22,5.11,5.26,5.09,80244,44533729.0,3.24,-2.48,-0.13,0.4
2024-01-31,600821,5.07,4.93,5.13,4.89,148107,79383320.0,4.7,-3.52,-0.18,0.74
2024-02-01,600821,4.9,4.93,4.96,4.73,150811,79012634.0,4.67,0.0,0.0,0.76
2024-02-02,600821,4.89,4.87,4.96,4.65,170082,88300609.0,6.29,-1.22,-0.06,0.85
2024-02-05,600821,4.84,4.73,4.85,4.5,209360,105652118.0,7.19,-2.87,-0.14,1.05
2024-02-06,600821,4.59,5.01,5.07,4.54,195765,102288877.0,11.21,5.92,0.28,0.98
2024-02-07,600821,5.04,5.4,5.42,5.01,298682,169402114.0,8.18,7.78,0.39,1.5
2024-02-08,600821,5.41,5.63,5.66,5.37,295509,174717782.0,5.37,4.26,0.23,1.48
2024-02-19,600821,5.58,5.36,5.61,5.26,282738,163492350.0,6.22,-4.8,-0.27,1.42
2024-02-20,600821,5.32,5.29,5.34,5.19,157675,88838300.0,2.8,-1.31,-0.07,0.79
2024-02-21,600821,5.22,5.28,5.42,5.22,152133,86649573.0,3.78,-0.19,-0.01,0.76
2024-02-22,600821,5.23,5.29,5.32,5.23,116672,65786885.0,1.7,0.19,0.01,0.58
2024-02-23,600821,5.29,5.46,5.56,5.27,324154,187663732.0,5.48,3.21,0.17,1.62
2024-02-26,600821,5.41,5.3,5.47,5.28,181185,103480425.0,3.48,-2.93,-0.16,0.91
2024-02-27,600821,5.27,5.34,5.36,5.24,131623,74884771.0,2.26,0.75,0.04,0.66
2024-02-28,600821,5.36,5.32,5.51,5.31,264626,152767985.0,3.75,-0.37,-0.02,1.32
2024-02-29,600821,5.3,5.37,5.38,5.27,143926,82116112.0,2.07,0.94,0.05,0.72
2024-03-01,600821,5.48,5.4,5.48,5.35,174666,100860734.0,2.42,0.56,0.03,0.87
2024-03-04,600821,5.39,5.36,5.43,5.31,107567,61558102.0,2.22,-0.74,-0.04,0.54
2024-03-05,600821,5.36,5.39,5.41,5.27,145405,83014326.0,2.61,0.56,0.03,0.73
2024-03-06,600821,5.8,5.59,5.8,5.53,526821,316788366.0,5.01,3.71,0.2,2.64
2024-03-07,600821,5.58,5.65,5.7,5.53,352708,211575987.0,3.04,1.07,0.06,1.77
2024-03-08,600821,5.63,5.66,5.68,5.55,158590,94953221.0,2.3,0.18,0.01,0.79
2024-03-11,600821,5.69,5.72,5.76,5.66,210300,127953646.0,1.77,1.06,0.06,1.05
2024-03-12,600821,5.76,5.75,5.85,5.72,190066,116497441.0,2.27,0.52,0.03,0.95
2024-03-13,600821,5.76,5.83,5.85,5.68,248982,152635789.0,2.96,1.39,0.08,1.25
2024-03-14,600821,5.85,5.67,5.85,5.65,162388,99244121.0,3.43,-2.74,-0.16,0.81
2024-03-15,600821,5.67,5.67,5.72,5.63,123179,74434560.0,1.59,0.0,0.0,0.62
2024-03-18,600821,5.67,5.67,5.69,5.58,161291,96853257.0,1.94,0.0,0.0,0.81
2024-03-19,600821,5.67,5.64,5.67,5.62,110487,66464325.0,0.88,-0.53,-0.03,0.55
2024-03-20,600821,5.63,5.6,5.64,5.58,80583,48182616.0,1.06,-0.71,-0.04,0.4
2024-03-21,600821,5.61,5.56,5.64,5.55,116528,69360154.0,1.61,-0.71,-0.04,0.58
2024-03-22,600821,5.55,5.52,5.61,5.49,113139,66793817.0,2.16,-0.72,-0.04,0.57
2024-03-25,600821,5.48,5.48,5.56,5.4,120449,70439819.0,2.9,-0.72,-0.04,0.6
2024-03-26,600821,5.46,5.5,5.54,5.42,99310,58094809.0,2.19,0.36,0.02,0.5
2024-03-27,600821,5.51,5.43,5.53,5.42,95036,55533962.0,2.0,-1.27,-0.07,0.48
2024-03-28,600821,5.43,5.44,5.51,5.4,102601,59736293.0,2.03,0.18,0.01,0.51
2024-03-29,600821,5.45,5.41,5.46,5.31,131191,75393208.0,2.76,-0.55,-0.03,0.66
2024-04-01,600821,5.4,5.47,5.49,5.37,94216,54818476.0,2.22,1.11,0.06,0.47
2024-04-02,600821,5.48,5.48,5.57,5.46,124407,73137650.0,2.01,0.18,0.01,0.62
2024-04-03,600821,5.5,5.44,5.5,5.38,94003,54428622.0,2.19,-0.73,-0.04,0.47
2024-04-08,600821,5.44,5.49,5.53,5.38,137455,80437604.0,2.76,0.92,0.05,0.69
2024-04-09,600821,5.48,5.53,5.54,5.45,96621,56772257.0,1.64,0.73,0.04,0.48
2024-04-10,600821,5.55,5.51,5.58,5.49,138136,81631777.0,1.63,-0.36,-0.02,0.69
2024-04-11,600821,5.49,5.47,5.56,5.42,161231,94629875.0,2.54,-0.73,-0.04,0.81
2024-04-12,600821,5.44,5.49,5.5,5.28,205679,118788885.0,4.02,0.37,0.02,1.03
2024-04-15,600821,5.48,5.52,5.58,5.38,203020,119063509.0,3.64,0.55,0.03,1.02
2024-04-16,600821,5.47,5.41,5.52,5.38,194367,112811558.0,2.54,-1.99,-0.11,0.97
2024-04-17,600821,5.4,5.52,5.53,5.38,170871,100120538.0,2.77,2.03,0.11,0.86
2024-04-18,600821,5.53,5.49,5.53,5.43,147641,86169764.0,1.81,-0.54,-0.03,0.74
2024-04-19,600821,5.45,5.44,5.48,5.41,88768,51573979.0,1.28,-0.91,-0.05,0.44
2024-04-22,600821,5.42,5.37,5.46,5.37,79870,46157343.0,1.65,-1.29,-0.07,0.4
2024-04-23,600821,5.36,5.33,5.39,5.31,80671,46076112.0,1.49,-0.74,-0.04,0.4
2024-04-24,600821,5.34,5.41,5.41,5.31,86279,49491526.0,1.88,1.5,0.08,0.43
2024-04-25,600821,5.39,5.37,5.43,5.36,102516,59009020.0,1.29,-0.74,-0.04,0.51
2024-04-26,600821,5.36,5.43,5.43,5.35,121780,70135073.0,1.49,1.12,0.06,0.61
2024-04-29,600821,5.42,5.57,5.57,5.4,175317,103051838.0,3.13,2.58,0.14,0.88
2024-04-30,600821,5.61,5.62,5.67,5.57,186392,111678851.0,1.8,0.9,0.05,0.93
2024-05-06,600821,5.63,5.63,5.67,5.61,211246,126804349.0,1.07,0.18,0.01,1.06
2024-05-07,600821,5.63,5.57,5.63,5.55,145387,86545604.0,1.42,-1.07,-0.06,0.73
2024-05-08,600821,5.53,5.48,5.59,5.47,137967,81234616.0,2.15,-1.62,-0.09,0.69
2024-05-09,600821,5.46,5.51,5.55,5.46,135776,79969959.0,1.64,0.55,0.03,0.68
2024-05-10,600821,5.53,5.57,5.64,5.43,219076,129146419.0,3.81,1.09,0.06,1.1
2024-05-13,600821,5.58,5.55,5.61,5.45,271069,160144920.0,2.87,-0.36,-0.02,1.36
2024-05-14,600821,5.55,5.58,5.63,5.49,239864,142595586.0,2.52,0.54,0.03,1.2
2024-05-15,600821,5.56,5.49,5.66,5.48,229139,135772551.0,3.23,-1.61,-0.09,1.15
2024-05-16,600821,5.5,5.37,5.52,5.37,195307,113389132.0,2.73,-2.19,-0.12,0.98
2024-05-17,600821,5.35,5.38,5.43,5.28,193852,110819627.0,2.79,0.19,0.01,0.97
2024-05-20,600821,5.34,5.42,5.47,5.34,173197,100345678.0,2.42,0.74,0.04,0.87
2024-05-21,600821,5.41,5.43,5.45,5.33,148550,85482754.0,2.21,0.18,0.01,0.74
2024-05-22,600821,5.43,5.44,5.47,5.39,138736,80531314.0,1.47,0.18,0.01,0.69
2024-05-23,600821,5.43,5.3,5.43,5.29,162704,93058325.0,2.57,-2.57,-0.14,0.81
2024-05-24,600821,5.31,5.47,5.52,5.3,289581,168605417.0,4.15,3.21,0.17,1.45
2024-05-27,600821,5.49,5.45,5.53,5.39,170185,98927692.0,2.56,-0.37,-0.02,0.85
2024-05-28,600821,5.45,5.62,5.66,5.44,286485,168282179.0,4.04,3.12,0.17,1.43
2024-05-29,600821,5.58,5.62,5.7,5.54,222762,132093742.0,2.85,0.0,0.0,1.12
2024-05-30,600821,5.65,5.54,5.7,5.53,196744,115982555.0,3.02,-1.42,-0.08,0.99
2024-05-31,600821,5.51,5.46,5.57,5.46,141858,82119384.0,1.99,-1.44,-0.08,0.71
2024-06-03,600821,5.46,5.35,5.49,5.33,188554,107041149.0,2.93,-2.01,-0.11,0.94
2024-06-04,600821,5.33,5.44,5.44,5.3,110085,62565906.0,2.62,1.68,0.09,0.55
2024-06-05,600821,5.41,5.33,5.44,5.32,121251,68813137.0,2.21,-2.02,-0.11,0.61
2024-06-06,600821,5.37,5.2,5.38,5.17,190449,105966471.0,3.94,-2.44,-0.13,0.95
2024-06-07,600821,5.23,5.25,5.28,5.18,90358,50000980.0,1.92,0.96,0.05,0.45
2024-06-11,600821,5.25,5.23,5.27,5.17,106122,58591585.0,1.9,-0.38,-0.02,0.53
2024-06-12,600821,5.21,5.22,5.26,5.2,76088,42093097.0,1.15,-0.19,-0.01,0.38
2024-06-13,600821,5.23,5.23,5.24,5.11,159348,87291723.0,2.49,0.19,0.01,0.8
2024-06-14,600821,5.18,5.23,5.26,5.15,128952,70925785.0,2.1,0.0,0.0,0.65
2024-06-17,600821,5.17,5.15,5.24,5.12,98052,53708763.0,2.29,-1.53,-0.08,0.49
2024-06-18,600821,5.16,5.16,5.16,5.05,144803,78217296.0,2.14,0.19,0.01,0.73
2024-06-19,600821,5.13,5.06,5.17,5.06,85705,46169256.0,2.13,-1.94,-0.1,0.43
2024-06-20,600821,5.05,4.94,5.05,4.94,113604,60149403.0,2.17,-2.37,-0.12,0.57
2024-06-21,600821,4.92,4.96,4.99,4.92,74336,39074694.0,1.42,0.4,0.02,0.37
2024-06-24,600821,4.94,4.83,4.96,4.82,70681,36588314.0,2.82,-2.62,-0.13,0.35
2024-06-25,600821,4.82,4.84,4.9,4.81,63854,32907367.0,1.86,0.21,0.01,0.32
2024-06-26,600821,4.75,4.93,4.94,4.75,83811,43307182.0,3.93,1.86,0.09,0.42
2024-06-27,600821,4.93,4.81,4.94,4.76,121694,62206744.0,3.65,-2.43,-0.12,0.61
2024-06-28,600821,4.79,4.84,4.91,4.75,82340,42490566.0,3.33,0.62,0.03,0.41
2024-07-01,600821,4.85,4.89,4.91,4.82,67608,34992150.0,1.86,1.03,0.05,0.34
2024-07-02,600821,4.88,4.86,4.92,4.85,65861,34105883.0,1.43,-0.61,-0.03,0.33
2024-07-03,600821,4.86,4.86,4.9,4.84,49921,25803808.0,1.23,0.0,0.0,0.25
2024-07-04,600821,4.85,4.81,4.87,4.76,80324,40953931.0,2.26,-1.03,-0.05,0.4
2024-07-05,600821,4.78,4.81,4.84,4.78,53461,27281394.0,1.25,0.0,0.0,0.27
2024-07-08,600821,4.8,4.74,4.81,4.68,97006,48725545.0,2.7,-1.46,-0.07,0.49
2024-07-09,600821,4.7,4.8,4.84,4.63,125768,63431864.0,4.43,1.27,0.06,0.63
2024-07-10,600821,4.78,4.77,4.81,4.74,66958,33966031.0,1.46,-0.63,-0.03,0.34
2024-07-11,600821,4.82,4.84,4.86,4.79,81476,41769880.0,1.47,1.47,0.07,0.41
2024-07-12,600821,4.84,4.82,4.86,4.8,54412,27872523.0,1.24,-0.41,-0.02,0.27
2024-07-15,600821,4.79,4.79,4.82,4.74,68550,34817277.0,1.66,-0.62,-0.03,0.34
2024-07-16,600821,4.79,4.76,4.8,4.76,39890,20246834.0,0.84,-0.63,-0.03,0.2
2024-07-17,600821,4.76,4.76,4.78,4.71,65323,32921272.0,1.47,0.0,0.0,0.33
2024-07-18,600821,4.7,4.77,4.79,4.69,62762,31699121.0,2.1,0.21,0.01,0.31
2024-07-19,600821,4.77,4.75,4.78,4.72,48430,24445661.0,1.26,-0.42,-0.02,0.24
2024-07-22,600821,4.73,4.74,4.77,4.7,62867,31606608.0,1.47,-0.21,-0.01,0.31
2024-07-23,600821,4.71,4.7,4.75,4.67,70543,35328385.0,1.69,-0.84,-0.04,0.35
2024-07-24,600821,4.71,4.68,4.74,4.64,77375,38564382.0,2.13,-0.43,-0.02,0.39
2024-07-25,600821,4.67,4.72,4.75,4.63,63843,31930986.0,2.56,0.85,0.04,0.32
2024-07-26,600821,4.72,4.76,4.76,4.71,51860,26167296.0,1.06,0.85,0.04,0.26
2024-07-29,600821,4.75,4.72,4.76,4.68,60563,30373501.0,1.68,-0.84,-0.04,0.3
2024-07-30,600821,4.68,4.7,4.71,4.65,51918,25839575.0,1.27,-0.42,-0.02,0.26
2024-07-31,600821,4.69,4.82,4.83,4.67,119430,60535557.0,3.4,2.55,0.12,0.6
2024-08-01,600821,4.82,4.78,4.85,4.77,63624,32436216.0,1.66,-0.83,-0.04,0.32
2024-08-02,600821,4.76,4.79,4.81,4.75,57587,29287599.0,1.26,0.21,0.01,0.29
2024-08-05,600821,4.75,4.76,4.84,4.75,82601,41957481.0,1.88,-0.63,-0.03,0.41
2024-08-06,600821,4.78,4.83,4.86,4.76,93407,47782638.0,2.1,1.47,0.07,0.47
2024-08-07,600821,4.88,4.85,4.9,4.82,77900,40125255.0,1.66,0.41,0.02,0.39
2024-08-08,600821,4.83,4.87,4.88,4.81,74055,38148622.0,1.44,0.41,0.02,0.37
2024-08-09,600821,4.89,4.84,4.91,4.83,58706,30334607.0,1.64,-0.62,-0.03,0.29
2024-08-12,600821,4.86,4.87,4.92,4.86,51514,26677020.0,1.24,0.62,0.03,0.26
2024-08-13,600821,4.88,4.92,4.92,4.86,63390,32961580.0,1.23,1.03,0.05,0.32
2024-08-14,600821,4.94,5.0,5.02,4.91,99181,52318452.0,2.24,1.63,0.08,0.5
2024-08-15,600821,4.99,5.21,5.27,4.98,264555,144585039.0,5.8,4.2,0.21,1.32
2024-08-16,600821,5.16,5.25,5.37,5.16,238651,133484300.0,4.03,0.77,0.04,1.19
2024-08-19,600821,5.2,5.14,5.26,5.12,119452,65508686.0,2.67,-2.1,-0.11,0.6
2024-08-20,600821,5.14,5.01,5.15,4.94,125663,66947410.0,4.09,-2.53,-0.13,0.63
2024-08-21,600821,4.96,4.88,5.02,4.83,106187,55190816.0,3.79,-2.59,-0.13,0.53
2024-08-22,600821,4.9,4.91,4.96,4.89,74418,38809640.0,1.43,0.61,0.03,0.37
2024-08-23,600821,4.91,4.88,4.97,4.85,59568,31045229.0,2.44,-0.61,-0.03,0.3
2024-08-26,600821,4.87,4.84,4.93,4.83,56359,29057519.0,2.05,-0.82,-0.04,0.28
2024-08-27,600821,4.84,4.86,4.87,4.77,62412,31931572.0,2.07,0.41,0.02,0.31
2024-08-28,600821,4.84,4.85,4.91,4.81,41919,21657193.0,2.06,-0.21,-0.01,0.21
2024-08-29,600821,4.86,4.86,4.9,4.83,55382,28606155.0,1.44,0.21,0.01,0.28
2024-08-30,600821,4.84,4.86,4.92,4.83,134063,69378751.0,1.85,0.0,0.0,0.67
2024-09-02,600821,4.85,4.97,5.11,4.84,225261,119805914.0,5.56,2.26,0.11,1.13
2024-09-03,600821,4.95,4.9,4.97,4.87,119169,62097540.0,2.01,-1.41,-0.07,0.6
2024-09-04,600821,4.9,4.88,4.93,4.85,85885,44569365.0,1.63,-0.41,-0.02,0.43
2024-09-05,600821,4.88,4.97,4.98,4.86,76413,39915569.0,2.46,1.84,0.09,0.38
2024-09-06,600821,4.95,5.0,5.03,4.93,83127,44015405.0,2.01,0.6,0.03,0.42
2024-09-09,600821,5.0,4.82,5.0,4.8,92222,47632775.0,4.0,-3.6,-0.18,0.46
2024-09-10,600821,4.82,4.78,4.84,4.7,69599,35210776.0,2.9,-0.83,-0.04,0.35
2024-09-11,600821,4.77,4.71,4.77,4.68,59236,29693242.0,1.88,-1.46,-0.07,0.3
2024-09-12,600821,4.7,4.71,4.77,4.69,46271,23299853.0,1.7,0.0,0.0,0.23
2024-09-13,600821,4.74,4.7,4.74,4.69,44796,22448633.0,1.06,-0.21,-0.01,0.22
2024-09-18,600821,4.7,4.67,4.73,4.61,51934,25671606.0,2.55,-0.64,-0.03,0.26
2024-09-19,600821,4.7,4.79,4.86,4.69,72212,36619834.0,3.64,2.57,0.12,0.36
2024-09-20,600821,4.78,4.76,4.78,4.71,48172,24315712.0,1.46,-0.63,-0.03,0.24
2024-09-23,600821,4.76,4.75,4.79,4.72,47857,24151053.0,1.47,-0.21,-0.01,0.24
2024-09-24,600821,4.75,4.94,4.94,4.75,129055,66742041.0,4.0,4.0,0.19,0.65
2024-09-25,600821,4.98,4.94,5.06,4.92,138785,73305801.0,2.83,0.0,0.0,0.69
2024-09-26,600821,4.9,5.09,5.09,4.9,135533,71860714.0,3.85,3.04,0.15,0.68
2024-09-27,600821,5.19,5.25,5.25,5.12,118516,65102958.0,2.55,3.14,0.16,0.59
2024-09-30,600821,5.41,5.58,5.68,5.34,516775,302284673.0,6.48,6.29,0.33,2.59
2024-10-08,600821,6.16,5.74,6.16,5.53,589626,358890789.0,11.29,2.87,0.16,2.95
2024-10-09,600821,5.78,5.45,5.78,5.38,402138,234890326.0,6.97,-5.05,-0.29,2.01
2024-10-10,600821,5.48,5.48,5.6,5.45,311828,181624459.0,2.75,0.55,0.03,1.56
2024-10-11,600821,5.49,5.35,5.53,5.31,175129,99837877.0,4.01,-2.37,-0.13,0.88
2024-10-14,600821,5.38,5.42,5.43,5.24,206090,116049161.0,3.55,1.31,0.07,1.03
2024-10-15,600821,5.39,5.28,5.4,5.24,176106,98908998.0,2.95,-2.58,-0.14,0.88
2024-10-16,600821,5.21,5.28,5.32,5.2,140743,78251453.0,2.27,0.0,0.0,0.7
2024-10-17,600821,5.28,5.2,5.31,5.19,154402,85442496.0,2.27,-1.52,-0.08,0.77
2024-10-18,600821,5.24,5.4,5.47,5.2,369966,210314302.0,5.19,3.85,0.2,1.85
2024-10-21,600821,5.5,5.32,5.51,5.28,243785,138058194.0,4.26,-1.48,-0.08,1.22
2024-10-22,600821,5.3,5.34,5.35,5.25,224577,125643869.0,1.88,0.38,0.02,1.12
2024-10-23,600821,5.32,5.47,5.58,5.31,329874,190198688.0,5.06,2.43,0.13,1.65
2024-10-24,600821,5.47,5.41,5.48,5.34,141360,80305230.0,2.56,-1.1,-0.06,0.71
2024-10-25,600821,5.4,5.52,5.56,5.37,220362,127462466.0,3.51,2.03,0.11,1.1
2024-10-28,600821,5.52,5.54,5.56,5.45,189860,110203979.0,1.99,0.36,0.02,0.95
2024-10-29,600821,5.58,5.41,5.58,5.38,221391,127158227.0,3.61,-2.35,-0.13,1.11
2024-10-30,600821,5.37,5.45,5.45,5.35,163664,93291728.0,1.85,0.74,0.04,0.82
2024-10-31,600821,5.5,5.51,5.61,5.49,264104,151541261.0,2.2,1.1,0.06,1.32
2024-11-01,600821,5.52,5.49,5.58,5.45,293115,167612925.0,2.36,-0.36,-0.02,1.47
2024-11-04,600821,5.49,5.54,5.58,5.49,178212,102168260.0,1.64,0.91,0.05,0.89
2024-11-05,600821,5.55,5.58,5.59,5.5,247521,142453611.0,1.62,0.72,0.04,1.24
2024-11-06,600821,5.58,5.6,5.65,5.51,307926,177965448.0,2.51,0.36,0.02,1.54
2024-11-07,600821,5.59,5.7,5.74,5.55,367080,215617433.0,3.39,1.79,0.1,1.84
2024-11-08,600821,5.71,5.75,5.83,5.6,492434,290482467.0,4.04,0.88,0.05,2.47
2024-11-11,600821,5.79,5.73,5.87,5.68,363701,215874709.0,3.3,-0.35,-0.02,1.82
2024-11-12,600821,5.78,5.7,5.79,5.64,318266,188223509.0,2.62,-0.52,-0.03,1.59
2024-11-13,600821,5.68,5.69,5.73,5.63,222806,130967406.0,1.75,-0.18,-0.01,1.12
2024-11-14,600821,5.67,5.6,5.69,5.55,238981,138759024.0,2.46,-1.58,-0.09,1.2
2024-11-15,600821,5.57,5.51,5.64,5.51,165714,95634762.0,2.32,-1.61,-0.09,0.83
2024-11-18,600821,5.54,5.51,5.6,5.49,226532,130400973.0,2.0,0.0,0.0,1.13
2024-11-19,600821,5.55,5.52,5.55,5.43,208368,118407449.0,2.18,0.18,0.01,1.04
2024-11-20,600821,5.5,5.5,5.51,5.43,164814,93464663.0,1.45,-0.36,-0.02,0.83
2024-11-21,600821,5.48,5.48,5.54,5.45,132829,75385670.0,1.64,-0.36,-0.02,0.67
2024-11-22,600821,5.49,5.32,5.51,5.32,227781,127919193.0,3.47,-2.92,-0.16,1.14
2024-11-25,600821,5.36,5.38,5.4,5.3,158810,88255371.0,1.88,1.13,0.06,0.8
2024-11-26,600821,5.37,5.38,5.44,5.34,129869,72585378.0,1.86,0.0,0.0,0.65
2024-11-27,600821,5.36,5.46,5.46,5.3,134664,75089173.0,2.97,1.49,0.08,0.67
2024-11-28,600821,5.45,5.41,5.48,5.39,125731,70893158.0,1.65,-0.92,-0.05,0.63
2024-11-29,600821,5.41,5.43,5.46,5.37,166727,93804805.0,1.66,0.37,0.02,0.83
2024-12-02,600821,5.45,5.49,5.49,5.4,204751,115605979.0,1.66,1.1,0.06,1.03
2024-12-03,600821,5.49,5.51,5.53,5.42,192371,109156266.0,2.0,0.36,0.02,0.96
2024-12-04,600821,5.49,5.44,5.5,5.42,136409,77176638.0,1.45,-1.27,-0.07,0.68
2024-12-05,600821,5.43,5.42,5.44,5.39,132329,74300414.0,0.92,-0.37,-0.02,0.66
2024-12-06,600821,5.42,5.53,5.53,5.4,258452,146618099.0,2.4,2.03,0.11,1.29
2024-12-09,600821,5.53,5.5,5.57,5.47,160363,91696732.0,1.81,-0.54,-0.03,0.8
2024-12-10,600821,5.61,5.51,5.63,5.5,233197,134056459.0,2.36,0.18,0.01,1.17
2024-12-11,600821,5.51,5.57,5.58,5.5,184685,106418991.0,1.45,1.09,0.06,0.92
2024-12-12,600821,5.58,5.61,5.62,5.51,233983,135309981.0,1.97,0.72,0.04,1.17
2024-12-13,600821,5.6,5.47,5.62,5.47,243377,139227288.0,2.67,-2.5,-0.14,1.22
2024-12-16,600821,5.47,5.55,5.57,5.47,191457,109735312.0,1.83,1.46,0.08,0.96
2024-12-17,600821,5.52,5.56,5.6,5.51,255753,147226316.0,1.62,0.18,0.01,1.28
2024-12-18,600821,5.56,5.58,5.66,5.56,239615,139268482.0,1.8,0.36,0.02,1.2
2024-12-19,600821,5.54,5.54,5.57,5.46,176864,100939855.0,1.97,-0.72,-0.04,0.89
2024-12-20,600821,5.53,5.44,5.58,5.44,187145,106178040.0,2.53,-1.81,-0.1,0.94
2024-12-23,600821,5.43,5.38,5.44,5.37,138786,77771423.0,1.29,-1.1,-0.06,0.69
2024-12-24,600821,5.39,5.43,5.45,5.36,99629,56065922.0,1.67,0.93,0.05,0.5
2024-12-25,600821,5.44,5.4,5.46,5.36,101643,56783860.0,1.84,-0.55,-0.03,0.51
2024-12-26,600821,5.4,5.33,5.42,5.32,132234,73485181.0,1.85,-1.3,-0.07,0.66
2024-12-27,600821,5.34,5.44,5.44,5.33,146241,81744722.0,2.06,2.06,0.11,0.73
2024-12-30,600821,5.44,5.34,5.45,5.32,127992,71259030.0,2.39,-1.84,-0.1,0.64
2024-12-31,600821,5.33,5.2,5.37,5.2,151445,82934539.0,3.18,-2.62,-0.14,0.76
2025-01-02,600821,5.2,5.08,5.23,5.03,172679,92105353.0,3.85,-2.31,-0.12,0.86
2025-01-03,600821,5.1,5.04,5.16,5.02,166055,87789746.0,2.76,-0.79,-0.04,0.83
2025-01-06,600821,5.03,5.08,5.11,5.01,124714,65591080.0,1.98,0.79,0.04,0.62
2025-01-07,600821,5.1,5.03,5.13,5.0,122927,64422496.0,2.56,-0.98,-0.05,0.62
2025-01-08,600821,5.04,4.97,5.05,4.91,176304,91108552.0,2.78,-1.19,-0.06,0.88
2025-01-09,600821,4.94,4.91,4.96,4.91,98610,50591287.0,1.01,-1.21,-0.06,0.49
2025-01-10,600821,4.89,4.88,4.93,4.87,108722,55387436.0,1.22,-0.61,-0.03,0.54
2025-01-13,600821,4.88,4.87,4.9,4.84,98056,49708107.0,1.23,-0.2,-0.01,0.49
2025-01-14,600821,4.88,4.98,4.98,4.87,156363,80219010.0,2.26,2.26,0.11,0.78
2025-01-15,600821,4.95,4.93,4.97,4.88,170272,87025941.0,1.81,-1.0,-0.05,0.85
2025-01-16,600821,4.93,4.93,5.0,4.9,139100,71627490.0,2.03,0.0,0.0,0.7
2025-01-17,600821,4.91,4.99,4.99,4.89,117403,60581476.0,2.03,1.22,0.06,0.59
2025-01-20,600821,5.0,4.98,5.05,4.97,103637,53845935.0,1.6,-0.2,-0.01,0.52
2025-01-21,600821,5.0,4.95,5.01,4.93,77874,40119073.0,1.61,-0.6,-0.03,0.39
2025-01-22,600821,4.95,4.96,4.98,4.9,91255,46951180.0,1.62,0.2,0.01,0.46
2025-01-23,600821,5.0,4.98,5.07,4.97,108900,56840404.0,2.02,0.4,0.02,0.55
2025-01-24,600821,4.96,5.03,5.03,4.96,138407,71896834.0,1.41,1.0,0.05,0.69
2025-01-27,600821,5.03,5.19,5.24,5.03,229589,122927663.0,4.17,3.18,0.16,1.15
2025-02-05,600821,5.18,5.2,5.27,5.14,161773,87515528.0,2.5,0.19,0.01,0.81
2025-02-06,600821,5.3,5.54,5.59,5.21,635209,358734253.0,7.31,6.54,0.34,3.18
2025-02-07,600821,5.49,5.71,5.96,5.38,1272229,752045542.0,10.47,3.07,0.17,6.37
2025-02-10,600821,5.71,5.53,5.8,5.42,875016,499928967.0,6.65,-3.15,-0.18,4.38
2025-02-11,600821,5.5,5.37,5.53,5.29,610201,339453573.0,4.34,-2.89,-0.16,3.06
2025-02-12,600821,5.34,5.41,5.46,5.34,423242,237207919.0,2.23,0.74,0.04,2.12
2025-02-13,600821,5.43,5.39,5.63,5.35,626639,353295354.0,5.18,-0.37,-0.02,3.14
2025-02-14,600821,5.38,5.36,5.42,5.34,325087,181156014.0,1.48,-0.56,-0.03,1.63
2025-02-17,600821,5.36,5.33,5.39,5.32,313119,173702467.0,1.31,-0.56,-0.03,1.57
2025-02-18,600821,5.36,5.32,5.43,5.3,358845,200072282.0,2.44,-0.19,-0.01,1.8
2025-02-19,600821,5.32,5.41,5.43,5.3,311179,172862369.0,2.44,1.69,0.09,1.56
2025-02-20,600821,5.38,5.33,5.4,5.31,248691,137568331.0,1.66,-1.48,-0.08,1.25
2025-02-21,600821,5.35,5.53,5.55,5.29,630620,356072918.0,4.88,3.75,0.2,3.16
2025-02-24,600821,5.75,6.1,6.1,5.59,1754730,1080852293.0,9.22,10.31,0.57,8.79
2025-02-25,600821,5.98,5.83,6.05,5.82,1531223,938053167.0,3.77,-4.43,-0.27,7.67
2025-02-26,600821,5.95,5.86,6.01,5.81,611944,371061561.0,3.43,0.51,0.03,3.06
2025-02-27,600821,5.92,5.73,5.94,5.7,542175,324916292.0,4.1,-2.22,-0.13,2.71
2025-02-28,600821,5.73,5.66,5.77,5.62,386859,228190759.0,2.62,-1.22,-0.07,1.94
2025-03-03,600821,5.65,5.64,5.72,5.62,298072,175045452.0,1.77,-0.35,-0.02,1.49
2025-03-04,600821,5.6,5.67,5.69,5.58,252624,147705786.0,1.95,0.53,0.03,1.26
2025-03-05,600821,5.69,5.77,5.85,5.67,455656,271597724.0,3.17,1.76,0.1,2.28
2025-03-06,600821,5.77,5.85,5.9,5.75,476106,287742040.0,2.6,1.39,0.08,2.38
2025-03-07,600821,5.83,5.81,5.97,5.78,401313,242848287.0,3.25,-0.68,-0.04,2.01
2025-03-10,600821,5.83,5.76,5.86,5.7,290027,173343982.0,2.75,-0.86,-0.05,1.45
2025-03-11,600821,5.7,5.72,5.74,5.67,211096,124501575.0,1.22,-0.69,-0.04,1.06
2025-03-12,600821,5.75,6.02,6.17,5.71,992342,614510702.0,8.04,5.24,0.3,4.97
2025-03-13,600821,5.96,5.92,6.08,5.88,549706,338324226.0,3.32,-1.66,-0.1,2.75
2025-03-14,600821,5.92,5.95,5.96,5.84,425615,259834914.0,2.03,0.51,0.03,2.13
2025-03-17,600821,5.99,5.94,6.05,5.91,334866,206409624.0,2.35,-0.17,-0.01,1.68
2025-03-18,600821,5.96,6.02,6.16,5.96,540753,337378153.0,3.37,1.35,0.08,2.71
2025-03-19,600821,6.04,6.07,6.25,5.92,706632,444570023.0,5.48,0.83,0.05,3.54
2025-03-20,600821,6.02,6.01,6.06,5.95,492116,305317973.0,1.81,-0.99,-0.06,2.46
2025-03-21,600821,5.96,5.87,6.01,5.86,411747,252125741.0,2.5,-2.33,-0.14,2.06
2025-03-24,600821,5.86,5.92,5.92,5.76,357351,216049912.0,2.73,0.85,0.05,1.79
2025-03-25,600821,5.9,5.92,5.97,5.85,325389,198908885.0,2.03,0.0,0.0,1.63
2025-03-26,600821,5.91,5.87,5.96,5.86,307965,188048155.0,1.69,-0.84,-0.05,1.54
2025-03-27,600821,5.83,5.77,5.86,5.76,265187,158762619.0,1.7,-1.7,-0.1,1.33
2025-03-28,600821,5.76,5.64,5.79,5.64,281387,165963691.0,2.6,-2.25,-0.13,1.41
2025-03-31,600821,5.62,5.7,5.74,5.6,274131,161247758.0,2.48,1.06,0.06,1.37
2025-04-01,600821,5.74,5.86,6.11,5.74,485598,297008214.0,6.49,2.81,0.16,2.43
2025-04-02,600821,5.82,5.76,5.89,5.74,274562,164475601.0,2.56,-1.71,-0.1,1.37
2025-04-03,600821,5.73,5.79,5.84,5.71,268716,160974311.0,2.26,0.52,0.03,1.35
2025-04-07,600821,5.41,5.19,5.6,5.19,533948,296964100.0,7.08,-10.36,-0.6,2.67
2025-04-08,600821,5.21,5.37,5.4,5.21,479552,264801764.0,3.66,3.47,0.18,2.4
2025-04-09,600821,5.29,5.41,5.44,5.12,422924,232174242.0,5.96,0.74,0.04,2.12
2025-04-10,600821,5.47,5.41,5.54,5.38,400384,226797111.0,2.96,0.0,0.0,2.0
2025-04-11,600821,5.4,5.43,5.48,5.36,284685,160140374.0,2.22,0.37,0.02,1.43
2025-04-14,600821,5.47,5.49,5.54,5.47,235745,134445249.0,1.29,1.1,0.06,1.18
2025-04-15,600821,5.51,5.46,5.53,5.41,203463,115014305.0,2.19,-0.55,-0.03,1.02
2025-04-16,600821,5.45,5.38,5.49,5.34,185570,103931378.0,2.75,-1.47,-0.08,0.93
2025-04-17,600821,5.36,5.36,5.39,5.34,146851,81831489.0,0.93,-0.37,-0.02,0.74
2025-04-18,600821,5.35,5.33,5.36,5.3,137500,75967111.0,1.12,-0.56,-0.03,0.69
2025-04-21,600821,5.35,5.41,5.44,5.34,164018,91953535.0,1.88,1.5,0.08,0.82
2025-04-22,600821,5.4,5.35,5.43,5.34,191823,106899331.0,1.66,-1.11,-0.06,0.96
2025-04-23,600821,5.36,5.33,5.39,5.32,156428,86793305.0,1.31,-0.37,-0.02,0.78
2025-04-24,600821,5.33,5.39,5.47,5.33,243898,136689263.0,2.63,1.13,0.06,1.22
2025-04-25,600821,5.39,5.53,5.56,5.35,359082,204482202.0,3.9,2.6,0.14,1.8
2025-04-28,600821,5.56,5.46,5.58,5.42,270352,153237792.0,2.89,-1.27,-0.07,1.35
2025-04-29,600821,5.49,5.34,5.49,5.29,306876,170589603.0,3.66,-2.2,-0.12,1.54
2025-04-30,600821,5.29,5.3,5.37,5.28,232433,128428286.0,1.69,-0.75,-0.04,1.16
2025-05-06,600821,5.3,5.36,5.36,5.28,264265,146122965.0,1.51,1.13,0.06,1.32
2025-05-07,600821,5.41,5.34,5.45,5.31,229799,128094991.0,2.61,-0.37,-0.02,1.15
2025-05-08,600821,5.33,5.37,5.39,5.31,173977,96817228.0,1.5,0.56,0.03,0.87
2025-05-09,600821,5.39,5.33,5.39,5.31,180919,100160419.0,1.49,-0.74,-0.04,0.91
2025-05-12,600821,5.34,5.32,5.37,5.29,212803,117372724.0,1.5,-0.19,-0.01,1.07
2025-05-13,600821,5.35,5.38,5.38,5.3,232428,128866692.0,1.5,1.13,0.06,1.16
2025-05-14,600821,5.36,5.42,5.48,5.34,362060,203509279.0,2.6,0.74,0.04,1.81
2025-05-15,600821,5.41,5.35,5.48,5.35,203817,114228504.0,2.4,-1.29,-0.07,1.02
2025-05-16,600821,5.35,5.31,5.37,5.3,157530,87012817.0,1.31,-0.75,-0.04,0.79
2025-05-19,600821,5.32,5.33,5.34,5.3,118390,65338835.0,0.75,0.38,0.02,0.59
2025-05-20,600821,5.34,5.4,5.4,5.32,168270,93637198.0,1.5,1.31,0.07,0.84
2025-05-21,600821,5.38,5.36,5.43,5.35,151604,84724278.0,1.48,-0.74,-0.04,0.76
2025-05-22,600821,5.36,5.31,5.36,5.3,144500,79819336.0,1.12,-0.93,-0.05,0.72
2025-05-23,600821,5.32,5.24,5.32,5.24,174458,95659133.0,1.51,-1.32,-0.07,0.87
2025-05-26,600821,5.24,5.25,5.26,5.21,92639,50357373.0,0.95,0.19,0.01,0.46
2025-05-27,600821,5.25,5.22,5.26,5.18,110754,59908619.0,1.52,-0.57,-0.03,0.55
2025-05-28,600821,5.22,5.22,5.25,5.21,87436,47470182.0,0.77,0.0,0.0,0.44
2025-05-29,600821,5.23,5.31,5.31,5.21,130316,71428837.0,1.92,1.72,0.09,0.65
2025-05-30,600821,5.31,5.28,5.31,5.23,125016,68284903.0,1.51,-0.56,-0.03,0.63
2025-06-03,600821,5.27,5.26,5.28,5.23,73409,40053926.0,0.95,-0.38,-0.02,0.37
2025-06-04,600821,5.27,5.3,5.31,5.26,93514,51382772.0,0.95,0.76,0.04,0.47
2025-06-05,600821,5.37,5.34,5.4,5.32,169530,94161334.0,1.51,0.75,0.04,0.85
2025-06-06,600821,5.33,5.34,5.36,5.3,132528,73321005.0,1.12,0.0,0.0,0.66
2025-06-09,600821,5.34,5.32,5.35,5.31,121284,66972449.0,0.75,-0.37,-0.02,0.61
2025-06-10,600821,5.31,5.26,5.32,5.23,167486,91733049.0,1.69,-1.13,-0.06,0.84
2025-06-11,600821,5.26,5.26,5.29,5.25,105468,57716402.0,0.76,0.0,0.0,0.53
2025-06-12,600821,5.27,5.25,5.28,5.23,108063,58866535.0,0.95,-0.19,-0.01,0.54
2025-06-13,600821,5.24,5.21,5.27,5.18,239023,129466090.0,1.71,-0.76,-0.04,1.2
2025-06-16,600821,5.19,5.21,5.25,5.17,144891,78141776.0,1.54,0.0,0.0,0.73
2025-06-17,600821,5.2,5.26,5.26,5.18,117168,63478375.0,1.54,0.96,0.05,0.59
2025-06-18,600821,5.26,5.18,5.26,5.15,124220,66920134.0,2.09,-1.52,-0.08,0.62
2025-06-19,600821,5.17,5.14,5.19,5.1,144792,77312837.0,1.74,-0.77,-0.04,0.72
2025-06-20,600821,5.13,5.12,5.17,5.11,78529,41939927.0,1.17,-0.39,-0.02,0.39
2025-06-23,600821,5.07,5.1,5.12,5.07,94827,50218687.0,0.98,-0.39,-0.02,0.47
2025-06-24,600821,5.1,5.15,5.16,5.1,114489,61091629.0,1.18,0.98,0.05,0.57
2025-06-25,600821,5.17,5.18,5.19,5.13,117974,63212444.0,1.17,0.58,0.03,0.59
2025-06-26,600821,5.18,5.17,5.18,5.15,102385,54953555.0,0.58,-0.19,-0.01,0.51
2025-06-27,600821,5.16,5.17,5.19,5.15,125034,67168152.0,0.77,0.0,0.0,0.63
2025-06-30,600821,5.18,5.23,5.23,5.16,145958,78980418.0,1.35,1.16,0.06,0.73
2025-07-01,600821,5.24,5.25,5.26,5.21,122961,66885646.0,0.96,0.38,0.02,0.62
2025-07-02,600821,5.23,5.27,5.28,5.23,104768,57189155.0,0.95,0.38,0.02,0.52
2025-07-03,600821,5.27,5.26,5.27,5.24,71309,38894277.0,0.57,-0.19,-0.01,0.36
2025-07-04,600821,5.26,5.26,5.3,5.24,128372,70220827.0,1.14,0.0,0.0,0.64
2025-07-07,600821,5.29,5.33,5.34,5.26,206398,113512928.0,1.52,1.33,0.07,1.03
2025-07-08,600821,5.32,5.33,5.34,5.28,181881,98385547.0,1.13,0.0,0.0,0.91
2025-07-09,600821,5.4,5.87,5.87,5.39,2026480,1194483732.0,9.01,10.13,0.54,10.15
2025-07-10,600821,5.86,5.68,5.89,5.66,1661623,972106663.0,3.92,-3.24,-0.19,8.32
2025-07-11,600821,5.7,5.61,5.75,5.58,750393,429887360.0,2.99,-1.23,-0.07,3.76
2025-07-14,600821,5.61,5.58,5.72,5.58,527551,302889216.0,2.5,-0.53,-0.03,2.64
2025-07-15,600821,5.6,5.53,5.63,5.49,393338,221476327.0,2.51,-0.9,-0.05,1.97
2025-07-16,600821,5.57,5.58,5.61,5.54,372930,211783749.0,1.27,0.9,0.05,1.87
2025-07-17,600821,5.59,5.55,5.61,5.52,375725,212526562.0,1.61,-0.54,-0.03,1.88
2025-07-18,600821,5.55,5.57,5.59,5.52,332679,187913556.0,1.26,0.36,0.02,1.67
2025-07-21,600821,5.58,5.6,5.6,5.55,320334,181827614.0,0.9,0.54,0.03,1.6
2025-07-22,600821,5.59,5.6,5.6,5.53,345949,196036762.0,1.25,0.0,0.0,1.73
2025-07-23,600821,5.59,5.52,5.62,5.51,300250,169923741.0,1.96,-1.43,-0.08,1.5
2025-07-24,600821,5.54,5.59,5.59,5.53,253099,143327423.0,1.09,1.27,0.07,1.27
2025-07-25,600821,5.58,5.56,5.6,5.55,192234,108947344.0,0.89,-0.54,-0.03,0.96
2025-07-28,600821,5.6,5.56,5.6,5.55,171715,97308148.0,0.9,0.0,0.0,0.86
2025-07-29,600821,5.56,5.6,5.61,5.51,293767,166037103.0,1.8,0.72,0.04,1.47
2025-07-30,600821,5.58,5.54,5.61,5.53,229544,130073414.0,1.43,-1.07,-0.06,1.15
2025-07-31,600821,5.55,5.41,5.55,5.4,329839,183000548.0,2.71,-2.35,-0.13,1.65
2025-08-01,600821,5.43,5.44,5.45,5.4,141770,78402759.0,0.92,0.55,0.03,0.71
2025-08-04,600821,5.46,5.48,5.51,5.45,181790,101302896.0,1.1,0.74,0.04,0.91
2025-08-05,600821,5.47,5.48,5.49,5.45,145157,80855360.0,0.73,0.0,0.0,0.73
2025-08-06,600821,5.48,5.48,5.49,5.44,162472,90385524.0,0.91,0.0,0.0,0.81
2025-08-07,600821,5.49,5.46,5.49,5.45,129287,71953563.0,0.73,-0.36,-0.02,0.65
2025-08-08,600821,5.48,5.5,5.53,5.44,215695,120653371.0,1.65,0.73,0.04,1.08
2025-08-11,600821,5.5,5.54,5.55,5.49,225041,126587014.0,1.09,0.73,0.04,1.13
2025-08-12,600821,5.54,5.51,5.55,5.49,150621,84592979.0,1.08,-0.54,-0.03,0.75
2025-08-13,600821,5.55,5.57,5.61,5.54,320567,181865472.0,1.27,1.09,0.06,1.61
2025-08-14,600821,5.59,5.5,5.61,5.49,312206,176417564.0,2.15,-1.26,-0.07,1.56
2025-08-15,600821,5.49,5.52,5.53,5.48,219983,123389850.0,0.91,0.36,0.02,1.1
2025-08-18,600821,5.53,5.53,5.55,5.5,266773,150032604.0,0.91,0.18,0.01,1.34
2025-08-19,600821,5.53,5.49,5.54,5.48,243075,136235449.0,1.08,-0.72,-0.04,1.22
2025-08-20,600821,5.49,5.5,5.51,5.44,262983,146467379.0,1.28,0.18,0.01,1.32
2025-08-21,600821,5.51,5.51,5.54,5.49,269181,150947439.0,0.91,0.18,0.01,1.35
2025-08-22,600821,5.52,5.53,5.54,5.48,232400,130382556.0,1.09,0.36,0.02,1.16
2025-08-25,600821,5.56,5.57,5.62,5.54,352333,200083160.0,1.45,0.72,0.04,1.76
2025-08-26,600821,5.57,5.62,5.64,5.55,325915,185882203.0,1.62,0.9,0.05,1.63
2025-08-27,600821,5.63,5.54,5.67,5.54,392521,224108018.0,2.31,-1.42,-0.08,1.97
2025-08-28,600821,5.64,5.65,5.73,5.5,762574,437451703.0,4.15,1.99,0.11,3.82
2025-08-29,600821,5.66,5.69,5.72,5.62,507120,292728258.0,1.77,0.71,0.04,2.54
2025-09-01,600821,5.72,5.68,5.74,5.63,386543,223165774.0,1.93,-0.18,-0.01,1.94
2025-09-02,600821,5.68,5.63,5.69,5.59,297459,170471730.0,1.76,-0.88,-0.05,1.49
2025-09-03,600821,5.67,5.6,5.73,5.56,288352,164910952.0,3.02,-0.53,-0.03,1.44
2025-09-04,600821,5.56,5.59,5.65,5.52,349807,199182279.0,2.32,-0.18,-0.01,1.75
2025-09-05,600821,5.57,5.76,5.76,5.55,587700,339950199.0,3.76,3.04,0.17,2.94
2025-09-08,600821,5.78,5.74,5.85,5.73,497296,292621125.0,2.08,-0.35,-0.02,2.49
2025-09-09,600821,5.75,5.73,5.79,5.69,313303,182553803.0,1.74,-0.17,-0.01,1.57
2025-09-10,600821,5.72,5.68,5.74,5.63,261113,150639627.0,1.92,-0.87,-0.05,1.31
2025-09-11,600821,5.65,5.7,5.71,5.64,258575,149413461.0,1.23,0.35,0.02,1.29
2025-09-12,600821,5.7,5.69,5.81,5.64,457308,265776744.0,2.98,-0.18,-0.01,2.29
2025-09-15,600821,5.7,5.67,5.74,5.66,279935,162052999.0,1.41,-0.35,-0.02,1.4
2025-09-16,600821,5.66,5.59,5.67,5.55,364604,207505122.0,2.12,-1.41,-0.08,1.83
2025-09-17,600821,5.59,5.65,5.68,5.56,382253,218989111.0,2.15,1.07,0.06,1.91
2025-09-18,600821,5.63,5.59,5.72,5.56,422375,242604854.0,2.83,-1.06,-0.06,2.11
2025-09-19,600821,5.58,5.5,5.59,5.46,313956,176246384.0,2.33,-1.61,-0.09,1.57
2025-09-22,600821,5.5,5.53,5.54,5.42,246607,137224993.0,2.18,0.55,0.03,1.23
2025-09-23,600821,5.5,5.44,5.52,5.4,354468,196282772.0,2.17,-1.63,-0.09,1.77
2025-09-24,600821,5.42,5.51,5.52,5.41,251836,140030568.0,2.02,1.29,0.07,1.26
2025-09-25,600821,5.49,5.48,5.53,5.44,202738,113029926.0,1.63,-0.54,-0.03,1.02
2025-09-26,600821,5.48,5.56,5.59,5.46,372398,210412474.0,2.37,1.46,0.08,1.86
2025-09-29,600821,5.6,5.62,5.64,5.51,392536,223489033.0,2.34,1.08,0.06,1.97
2025-09-30,600821,5.6,5.61,5.62,5.55,282879,160584995.0,1.25,-0.18,-0.01,1.42
2025-10-09,600821,5.62,5.82,5.83,5.62,660897,387917975.0,3.74,3.74,0.21,3.31
2025-10-10,600821,5.82,5.83,5.86,5.77,426158,252599669.0,1.55,0.17,0.01,2.13
2025-10-13,600821,5.7,5.79,5.81,5.68,388796,226878167.0,2.23,-0.69,-0.04,1.95
2025-10-14,600821,5.79,5.82,5.92,5.76,476204,282758768.0,2.76,0.52,0.03,2.38
2025-10-15,600821,5.82,5.8,5.87,5.75,344138,203157406.0,2.06,-0.34,-0.02,1.72
2025-10-16,600821,5.8,5.73,5.81,5.72,246664,144175808.0,1.55,-1.21,-0.07,1.24
2025-10-17,600821,5.72,5.62,5.74,5.6,316348,181827867.0,2.44,-1.92,-0.11,1.58
2025-10-20,600821,5.66,5.63,5.68,5.56,275561,157240006.0,2.14,0.18,0.01,1.38
2025-10-21,600821,5.63,5.65,5.7,5.62,295001,169821359.0,1.42,0.36,0.02,1.48
2025-10-22,600821,5.64,5.6,5.65,5.59,189313,108180042.0,1.06,-0.88,-0.05,0.95
2025-10-23,600821,5.58,5.64,5.64,5.54,237942,135582094.0,1.79,0.71,0.04,1.19
2025-10-24,600821,5.64,5.59,5.66,5.56,286834,163378248.0,1.77,-0.89,-0.05,1.44
2025-10-27,600821,5.61,5.6,5.64,5.57,289096,165137792.0,1.25,0.18,0.01,1.45
2025-10-28,600821,5.6,5.6,5.6,5.56,229144,130164308.0,0.71,0.0,0.0,1.15
2025-10-29,600821,5.6,5.71,5.77,5.56,455816,262678927.0,3.75,1.96,0.11,2.28
2025-10-30,600821,5.68,5.65,5.71,5.62,325711,187441836.0,1.58,-1.05,-0.06,1.63
2025-10-31,600821,5.58,5.48,5.58,5.45,805992,450917324.0,2.3,-3.01,-0.17,4.04
2025-11-03,600821,5.49,5.52,5.53,5.44,311404,174240522.0,1.64,0.73,0.04,1.56
2025-11-04,600821,5.53,5.5,5.57,5.48,290003,163171529.0,1.63,-0.36,-0.02,1.45
2025-11-05,600821,5.48,5.57,5.6,5.46,372029,210378458.0,2.55,1.27,0.07,1.86
2025-11-06,600821,5.59,5.71,5.75,5.59,505947,293717637.0,2.87,2.51,0.14,2.53
2025-11-07,600821,5.71,5.69,5.74,5.67,307736,178634035.0,1.23,-0.35,-0.02,1.54
2025-11-10,600821,5.74,5.73,5.74,5.69,249057,144960072.0,0.88,0.7,0.04,1.25
2025-11-11,600821,5.72,5.75,5.79,5.72,244497,143306023.0,1.22,0.35,0.02,1.22
2025-11-12,600821,5.77,5.69,5.77,5.66,246498,142876167.0,1.91,-1.04,-0.06,1.23
2025-11-13,600821,5.71,5.74,5.74,5.67,256333,148835856.0,1.23,0.88,0.05,1.28
2025-11-14,600821,5.74,5.68,5.77,5.68,244329,139696142.0,1.57,-1.05,-0.06,1.22
2025-11-17,600821,5.66,5.64,5.68,5.58,242598,136319257.0,1.76,-0.7,-0.04,1.21
2025-11-18,600821,5.64,5.58,5.67,5.56,236789,132308912.0,1.95,-1.06,-0.06,1.19
2025-11-19,600821,5.59,5.55,5.62,5.52,237273,131726755.0,1.79,-0.54,-0.03,1.19
2025-11-20,600821,5.57,5.53,5.59,5.52,185571,102997546.0,1.26,-0.36,-0.02,0.93
2025-11-21,600821,5.52,5.31,5.53,5.3,429728,231645337.0,4.16,-3.98,-0.22,2.15
2025-11-24,600821,5.32,5.29,5.35,5.25,219226,115980078.0,1.88,-0.38,-0.02,1.1
2025-11-25,600821,5.29,5.3,5.32,5.27,222398,117806336.0,0.95,0.19,0.01,1.11
2025-11-26,600821,5.3,5.28,5.32,5.27,156211,82662307.0,0.94,-0.38,-0.02,0.78
2025-11-27,600821,5.29,5.24,5.29,5.23,166935,87785059.0,1.14,-0.76,-0.04,0.84
2025-11-28,600821,5.25,5.28,5.28,5.21,142968,75025502.0,1.34,0.76,0.04,0.72
2025-12-01,600821,5.27,5.29,5.31,5.25,158932,83952064.0,1.14,0.19,0.01,0.8
2025-12-02,600821,5.29,5.3,5.31,5.24,140328,74038748.0,1.32,0.19,0.01,0.7
2025-12-03,600821,5.29,5.3,5.33,5.28,161284,85551032.0,0.94,0.0,0.0,0.81
2025-12-04,600821,5.31,5.27,5.32,5.24,124122,65358227.0,1.51,-0.57,-0.03,0.62
2025-12-05,600821,5.27,5.31,5.31,5.23,129310,68221194.0,1.52,0.76,0.04,0.65
2025-12-08,600821,5.31,5.3,5.32,5.28,148986,78907003.0,0.75,-0.19,-0.01,0.75
2025-12-09,600821,5.29,5.25,5.3,5.24,120145,63302315.0,1.13,-0.94,-0.05,0.6
2025-12-10,600821,5.24,5.24,5.27,5.21,138582,72575142.0,1.14,-0.19,-0.01,0.69
2025-12-11,600821,5.24,5.2,5.26,5.2,130592,68294987.0,1.15,-0.76,-0.04,0.65
2025-12-12,600821,5.21,5.29,5.31,5.2,263476,139180346.0,2.12,1.73,0.09,1.32
2025-12-15,600821,5.29,5.29,5.33,5.27,123499,65460290.0,1.13,0.0,0.0,0.62
2025-12-16,600821,5.27,5.23,5.29,5.22,122412,64172616.0,1.32,-1.13,-0.06,0.61
2025-12-17,600821,5.22,5.21,5.25,5.15,174163,90541439.0,1.91,-0.38,-0.02,0.87
2025-12-18,600821,5.21,5.18,5.21,5.17,105019,54560429.0,0.77,-0.58,-0.03,0.53
2025-12-19,600821,5.19,5.24,5.27,5.18,120953,63299285.0,1.74,1.16,0.06,0.61
2025-12-22,600821,5.25,5.23,5.27,5.23,96368,50571752.0,0.76,-0.19,-0.01,0.48
2025-12-23,600821,5.23,5.2,5.26,5.18,99808,52116677.0,1.53,-0.57,-0.03,0.5
2025-12-24,600821,5.19,5.2,5.22,5.17,108469,56367080.0,0.96,0.0,0.0,0.54
2025-12-25,600821,5.2,5.19,5.22,5.18,125958,65447918.0,0.77,-0.19,-0.01,0.63
2025-12-26,600821,5.2,5.19,5.23,5.18,139519,72599547.0,0.96,0.0,0.0,0.7
2025-12-29,600821,5.2,5.14,5.2,5.13,177356,91621311.0,1.35,-0.96,-0.05,0.89
2025-12-30,600821,5.13,5.14,5.16,5.12,108759,55900794.0,0.78,0.0,0.0,0.54
2025-12-31,600821,5.13,5.1,5.15,5.09,150860,77006665.0,1.17,-0.78,-0.04,0.76
2026-01-05,600821,5.13,5.14,5.15,5.1,141482,72517149.0,0.98,0.78,0.04,0.71
2026-01-06,600821,5.16,5.19,5.2,5.14,169172,87453412.0,1.17,0.97,0.05,0.85
2026-01-07,600821,5.18,5.16,5.2,5.15,126430,65381892.0,0.96,-0.58,-0.03,0.63
2026-01-08,600821,5.15,5.21,5.24,5.14,195178,101720693.0,1.94,0.97,0.05,0.98
2026-01-09,600821,5.21,5.25,5.26,5.19,215874,112777587.0,1.34,0.77,0.04,1.08
2026-01-12,600821,5.3,5.4,5.5,5.29,565240,304509114.0,4.0,2.86,0.15,2.83
2026-01-13,600821,5.41,5.35,5.43,5.31,367972,197051783.0,2.22,-0.93,-0.05,1.84
2026-01-14,600821,5.32,5.33,5.4,5.27,407758,218046154.0,2.43,-0.37,-0.02,2.04
2026-01-15,600821,5.36,5.4,5.42,5.32,304617,163822166.0,1.88,1.31,0.07,1.53
2026-01-16,600821,5.45,5.42,5.52,5.4,382440,208730489.0,2.22,0.37,0.02,1.91
2026-01-19,600821,5.38,5.45,5.52,5.38,304851,166783926.0,2.58,0.55,0.03,1.53
2026-01-20,600821,5.46,5.48,5.5,5.42,268259,146360065.0,1.47,0.55,0.03,1.34
2026-01-21,600821,5.46,5.47,5.54,5.44,303261,166654291.0,1.82,-0.18,-0.01,1.52
2026-01-22,600821,5.47,5.45,5.5,5.43,258314,141177044.0,1.28,-0.37,-0.02,1.29
2026-01-23,600821,5.45,5.56,5.75,5.44,668958,373920595.0,5.69,2.02,0.11,3.35
2026-01-26,600821,5.65,5.76,5.92,5.65,1254983,725876080.0,4.86,3.6,0.2,6.28
2026-01-27,600821,5.72,5.78,5.89,5.66,78656750,455267039.0,3.99,0.35,0.02,0.0
