日期,股票代码,开盘,收盘,最高,最低,成交量,成交额,振幅,涨跌幅,涨跌额,换手率
2021-10-26,688553,41.0,39.61,42.59,38.89,330370,1326275488.0,9.52,1.9,0.74,66.48
2021-10-27,688553,37.6,34.45,38.0,34.41,159824,573427952.0,9.06,-13.03,-5.16,32.16
2021-10-28,688553,33.63,32.61,34.23,32.6,77179,256210936.0,4.73,-5.34,-1.84,15.53
2021-10-29,688553,33.0,32.83,33.75,32.76,53497,177575105.0,3.04,0.67,0.22,10.77
2021-11-01,688553,32.99,33.05,33.5,31.88,45692,149606878.0,4.93,0.67,0.22,9.19
2021-11-02,688553,33.1,31.5,33.18,31.39,52584,169624220.0,5.42,-4.69,-1.55,10.58
2021-11-03,688553,31.75,32.81,32.95,31.75,40999,132997436.0,3.81,4.16,1.31,8.25
2021-11-04,688553,32.92,33.08,33.48,32.66,29271,96557044.0,2.5,0.82,0.27,5.89
2021-11-05,688553,32.8,33.59,34.53,32.8,44069,149187832.0,5.23,1.54,0.51,8.87
2021-11-08,688553,33.99,33.73,34.21,33.1,29720,100653986.0,3.3,0.42,0.14,5.98
2021-11-09,688553,33.71,34.55,34.96,33.62,33407,115282018.0,3.97,2.43,0.82,6.72
2021-11-10,688553,34.22,34.99,35.25,34.22,40875,142327171.0,2.98,1.27,0.44,8.23
2021-11-11,688553,34.8,35.62,36.16,34.61,50381,179205163.0,4.43,1.8,0.63,10.14
2021-11-12,688553,35.4,35.89,36.2,35.15,41924,149621210.0,2.95,0.76,0.27,8.44
2021-11-15,688553,35.62,36.9,37.49,35.62,52261,192595015.0,5.21,2.81,1.01,10.52
2021-11-16,688553,36.78,35.75,37.37,35.75,39572,143923297.0,4.39,-3.12,-1.15,7.96
2021-11-17,688553,35.8,35.75,36.17,35.42,27010,96659927.0,2.1,0.0,0.0,5.44
2021-11-18,688553,35.78,34.46,35.8,34.46,39085,136310166.0,3.75,-3.61,-1.29,7.87
2021-11-19,688553,34.54,34.78,35.08,34.48,19796,68767050.0,1.74,0.93,0.32,3.98
2021-11-22,688553,34.81,34.84,35.13,34.39,22336,77486817.0,2.13,0.17,0.06,4.49
2021-11-23,688553,34.8,35.06,35.59,34.78,25998,91447920.0,2.32,0.63,0.22,5.23
2021-11-24,688553,34.85,34.93,35.2,34.55,24433,85143974.0,1.85,-0.37,-0.13,4.92
2021-11-25,688553,35.28,35.86,36.45,35.09,44274,158471742.0,3.89,2.66,0.93,8.91
2021-11-26,688553,36.17,35.06,36.35,35.02,32279,114552357.0,3.71,-2.23,-0.8,6.5
2021-11-29,688553,34.93,34.8,35.49,34.58,20587,71919331.0,2.6,-0.74,-0.26,4.14
2021-11-30,688553,34.85,34.37,35.0,34.08,22150,76589467.0,2.64,-1.24,-0.43,4.46
2021-12-01,688553,34.06,34.39,34.54,34.06,13636,46763482.0,1.4,0.06,0.02,2.74
2021-12-02,688553,34.38,33.66,34.49,33.64,22266,75753677.0,2.47,-2.12,-0.73,4.48
2021-12-03,688553,33.71,33.92,34.29,33.68,15203,51697829.0,1.81,0.77,0.26,3.06
2021-12-06,688553,34.11,33.79,34.21,33.6,11657,39461643.0,1.8,-0.38,-0.13,2.35
2021-12-07,688553,33.96,33.79,34.09,33.6,10933,36926241.0,1.45,0.0,0.0,2.2
2021-12-08,688553,33.81,34.12,34.33,33.7,9857,33595600.0,1.86,0.98,0.33,1.98
2021-12-09,688553,34.2,34.39,34.55,34.2,11570,39817850.0,1.03,0.79,0.27,2.33
2021-12-10,688553,34.27,33.88,34.49,33.8,12304,41850747.0,2.01,-1.48,-0.51,2.48
2021-12-13,688553,33.59,33.69,33.93,33.59,14676,49418270.0,1.0,-0.56,-0.19,2.95
2021-12-14,688553,33.73,33.81,33.83,33.54,9651,32526956.0,0.86,0.36,0.12,1.94
2021-12-15,688553,33.79,33.49,33.96,33.49,14433,48621336.0,1.39,-0.95,-0.32,2.9
2021-12-16,688553,33.5,33.12,33.6,32.83,24269,80289556.0,2.3,-1.1,-0.37,4.88
2021-12-17,688553,33.15,32.68,33.15,32.64,15495,50831394.0,1.54,-1.33,-0.44,3.12
2021-12-20,688553,32.66,32.63,32.92,32.61,9495,31070031.0,0.95,-0.15,-0.05,1.91
2021-12-21,688553,32.7,32.64,32.8,32.46,13793,44937290.0,1.04,0.03,0.01,2.78
2021-12-22,688553,32.75,32.96,33.28,32.56,15384,50691379.0,2.21,0.98,0.32,3.1
2021-12-23,688553,32.94,32.51,32.96,32.5,10558,34506543.0,1.4,-1.37,-0.45,2.12
2021-12-24,688553,32.58,32.59,32.99,32.43,11082,36130343.0,1.72,0.25,0.08,2.23
2021-12-27,688553,32.68,33.47,33.8,32.68,22975,76844685.0,3.44,2.7,0.88,4.62
2021-12-28,688553,33.6,33.39,33.64,33.04,11370,37850661.0,1.79,-0.24,-0.08,2.29
2021-12-29,688553,33.45,33.3,33.79,33.29,13441,45123748.0,1.5,-0.27,-0.09,2.7
2021-12-30,688553,33.38,33.33,33.45,33.02,11711,38942357.0,1.29,0.09,0.03,2.36
2021-12-31,688553,33.33,33.63,34.0,33.26,15696,52964091.0,2.22,0.9,0.3,3.16
2022-01-04,688553,33.73,33.59,33.98,33.48,12925,43542976.0,1.49,-0.12,-0.04,2.6
2022-01-05,688553,33.68,32.63,33.68,32.45,20075,65798707.0,3.66,-2.86,-0.96,4.04
2022-01-06,688553,32.59,32.79,32.95,32.47,9448,30879988.0,1.47,0.49,0.16,1.9
2022-01-07,688553,32.88,32.56,32.95,32.5,10057,32869399.0,1.37,-0.7,-0.23,2.02
2022-01-10,688553,32.66,33.19,33.38,32.59,11634,38418550.0,2.43,1.93,0.63,2.34
2022-01-11,688553,33.12,33.46,33.79,33.12,16085,53866077.0,2.02,0.81,0.27,3.24
2022-01-12,688553,33.63,34.1,34.39,33.6,23591,80480880.0,2.36,1.91,0.64,4.75
2022-01-13,688553,34.15,34.5,34.74,33.85,32312,111205492.0,2.61,1.17,0.4,6.5
2022-01-14,688553,34.5,34.5,34.72,34.07,24499,84462870.0,1.88,0.0,0.0,4.93
2022-01-17,688553,34.44,34.41,35.0,34.2,18511,63920538.0,2.32,-0.26,-0.09,3.72
2022-01-18,688553,34.12,33.61,34.32,33.44,16528,55655686.0,2.56,-2.32,-0.8,3.33
2022-01-19,688553,33.43,33.18,33.55,33.0,13119,43640761.0,1.64,-1.28,-0.43,2.64
2022-01-20,688553,33.47,33.14,33.68,33.01,14434,48074107.0,2.02,-0.12,-0.04,2.9
2022-01-21,688553,33.12,32.55,33.14,32.44,11792,38468159.0,2.11,-1.78,-0.59,2.37
2022-01-24,688553,32.45,32.47,32.66,32.42,6217,20207615.0,0.74,-0.25,-0.08,1.25
2022-01-25,688553,32.48,30.33,32.49,30.28,30785,95528225.0,6.81,-6.59,-2.14,6.2
2022-01-26,688553,30.34,30.22,30.65,29.59,12464,37579795.0,3.49,-0.36,-0.11,2.51
2022-01-27,688553,30.35,29.32,30.35,29.3,11278,33291200.0,3.47,-2.98,-0.9,2.27
2022-01-28,688553,29.45,28.88,29.7,28.39,11063,32042213.0,4.47,-1.5,-0.44,2.23
2022-02-07,688553,29.37,29.15,29.4,28.89,5572,16249776.0,1.77,0.93,0.27,1.12
2022-02-08,688553,29.0,29.67,29.78,28.95,6156,18179628.0,2.85,1.78,0.52,1.24
2022-02-09,688553,29.68,30.18,30.35,29.5,6068,18203653.0,2.86,1.72,0.51,1.22
2022-02-10,688553,30.31,30.23,30.66,30.1,8349,25328308.0,1.86,0.17,0.05,1.68
2022-02-11,688553,30.15,29.21,30.15,29.13,8960,26393694.0,3.37,-3.37,-1.02,1.8
2022-02-14,688553,29.22,30.69,31.39,29.22,20560,63186143.0,7.43,5.07,1.48,4.14
2022-02-15,688553,30.58,30.92,31.67,30.51,11592,36126400.0,3.78,0.75,0.23,2.33
2022-02-16,688553,31.19,31.05,31.23,30.69,5648,17468706.0,1.75,0.42,0.13,1.14
2022-02-17,688553,31.05,30.76,31.05,30.61,5014,15421497.0,1.42,-0.93,-0.29,1.01
2022-02-18,688553,30.78,30.71,30.95,30.63,4640,14277874.0,1.04,-0.16,-0.05,0.93
2022-02-21,688553,30.69,30.67,30.85,30.41,5561,17028817.0,1.43,-0.13,-0.04,1.12
2022-02-22,688553,30.65,30.28,30.65,29.91,6286,18993090.0,2.41,-1.27,-0.39,1.27
2022-02-23,688553,30.1,30.67,30.72,30.1,4025,12320561.0,2.05,1.29,0.39,0.81
2022-02-24,688553,30.61,29.94,30.98,29.7,9647,29310207.0,4.17,-2.38,-0.73,1.94
2022-02-25,688553,30.15,30.24,30.56,30.02,5443,16509046.0,1.8,1.0,0.3,1.1
2022-02-28,688553,30.3,29.61,30.39,29.22,13676,40408215.0,3.87,-2.08,-0.63,2.75
2022-03-01,688553,29.86,29.89,29.93,29.58,4639,13791580.0,1.18,0.95,0.28,0.93
2022-03-02,688553,29.66,29.92,29.98,29.62,3616,10783460.0,1.2,0.1,0.03,0.73
2022-03-03,688553,30.01,29.9,30.21,29.83,5152,15435592.0,1.27,-0.07,-0.02,1.04
2022-03-04,688553,30.0,30.1,30.6,29.95,9989,30305448.0,2.17,0.67,0.2,2.01
2022-03-07,688553,29.98,29.4,30.06,29.3,7158,21141369.0,2.52,-2.33,-0.7,1.44
2022-03-08,688553,29.45,28.69,29.51,28.68,6626,19176561.0,2.82,-2.41,-0.71,1.33
2022-03-09,688553,28.66,28.21,28.87,27.45,8261,23321529.0,4.95,-1.67,-0.48,1.66
2022-03-10,688553,28.67,28.27,28.86,28.2,5685,16229069.0,2.34,0.21,0.06,1.14
2022-03-11,688553,28.35,28.74,28.96,27.64,6368,18044021.0,4.67,1.66,0.47,1.28
2022-03-14,688553,28.86,28.51,29.07,28.5,5060,14539995.0,1.98,-0.8,-0.23,1.02
2022-03-15,688553,28.57,27.5,28.57,27.5,6159,17191673.0,3.75,-3.54,-1.01,1.24
2022-03-16,688553,27.6,27.73,27.98,26.92,6659,18306402.0,3.85,0.84,0.23,1.34
2022-03-17,688553,27.8,28.33,28.8,27.8,6941,19733983.0,3.61,2.16,0.6,1.4
2022-03-18,688553,28.31,28.61,28.8,28.16,4253,12132556.0,2.26,0.99,0.28,0.86
2022-03-21,688553,28.61,28.91,29.07,28.43,6585,18978193.0,2.24,1.05,0.3,1.33
2022-03-22,688553,29.0,28.72,29.03,28.56,3766,10815489.0,1.63,-0.66,-0.19,0.76
2022-03-23,688553,28.79,28.68,28.93,28.65,3952,11373655.0,0.97,-0.14,-0.04,0.8
2022-03-24,688553,28.4,28.7,28.83,28.11,5398,15377132.0,2.51,0.07,0.02,1.09
2022-03-25,688553,28.57,28.27,28.78,28.26,5011,14304337.0,1.81,-1.5,-0.43,1.01
2022-03-28,688553,28.11,27.8,28.27,27.62,3485,9728231.0,2.3,-1.66,-0.47,0.7
2022-03-29,688553,27.98,27.7,28.09,27.63,2984,8305496.0,1.65,-0.36,-0.1,0.6
2022-03-30,688553,27.88,28.21,28.32,27.71,4116,11510791.0,2.2,1.84,0.51,0.83
2022-03-31,688553,28.24,28.18,28.6,28.08,4016,11373648.0,1.84,-0.11,-0.03,0.81
2022-04-01,688553,28.11,27.9,28.22,27.75,4044,11287900.0,1.67,-0.99,-0.28,0.81
2022-04-06,688553,27.7,28.0,28.08,27.7,3648,10189196.0,1.36,0.36,0.1,0.73
2022-04-07,688553,27.76,27.45,28.06,27.45,5057,14024052.0,2.18,-1.96,-0.55,1.02
2022-04-08,688553,27.51,26.94,27.52,26.83,5610,15177533.0,2.51,-1.86,-0.51,1.13
2022-04-11,688553,26.9,26.0,26.9,25.88,5940,15607527.0,3.79,-3.49,-0.94,1.2
2022-04-12,688553,25.99,26.2,26.26,25.7,3633,9423625.0,2.15,0.77,0.2,0.73
2022-04-13,688553,26.07,26.0,26.24,25.77,3259,8491395.0,1.79,-0.76,-0.2,0.66
2022-04-14,688553,25.95,26.06,26.21,25.88,3495,9111242.0,1.27,0.23,0.06,0.7
2022-04-15,688553,26.0,25.59,26.09,25.58,3843,9877034.0,1.96,-1.8,-0.47,0.77
2022-04-18,688553,25.62,25.38,25.62,25.18,3371,8529050.0,1.72,-0.82,-0.21,0.68
2022-04-19,688553,25.21,25.66,26.17,25.21,3487,8988517.0,3.78,1.1,0.28,0.7
2022-04-20,688553,25.66,25.59,25.88,25.41,1901,4879925.0,1.83,-0.27,-0.07,0.38
2022-04-21,688553,25.51,25.12,25.8,25.01,3930,9956884.0,3.09,-1.84,-0.47,0.79
2022-04-22,688553,25.19,24.99,25.19,24.84,3562,8895511.0,1.39,-0.52,-0.13,0.72
2022-04-25,688553,24.85,22.92,24.99,22.9,8586,20395804.0,8.36,-8.28,-2.07,1.73
2022-04-26,688553,22.25,20.9,22.65,20.6,16339,35370665.0,8.94,-8.81,-2.02,3.12
2022-04-27,688553,20.88,21.15,21.36,19.96,10734,22162535.0,6.7,1.2,0.25,2.05
2022-04-28,688553,21.15,20.55,21.25,20.33,6114,12607569.0,4.35,-2.84,-0.6,1.17
2022-04-29,688553,20.35,21.39,21.7,20.35,7875,16717355.0,6.57,4.09,0.84,1.51
2022-05-05,688553,21.37,22.21,22.87,21.22,9571,21261940.0,7.71,3.83,0.82,1.83
2022-05-06,688553,21.8,22.14,22.59,21.6,8682,19243046.0,4.46,-0.32,-0.07,1.66
2022-05-09,688553,22.26,22.2,22.42,22.04,5210,11560913.0,1.72,0.27,0.06,1.0
2022-05-10,688553,22.0,22.48,22.49,21.86,5242,11703842.0,2.84,1.26,0.28,1.0
2022-05-11,688553,22.59,22.6,23.28,22.45,8989,20665935.0,3.69,0.53,0.12,1.72
2022-05-12,688553,22.65,22.55,22.99,22.36,5170,11724379.0,2.79,-0.22,-0.05,0.99
2022-05-13,688553,22.84,22.65,22.98,22.5,4184,9497118.0,2.13,0.44,0.1,0.8
2022-05-16,688553,23.0,22.52,23.1,22.44,4539,10349118.0,2.91,-0.57,-0.13,0.87
2022-05-17,688553,22.61,22.25,22.66,22.12,3912,8702193.0,2.4,-1.2,-0.27,0.75
2022-05-18,688553,22.37,22.21,22.47,22.16,3510,7824561.0,1.39,-0.18,-0.04,0.67
2022-05-19,688553,22.0,22.01,22.09,21.72,3842,8421173.0,1.67,-0.9,-0.2,0.73
2022-05-20,688553,22.12,22.43,22.54,21.97,3974,8871101.0,2.59,1.91,0.42,0.76
2022-05-23,688553,22.51,22.9,23.06,22.29,8907,20112296.0,3.43,2.1,0.47,1.7
2022-05-24,688553,22.81,21.67,22.91,21.62,6912,15420578.0,5.63,-5.37,-1.23,1.32
2022-05-25,688553,21.58,21.61,21.7,21.4,4592,9883469.0,1.38,-0.28,-0.06,0.88
2022-05-26,688553,21.78,21.56,21.83,21.46,3453,7472220.0,1.71,-0.23,-0.05,0.66
2022-05-27,688553,21.78,21.63,22.05,21.44,4580,9969844.0,2.83,0.32,0.07,0.88
2022-05-30,688553,21.61,21.62,21.77,21.42,3235,6982139.0,1.62,-0.05,-0.01,0.62
2022-05-31,688553,21.79,22.64,22.85,21.62,11118,24916105.0,5.69,4.72,1.02,2.13
2022-06-01,688553,22.58,23.33,24.18,22.58,13982,32849066.0,7.07,3.05,0.69,2.67
2022-06-02,688553,23.33,25.02,25.28,23.0,23052,56237788.0,9.77,7.24,1.69,4.41
2022-06-06,688553,25.01,25.25,25.75,24.71,19945,50470438.0,4.16,0.92,0.23,3.81
2022-06-07,688553,25.36,24.83,25.46,24.7,11421,28539037.0,3.01,-1.66,-0.42,2.18
2022-06-08,688553,25.13,25.1,25.3,24.8,10422,26126201.0,2.01,1.09,0.27,1.99
2022-06-09,688553,25.1,24.29,25.17,24.19,10000,24634460.0,3.9,-3.23,-0.81,1.91
2022-06-10,688553,24.28,24.68,24.98,24.24,6913,17050368.0,3.05,1.61,0.39,1.32
2022-06-13,688553,24.58,24.63,25.06,24.41,7472,18479535.0,2.63,-0.2,-0.05,1.43
2022-06-14,688553,24.47,24.33,24.53,23.7,7428,17911443.0,3.37,-1.22,-0.3,1.42
2022-06-15,688553,24.49,24.33,24.62,24.25,5638,13771850.0,1.52,0.0,0.0,1.08
2022-06-16,688553,24.58,24.34,24.65,24.13,6877,16812754.0,2.14,0.04,0.01,1.32
2022-06-17,688553,24.3,24.39,24.48,24.02,5332,12955251.0,1.89,0.21,0.05,1.02
2022-06-20,688553,24.35,24.77,24.84,24.35,5800,14299641.0,2.01,1.56,0.38,1.11
2022-06-21,688553,24.77,24.31,24.86,24.0,6586,16088320.0,3.47,-1.86,-0.46,1.26
2022-06-22,688553,24.45,23.92,24.48,23.92,5002,12088029.0,2.3,-1.6,-0.39,0.96
2022-06-23,688553,23.95,24.24,24.24,23.89,4901,11791707.0,1.46,1.34,0.32,0.94
2022-06-24,688553,24.3,24.57,24.76,24.25,7685,18887880.0,2.1,1.36,0.33,1.47
2022-06-27,688553,24.69,24.8,25.13,24.55,8047,19953961.0,2.36,0.94,0.23,1.54
2022-06-28,688553,24.89,24.84,24.89,24.4,6077,14976612.0,1.98,0.16,0.04,1.16
2022-06-29,688553,24.83,24.0,24.99,23.94,9596,23444329.0,4.23,-3.38,-0.84,1.83
2022-06-30,688553,24.0,24.29,24.6,23.98,8620,20905214.0,2.58,1.21,0.29,1.65
2022-07-01,688553,24.27,24.17,24.44,24.02,5637,13656828.0,1.73,-0.49,-0.12,1.08
2022-07-04,688553,24.17,24.98,25.15,24.0,11689,28767202.0,4.76,3.35,0.81,2.24
2022-07-05,688553,25.03,24.36,25.06,24.05,10193,24851726.0,4.04,-2.48,-0.62,1.95
2022-07-06,688553,24.13,24.31,24.71,24.1,4250,10352678.0,2.5,-0.21,-0.05,0.81
2022-07-07,688553,24.5,24.23,24.5,24.05,4404,10656022.0,1.85,-0.33,-0.08,0.84
2022-07-08,688553,24.68,24.22,24.68,24.13,4381,10643270.0,2.27,-0.04,-0.01,0.84
2022-07-11,688553,24.37,24.31,24.42,24.1,5742,13921394.0,1.32,0.37,0.09,1.1
2022-07-12,688553,24.37,23.87,24.37,23.83,5368,12891323.0,2.22,-1.81,-0.44,1.03
2022-07-13,688553,24.0,23.69,24.0,23.68,4338,10325532.0,1.34,-0.75,-0.18,0.83
2022-07-14,688553,23.69,24.07,24.42,23.6,6887,16595027.0,3.46,1.6,0.38,1.32
2022-07-15,688553,24.12,23.69,24.15,23.59,5552,13229642.0,2.33,-1.58,-0.38,1.06
2022-07-18,688553,23.77,23.85,23.91,23.6,3204,7620734.0,1.31,0.68,0.16,0.61
2022-07-19,688553,23.84,23.92,23.96,23.7,4052,9647859.0,1.09,0.29,0.07,0.77
2022-07-20,688553,23.95,24.21,24.26,23.95,4367,10550067.0,1.3,1.21,0.29,0.84
2022-07-21,688553,24.21,24.06,24.29,24.03,3238,7817738.0,1.07,-0.62,-0.15,0.62
2022-07-22,688553,24.2,23.98,24.26,23.71,3850,9213245.0,2.29,-0.33,-0.08,0.74
2022-07-25,688553,24.01,23.69,24.06,23.56,4173,9917956.0,2.09,-1.21,-0.29,0.8
2022-07-26,688553,23.76,23.46,23.76,23.01,4978,11611813.0,3.17,-0.97,-0.23,0.95
2022-07-27,688553,23.52,23.49,23.58,23.33,3173,7443335.0,1.07,0.13,0.03,0.61
2022-07-28,688553,23.56,23.78,23.82,23.5,4188,9921110.0,1.36,1.23,0.29,0.8
2022-07-29,688553,23.9,23.56,23.9,23.46,4367,10306802.0,1.85,-0.93,-0.22,0.84
2022-08-01,688553,23.63,23.59,23.68,23.19,2660,6247959.0,2.08,0.13,0.03,0.51
2022-08-02,688553,23.54,22.38,23.54,22.17,9747,22028170.0,5.81,-5.13,-1.21,1.86
2022-08-03,688553,22.35,22.29,22.84,22.18,3523,7938522.0,2.95,-0.4,-0.09,0.67
2022-08-04,688553,22.48,22.51,22.69,22.35,3317,7460771.0,1.53,0.99,0.22,0.63
2022-08-05,688553,22.59,23.27,23.44,22.5,6400,14801690.0,4.18,3.38,0.76,1.22
2022-08-08,688553,23.45,23.39,23.47,23.11,2955,6887260.0,1.55,0.52,0.12,0.57
2022-08-09,688553,23.4,23.45,23.45,23.17,2963,6896918.0,1.2,0.26,0.06,0.57
2022-08-10,688553,23.41,23.22,23.41,23.17,3267,7595308.0,1.02,-0.98,-0.23,0.62
2022-08-11,688553,23.3,23.52,23.65,23.27,6591,15473376.0,1.64,1.29,0.3,1.26
2022-08-12,688553,23.52,23.21,23.57,23.2,4760,11109765.0,1.57,-1.32,-0.31,0.91
2022-08-15,688553,23.21,23.06,23.21,22.86,3671,8438964.0,1.51,-0.65,-0.15,0.7
2022-08-16,688553,23.1,23.13,23.23,23.04,1938,4477159.0,0.82,0.3,0.07,0.37
2022-08-17,688553,23.17,23.14,23.17,22.95,2335,5381330.0,0.95,0.04,0.01,0.45
2022-08-18,688553,23.1,23.2,23.2,22.89,2830,6524228.0,1.34,0.26,0.06,0.54
2022-08-19,688553,23.24,23.2,23.25,22.95,6045,13935086.0,1.29,0.0,0.0,1.16
2022-08-22,688553,22.93,22.74,22.94,22.65,3612,8242075.0,1.25,-1.98,-0.46,0.69
2022-08-23,688553,22.75,22.87,23.03,22.72,2617,5981213.0,1.36,0.57,0.13,0.5
2022-08-24,688553,22.95,22.44,22.95,22.44,3689,8330383.0,2.23,-1.88,-0.43,0.71
2022-08-25,688553,22.63,22.39,22.63,22.25,4146,9264475.0,1.69,-0.22,-0.05,0.79
2022-08-26,688553,22.01,21.47,22.11,21.4,10889,23601143.0,3.17,-4.11,-0.92,2.08
2022-08-29,688553,21.31,21.13,21.32,20.78,4734,9966404.0,2.52,-1.58,-0.34,0.91
2022-08-30,688553,21.13,21.22,21.47,21.12,1931,4101594.0,1.66,0.43,0.09,0.37
2022-08-31,688553,21.07,20.9,21.2,20.86,3058,6416801.0,1.6,-1.51,-0.32,0.58
2022-09-01,688553,20.95,20.94,21.12,20.87,2222,4671307.0,1.2,0.19,0.04,0.42
2022-09-02,688553,20.94,21.2,21.46,20.94,2481,5266281.0,2.48,1.24,0.26,0.47
2022-09-05,688553,21.44,21.04,21.44,20.94,3481,7337761.0,2.36,-0.75,-0.16,0.67
2022-09-06,688553,21.09,21.14,21.2,20.91,1631,3440368.0,1.38,0.48,0.1,0.31
2022-09-07,688553,21.15,21.05,21.2,20.96,1625,3426220.0,1.14,-0.43,-0.09,0.31
2022-09-08,688553,21.1,20.89,21.1,20.86,3005,6284132.0,1.14,-0.76,-0.16,0.57
2022-09-09,688553,20.81,20.99,21.05,20.81,1604,3358784.0,1.15,0.48,0.1,0.31
2022-09-13,688553,20.9,20.98,21.08,20.9,2361,4954925.0,0.86,-0.05,-0.01,0.45
2022-09-14,688553,20.76,20.7,20.85,20.55,2557,5287950.0,1.43,-1.33,-0.28,0.49
2022-09-15,688553,20.7,20.34,20.95,20.32,4347,8935121.0,3.04,-1.74,-0.36,0.83
2022-09-16,688553,20.45,20.22,20.47,20.01,2064,4170546.0,2.26,-0.59,-0.12,0.39
2022-09-19,688553,20.3,19.9,20.3,19.8,2686,5369596.0,2.47,-1.58,-0.32,0.51
2022-09-20,688553,20.01,19.94,20.16,19.91,1253,2511273.0,1.26,0.2,0.04,0.24
2022-09-21,688553,19.94,19.86,19.94,19.63,1580,3131245.0,1.55,-0.4,-0.08,0.3
2022-09-22,688553,19.58,19.86,20.0,19.58,1163,2309194.0,2.11,0.0,0.0,0.22
2022-09-23,688553,19.71,19.46,19.8,19.45,2109,4131735.0,1.76,-2.01,-0.4,0.4
2022-09-26,688553,19.46,18.76,19.46,18.67,4461,8450766.0,4.06,-3.6,-0.7,0.85
2022-09-27,688553,18.92,19.05,19.08,18.8,2039,3860772.0,1.49,1.55,0.29,0.39
2022-09-28,688553,19.05,18.69,19.2,18.66,2007,3793160.0,2.83,-1.89,-0.36,0.38
2022-09-29,688553,18.99,18.7,19.05,18.7,2285,4312658.0,1.87,0.05,0.01,0.44
2022-09-30,688553,18.73,18.79,18.95,18.66,1732,3248056.0,1.55,0.48,0.09,0.33
2022-10-10,688553,18.97,18.5,19.1,18.5,1523,2852135.0,3.19,-1.54,-0.29,0.29
2022-10-11,688553,18.41,18.11,18.64,18.08,2467,4487908.0,3.03,-2.11,-0.39,0.47
2022-10-12,688553,18.14,18.34,18.42,17.9,2296,4171696.0,2.87,1.27,0.23,0.44
2022-10-13,688553,18.14,18.62,18.85,18.14,2840,5280019.0,3.87,1.53,0.28,0.54
2022-10-14,688553,18.64,19.9,20.61,18.64,11944,23733460.0,10.58,6.87,1.28,2.28
2022-10-17,688553,20.25,20.11,20.48,19.89,8187,16529458.0,2.96,1.06,0.21,1.57
2022-10-18,688553,20.13,20.38,20.58,19.81,6747,13713340.0,3.83,1.34,0.27,1.29
2022-10-19,688553,20.38,19.88,20.43,19.88,3863,7737057.0,2.7,-2.45,-0.5,0.74
2022-10-20,688553,20.0,19.75,20.13,19.7,4503,8965032.0,2.16,-0.65,-0.13,0.86
2022-10-21,688553,19.8,19.61,19.97,19.55,3159,6218896.0,2.13,-0.71,-0.14,0.6
2022-10-24,688553,19.78,18.78,19.87,18.77,5719,10978607.0,5.61,-4.23,-0.83,1.09
2022-10-25,688553,18.93,18.52,19.07,18.44,4212,7835361.0,3.35,-1.38,-0.26,0.81
2022-10-26,688553,18.59,19.03,19.36,18.42,5942,11312442.0,5.08,2.75,0.51,0.21
2022-10-27,688553,19.14,19.34,19.47,19.03,6690,12876408.0,2.31,1.63,0.31,0.23
2022-10-28,688553,19.46,18.7,19.47,18.45,6804,12938920.0,5.27,-3.31,-0.64,0.24
2022-10-31,688553,18.26,18.93,19.18,18.26,6296,11893614.0,4.92,1.23,0.23,0.22
2022-11-01,688553,19.1,19.5,19.55,18.76,10449,20031884.0,4.17,3.01,0.57,0.36
2022-11-02,688553,19.15,19.31,19.85,18.98,16750,32665665.0,4.46,-0.97,-0.19,0.58
2022-11-03,688553,19.26,19.28,19.51,18.9,11392,21838764.0,3.16,-0.16,-0.03,0.39
2022-11-04,688553,19.27,19.47,19.68,19.24,10528,20465412.0,2.28,0.99,0.19,0.36
2022-11-07,688553,19.5,19.41,19.68,19.35,12398,24125910.0,1.69,-0.31,-0.06,0.43
2022-11-08,688553,19.48,19.22,19.48,19.1,7510,14437762.0,1.96,-0.98,-0.19,0.26
2022-11-09,688553,19.13,19.27,19.44,19.1,10126,19559345.0,1.77,0.26,0.05,0.35
2022-11-10,688553,19.26,20.44,20.44,19.2,39021,78187736.0,6.43,6.07,1.17,1.35
2022-11-11,688553,20.85,19.99,20.95,19.96,40033,81844361.0,4.84,-2.2,-0.45,1.38
2022-11-14,688553,20.04,20.05,20.25,19.75,15333,30711312.0,2.5,0.3,0.06,0.53
2022-11-15,688553,20.15,20.12,20.2,19.91,20246,40574984.0,1.45,0.35,0.07,0.7
2022-11-16,688553,20.12,19.82,20.18,19.71,20441,40629488.0,2.34,-1.49,-0.3,0.71
2022-11-17,688553,19.8,19.74,19.9,19.56,16565,32610819.0,1.72,-0.4,-0.08,0.57
2022-11-18,688553,19.62,19.53,19.93,19.45,22607,44458579.0,2.43,-1.06,-0.21,0.78
2022-11-21,688553,19.6,19.21,19.6,19.07,18568,35611506.0,2.71,-1.64,-0.32,0.64
2022-11-22,688553,19.13,18.56,19.45,18.5,25919,49032303.0,4.95,-3.38,-0.65,0.9
2022-11-23,688553,18.55,18.14,18.6,17.95,18692,33868323.0,3.5,-2.26,-0.42,0.65
2022-11-24,688553,18.14,18.3,18.58,17.8,16239,29758866.0,4.3,0.88,0.16,0.56
2022-11-25,688553,18.3,18.74,18.9,18.15,25050,46621036.0,4.1,2.4,0.44,0.87
2022-11-28,688553,18.61,18.31,18.79,18.11,14906,27431759.0,3.63,-2.29,-0.43,0.52
2022-11-29,688553,18.38,18.49,18.76,18.25,14001,25961628.0,2.79,0.98,0.18,0.48
2022-11-30,688553,18.54,18.46,18.85,18.4,17625,32828737.0,2.43,-0.16,-0.03,0.61
2022-12-01,688553,18.56,18.5,18.66,18.43,13652,25278647.0,1.25,0.22,0.04,0.47
2022-12-02,688553,18.5,18.67,18.89,18.4,17722,33051167.0,2.65,0.92,0.17,0.61
2022-12-05,688553,18.79,18.68,18.81,18.6,12333,23043899.0,1.12,0.05,0.01,0.43
2022-12-06,688553,18.66,18.28,18.66,18.23,18210,33494473.0,2.3,-2.14,-0.4,0.63
2022-12-07,688553,18.28,18.47,18.49,18.06,17027,31112737.0,2.35,1.04,0.19,0.59
2022-12-08,688553,18.5,18.34,18.64,18.3,16351,30165244.0,1.84,-0.7,-0.13,0.57
2022-12-09,688553,18.38,18.22,18.41,18.2,13304,24347264.0,1.15,-0.65,-0.12,0.46
2022-12-12,688553,18.3,18.51,18.71,18.22,20077,37154465.0,2.69,1.59,0.29,0.69
2022-12-13,688553,18.54,18.2,18.59,18.09,17148,31269840.0,2.7,-1.67,-0.31,0.59
2022-12-14,688553,18.22,18.02,18.25,18.02,12470,22574559.0,1.26,-0.99,-0.18,0.43
2022-12-15,688553,18.08,17.83,18.1,17.73,11986,21440133.0,2.05,-1.05,-0.19,0.41
2022-12-16,688553,17.83,17.84,17.97,17.64,14432,25715352.0,1.85,0.06,0.01,0.5
2022-12-19,688553,17.83,17.02,17.93,17.01,21180,36548954.0,5.16,-4.6,-0.82,0.73
2022-12-20,688553,17.14,16.7,17.14,16.63,9810,16501538.0,3.0,-1.88,-0.32,0.34
2022-12-21,688553,16.73,16.73,16.86,16.67,6325,10592866.0,1.14,0.18,0.03,0.22
2022-12-22,688553,16.79,16.18,16.81,16.18,9063,14879971.0,3.77,-3.29,-0.55,0.31
2022-12-23,688553,16.23,15.95,16.37,15.95,9431,15209169.0,2.6,-1.42,-0.23,0.33
2022-12-26,688553,16.08,16.1,16.2,15.93,6546,10532475.0,1.69,0.94,0.15,0.23
2022-12-27,688553,15.99,16.24,16.25,15.98,10207,16442468.0,1.68,0.87,0.14,0.35
2022-12-28,688553,16.11,16.02,16.28,15.99,5659,9105331.0,1.79,-1.35,-0.22,0.2
2022-12-29,688553,16.08,15.96,16.19,15.9,7766,12436285.0,1.81,-0.37,-0.06,0.27
2022-12-30,688553,16.14,15.59,16.14,15.52,14804,23378588.0,3.88,-2.32,-0.37,0.51
2023-01-03,688553,15.64,15.93,15.95,15.59,22620,35834854.0,2.31,2.18,0.34,0.78
2023-01-04,688553,16.03,15.82,16.03,15.63,16840,26640849.0,2.51,-0.69,-0.11,0.58
2023-01-05,688553,15.9,15.99,15.99,15.75,20731,32950903.0,1.52,1.07,0.17,0.72
2023-01-06,688553,15.99,15.92,16.06,15.86,17490,27886152.0,1.25,-0.44,-0.07,0.6
2023-01-09,688553,16.0,15.97,16.01,15.83,23233,37031370.0,1.13,0.31,0.05,0.8
2023-01-10,688553,15.94,16.05,16.07,15.78,24881,39688873.0,1.82,0.5,0.08,0.86
2023-01-11,688553,16.05,16.21,16.62,15.97,28397,46341576.0,4.05,1.0,0.16,0.98
2023-01-12,688553,16.14,15.93,16.29,15.92,14167,22752563.0,2.28,-1.73,-0.28,0.49
2023-01-13,688553,15.92,16.98,17.19,15.9,37874,62608603.0,8.1,6.59,1.05,1.31
2023-01-16,688553,16.75,16.95,17.28,16.66,36114,61326630.0,3.65,-0.18,-0.03,1.25
2023-01-17,688553,16.94,16.6,16.99,16.49,19657,32758195.0,2.95,-2.06,-0.35,0.68
2023-01-18,688553,16.6,16.54,16.68,16.48,11106,18402095.0,1.2,-0.36,-0.06,0.38
2023-01-19,688553,16.63,16.89,16.98,16.53,15691,26388208.0,2.72,2.12,0.35,0.54
2023-01-20,688553,16.8,16.9,17.02,16.77,14740,24945603.0,1.48,0.06,0.01,0.51
2023-01-30,688553,17.07,17.08,17.23,16.83,17512,29787015.0,2.37,1.07,0.18,0.61
2023-01-31,688553,17.08,16.95,17.08,16.83,11675,19764343.0,1.46,-0.76,-0.13,0.4
2023-02-01,688553,16.98,17.3,17.31,16.93,17684,30427051.0,2.24,2.06,0.35,0.61
2023-02-02,688553,17.28,17.31,17.6,17.21,15949,27777748.0,2.25,0.06,0.01,0.55
2023-02-03,688553,17.31,17.81,18.2,17.31,42795,76546301.0,5.14,2.89,0.5,1.48
2023-02-06,688553,17.74,17.51,17.84,17.47,17900,31505770.0,2.08,-1.68,-0.3,0.62
2023-02-07,688553,17.56,17.65,17.8,17.52,15154,26704268.0,1.6,0.8,0.14,0.52
2023-02-08,688553,17.7,17.68,18.13,17.62,17392,31062416.0,2.89,0.17,0.03,0.6
2023-02-09,688553,17.7,17.94,17.99,17.65,13785,24662348.0,1.92,1.47,0.26,0.48
2023-02-10,688553,17.92,17.92,18.11,17.8,15517,27848877.0,1.73,-0.11,-0.02,0.54
2023-02-13,688553,17.92,17.99,18.13,17.85,13752,24746768.0,1.56,0.39,0.07,0.48
2023-02-14,688553,18.02,17.9,18.04,17.77,17853,31976613.0,1.5,-0.5,-0.09,0.62
2023-02-15,688553,17.83,17.88,17.95,17.68,15548,27681388.0,1.51,-0.11,-0.02,0.54
2023-02-16,688553,17.9,17.38,17.98,17.29,24450,43274637.0,3.86,-2.8,-0.5,0.85
2023-02-17,688553,17.4,17.38,17.55,17.35,14717,25675201.0,1.15,0.0,0.0,0.51
2023-02-20,688553,17.5,17.89,17.95,17.27,16533,29171277.0,3.91,2.93,0.51,0.57
2023-02-21,688553,17.86,18.18,18.67,17.84,22613,41357897.0,4.64,1.62,0.29,0.78
2023-02-22,688553,18.1,18.25,18.45,18.05,14856,27129298.0,2.2,0.39,0.07,0.51
2023-02-23,688553,18.11,18.02,18.56,17.94,15277,27784031.0,3.4,-1.26,-0.23,0.53
2023-02-24,688553,18.08,17.89,18.14,17.88,7611,13689611.0,1.44,-0.72,-0.13,0.26
2023-02-27,688553,17.85,17.81,18.17,17.71,12917,23214827.0,2.57,-0.45,-0.08,0.45
2023-02-28,688553,17.82,17.81,17.89,17.65,11104,19708383.0,1.35,0.0,0.0,0.38
2023-03-01,688553,17.83,17.94,17.97,17.77,10666,19054130.0,1.12,0.73,0.13,0.37
2023-03-02,688553,17.96,17.6,17.96,17.57,15836,28090127.0,2.17,-1.9,-0.34,0.55
2023-03-03,688553,17.6,17.42,17.66,17.36,13702,23934484.0,1.7,-1.02,-0.18,0.47
2023-03-06,688553,17.39,17.46,17.54,17.3,10035,17482983.0,1.38,0.23,0.04,0.35
2023-03-07,688553,17.42,17.05,17.53,17.05,12286,21201556.0,2.75,-2.35,-0.41,0.42
2023-03-08,688553,17.07,17.25,17.28,17.0,8731,14939468.0,1.64,1.17,0.2,0.3
2023-03-09,688553,17.34,17.2,17.38,17.1,7926,13613431.0,1.62,-0.29,-0.05,0.27
2023-03-10,688553,17.01,17.16,17.33,17.01,7343,12581358.0,1.86,-0.23,-0.04,0.25
2023-03-13,688553,17.11,17.01,17.29,16.87,6209,10555167.0,2.45,-0.87,-0.15,0.21
2023-03-14,688553,17.05,17.0,17.17,16.75,8681,14713508.0,2.47,-0.06,-0.01,0.3
2023-03-15,688553,17.12,17.14,17.34,17.02,11670,20112675.0,1.88,0.82,0.14,0.4
2023-03-16,688553,17.14,16.93,17.15,16.81,8163,13867142.0,1.98,-1.23,-0.21,0.28
2023-03-17,688553,17.09,16.95,17.24,16.94,9240,15773818.0,1.77,0.12,0.02,0.32
2023-03-20,688553,16.9,16.69,16.97,16.6,8792,14712699.0,2.18,-1.53,-0.26,0.3
2023-03-21,688553,16.7,17.18,17.19,16.61,8148,13834517.0,3.48,2.94,0.49,0.28
2023-03-22,688553,17.17,17.28,17.32,17.0,9053,15547249.0,1.86,0.58,0.1,0.31
2023-03-23,688553,17.2,17.2,17.28,17.02,7615,13070310.0,1.5,-0.46,-0.08,0.26
2023-03-24,688553,17.25,17.07,17.29,16.98,9581,16386996.0,1.8,-0.76,-0.13,0.33
2023-03-27,688553,17.03,17.44,17.5,16.88,19350,33571522.0,3.63,2.17,0.37,0.67
2023-03-28,688553,17.39,17.98,18.1,17.25,38263,67961109.0,4.87,3.1,0.54,1.32
2023-03-29,688553,17.88,18.68,18.76,17.6,56195,102786837.0,6.45,3.89,0.7,1.94
2023-03-30,688553,18.58,18.12,18.6,18.11,27085,49733490.0,2.62,-3.0,-0.56,0.94
2023-03-31,688553,18.05,18.6,18.97,18.01,44715,82926690.0,5.3,2.65,0.48,1.55
2023-04-03,688553,18.58,19.24,19.54,18.2,50637,95367645.0,7.2,3.44,0.64,1.75
2023-04-04,688553,19.09,19.29,19.37,18.8,39584,75680212.0,2.96,0.26,0.05,1.37
2023-04-06,688553,19.28,19.09,19.3,18.92,25059,47788298.0,1.97,-1.04,-0.2,0.87
2023-04-07,688553,19.1,19.75,20.16,19.03,57852,114124740.0,5.92,3.46,0.66,2.0
2023-04-10,688553,19.66,19.54,20.45,19.46,51733,103222328.0,5.01,-1.06,-0.21,1.79
2023-04-11,688553,19.54,19.63,20.12,19.42,46478,91977057.0,3.58,0.46,0.09,1.61
2023-04-12,688553,19.85,19.25,19.85,19.14,37543,72690264.0,3.62,-1.94,-0.38,1.3
2023-04-13,688553,19.22,19.25,19.63,18.96,40892,79007250.0,3.48,0.0,0.0,1.41
2023-04-14,688553,19.3,19.2,19.68,18.77,39545,76005910.0,4.73,-0.26,-0.05,1.37
2023-04-17,688553,19.27,19.1,19.27,18.92,22779,43414649.0,1.82,-0.52,-0.1,0.79
2023-04-18,688553,19.06,18.74,19.06,18.69,19163,36051414.0,1.94,-1.88,-0.36,0.66
2023-04-19,688553,18.85,18.15,18.85,18.1,37166,68149554.0,4.0,-3.15,-0.59,1.29
2023-04-20,688553,18.05,17.45,18.19,17.25,54153,95032891.0,5.18,-3.86,-0.7,1.87
2023-04-21,688553,17.54,17.0,17.54,16.85,25255,43370833.0,3.95,-2.58,-0.45,0.87
2023-04-24,688553,17.09,16.9,17.44,16.84,26366,45101196.0,3.53,-0.59,-0.1,0.91
2023-04-25,688553,17.03,16.14,17.06,15.9,34030,55347139.0,6.86,-4.5,-0.76,1.18
2023-04-26,688553,16.18,16.16,16.28,16.05,15010,24260192.0,1.43,0.12,0.02,0.52
2023-04-27,688553,16.06,16.24,16.35,16.06,16548,26846559.0,1.79,0.5,0.08,0.57
2023-04-28,688553,16.24,16.54,16.59,16.0,22429,36605052.0,3.63,1.85,0.3,0.78
2023-05-04,688553,16.1,16.53,16.61,16.06,24502,39915552.0,3.33,-0.06,-0.01,0.85
2023-05-05,688553,16.42,16.31,16.47,16.14,17726,28843060.0,2.0,-1.33,-0.22,0.61
2023-05-08,688553,16.35,16.0,16.43,15.95,30565,49121013.0,2.94,-1.9,-0.31,1.06
2023-05-09,688553,16.04,16.27,16.32,15.96,21623,35036689.0,2.25,1.69,0.27,0.75
2023-05-10,688553,16.27,15.86,16.27,15.6,53552,85124524.0,4.12,-2.52,-0.41,1.85
2023-05-11,688553,15.78,15.82,15.99,15.77,11637,18456239.0,1.39,-0.25,-0.04,0.4
2023-05-12,688553,15.76,15.8,15.94,15.71,8140,12879508.0,1.45,-0.13,-0.02,0.28
2023-05-15,688553,15.78,16.0,16.01,15.7,8756,13866738.0,1.96,1.27,0.2,0.3
2023-05-16,688553,16.0,16.1,16.23,15.88,12175,19608223.0,2.19,0.63,0.1,0.42
2023-05-17,688553,16.05,16.1,16.11,15.94,8110,13018746.0,1.06,0.0,0.0,0.28
2023-05-18,688553,16.15,16.05,16.18,16.0,12758,20512887.0,1.12,-0.31,-0.05,0.44
2023-05-19,688553,16.1,16.15,16.17,15.93,8388,13472881.0,1.5,0.62,0.1,0.29
2023-05-22,688553,16.16,16.38,16.45,16.09,12773,20867561.0,2.23,1.42,0.23,0.44
2023-05-23,688553,16.29,16.49,16.9,16.29,21197,35354976.0,3.72,0.67,0.11,0.73
2023-05-24,688553,16.43,16.61,16.76,16.3,18562,30754421.0,2.79,0.73,0.12,0.64
2023-05-25,688553,16.39,16.25,16.47,16.06,10903,17710844.0,2.47,-2.17,-0.36,0.38
2023-05-26,688553,16.25,16.27,16.37,16.01,8721,14098502.0,2.22,0.12,0.02,0.3
2023-05-29,688553,16.2,16.14,16.39,16.0,8654,13977933.0,2.4,-0.8,-0.13,0.3
2023-05-30,688553,16.11,16.03,16.18,15.88,8089,12962791.0,1.86,-0.68,-0.11,0.28
2023-05-31,688553,16.17,16.01,16.17,15.98,6943,11141031.0,1.19,-0.12,-0.02,0.24
2023-06-01,688553,16.01,16.21,16.54,15.91,14074,22814670.0,3.94,1.25,0.2,0.49
2023-06-02,688553,16.18,16.28,16.35,15.96,15078,24355524.0,2.41,0.43,0.07,0.52
2023-06-05,688553,16.25,16.23,16.31,16.13,7825,12697052.0,1.11,-0.31,-0.05,0.27
2023-06-06,688553,16.15,15.86,16.29,15.61,12098,19392617.0,4.19,-2.28,-0.37,0.42
2023-06-07,688553,15.86,15.85,15.96,15.77,5776,9163991.0,1.2,-0.06,-0.01,0.2
2023-06-08,688553,15.86,15.72,15.86,15.7,8354,13144860.0,1.01,-0.82,-0.13,0.29
2023-06-09,688553,15.8,15.88,15.9,15.72,4676,7396171.0,1.15,1.02,0.16,0.16
2023-06-12,688553,15.91,15.88,15.94,15.73,5952,9424670.0,1.32,0.0,0.0,0.21
2023-06-13,688553,15.86,15.78,15.9,15.76,5644,8921093.0,0.88,-0.63,-0.1,0.2
2023-06-14,688553,15.73,15.68,15.84,15.65,7600,11931544.0,1.2,-0.63,-0.1,0.26
2023-06-15,688553,15.68,15.68,15.75,15.59,5854,9171056.0,1.02,0.0,0.0,0.2
2023-06-16,688553,15.67,15.68,15.79,15.6,8758,13721619.0,1.21,0.0,0.0,0.3
2023-06-19,688553,15.76,15.6,15.76,15.59,9937,15533982.0,1.08,-0.51,-0.08,0.34
2023-06-20,688553,15.57,15.33,15.6,15.33,12997,20070843.0,1.73,-1.73,-0.27,0.45
2023-06-21,688553,15.28,14.79,15.3,14.75,22596,33812195.0,3.59,-3.52,-0.54,0.78
2023-06-26,688553,14.8,14.5,14.87,14.44,10541,15389942.0,2.91,-1.96,-0.29,0.36
2023-06-27,688553,14.61,14.69,14.75,14.41,9091,13301926.0,2.34,1.31,0.19,0.31
2023-06-28,688553,14.69,14.54,14.71,14.39,8171,11830080.0,2.18,-1.02,-0.15,0.28
2023-06-29,688553,14.61,14.7,14.75,14.58,6208,9121691.0,1.17,1.1,0.16,0.21
2023-06-30,688553,14.72,14.93,15.06,14.69,9010,13452364.0,2.52,1.56,0.23,0.31
2023-07-03,688553,14.91,14.98,15.11,14.9,6757,10123697.0,1.41,0.33,0.05,0.23
2023-07-04,688553,14.82,15.11,15.19,14.71,11751,17581185.0,3.2,0.87,0.13,0.41
2023-07-05,688553,15.09,14.95,15.13,14.9,7595,11390477.0,1.52,-1.06,-0.16,0.26
2023-07-06,688553,14.91,14.77,14.96,14.7,7159,10601401.0,1.74,-1.2,-0.18,0.25
2023-07-07,688553,14.76,14.72,14.84,14.69,6086,8977598.0,1.02,-0.34,-0.05,0.21
2023-07-10,688553,14.8,14.83,14.95,14.72,5067,7516973.0,1.56,0.75,0.11,0.18
2023-07-11,688553,14.82,14.69,14.84,14.61,12721,18665888.0,1.55,-0.94,-0.14,0.44
2023-07-12,688553,14.73,14.42,14.73,14.4,10683,15556807.0,2.25,-1.84,-0.27,0.37
2023-07-13,688553,14.48,14.56,14.59,14.48,12944,18816725.0,0.76,0.97,0.14,0.45
2023-07-14,688553,14.65,14.19,14.66,14.18,29300,41876759.0,3.3,-2.54,-0.37,1.01
2023-07-17,688553,14.19,13.89,14.21,13.78,26838,37197557.0,3.03,-2.11,-0.3,0.93
2023-07-18,688553,13.89,13.8,13.91,13.78,13280,18360817.0,0.94,-0.65,-0.09,0.46
2023-07-19,688553,13.89,13.99,14.09,13.84,17237,24112503.0,1.81,1.38,0.19,0.6
2023-07-20,688553,13.99,13.85,14.1,13.79,10399,14457742.0,2.22,-1.0,-0.14,0.36
2023-07-21,688553,13.85,13.89,14.08,13.79,7931,11053170.0,2.09,0.29,0.04,0.27
2023-07-24,688553,13.89,13.9,13.96,13.8,7923,10993612.0,1.15,0.07,0.01,0.27
2023-07-25,688553,13.94,14.14,14.15,13.9,16735,23495708.0,1.8,1.73,0.24,0.58
2023-07-26,688553,14.14,14.18,14.25,14.04,12414,17582947.0,1.49,0.28,0.04,0.43
2023-07-27,688553,14.16,13.99,14.16,13.97,13166,18511078.0,1.34,-1.34,-0.19,0.46
2023-07-28,688553,13.94,14.24,14.26,13.88,17319,24390236.0,2.72,1.79,0.25,0.6
2023-07-31,688553,14.27,14.33,14.45,14.27,16501,23693093.0,1.26,0.63,0.09,0.57
2023-08-01,688553,14.45,14.3,14.47,14.29,9555,13711854.0,1.26,-0.21,-0.03,0.33
2023-08-02,688553,14.3,14.21,14.35,14.18,7729,11010997.0,1.19,-0.63,-0.09,0.27
2023-08-03,688553,14.22,14.37,14.4,14.0,21691,30807452.0,2.81,1.13,0.16,0.75
2023-08-04,688553,14.34,14.33,14.44,14.26,10350,14856619.0,1.25,-0.28,-0.04,0.36
2023-08-07,688553,14.26,14.02,14.3,13.94,19789,27787629.0,2.51,-2.16,-0.31,0.68
2023-08-08,688553,14.03,13.99,14.04,13.78,14845,20611121.0,1.85,-0.21,-0.03,0.51
2023-08-09,688553,14.01,14.4,14.46,13.96,29372,42015435.0,3.57,2.93,0.41,1.02
2023-08-10,688553,14.38,14.52,14.55,14.31,19445,28102813.0,1.67,0.83,0.12,0.67
2023-08-11,688553,14.55,14.39,14.69,14.36,18972,27542900.0,2.27,-0.9,-0.13,0.66
2023-08-14,688553,14.31,14.25,14.46,14.04,16958,24066958.0,2.92,-0.97,-0.14,0.59
2023-08-15,688553,14.25,14.38,14.51,14.1,14681,21014376.0,2.88,0.91,0.13,0.51
2023-08-16,688553,14.28,14.44,14.72,14.26,18621,27105862.0,3.2,0.42,0.06,0.64
2023-08-17,688553,14.41,14.38,14.44,14.2,10781,15436117.0,1.66,-0.42,-0.06,0.37
2023-08-18,688553,14.38,14.13,14.4,14.13,10297,14695562.0,1.88,-1.74,-0.25,0.36
2023-08-21,688553,14.11,13.99,14.16,13.96,10148,14243191.0,1.42,-0.99,-0.14,0.35
2023-08-22,688553,14.0,13.85,14.07,13.6,19236,26458141.0,3.36,-1.0,-0.14,0.67
2023-08-23,688553,13.82,13.71,13.87,13.66,6517,8952331.0,1.52,-1.01,-0.14,0.23
2023-08-24,688553,13.67,13.73,13.85,13.56,8130,11150889.0,2.12,0.15,0.02,0.28
2023-08-25,688553,13.76,13.65,13.92,13.58,10362,14252896.0,2.48,-0.58,-0.08,0.36
2023-08-28,688553,14.4,13.76,14.48,13.75,18774,26578467.0,5.35,0.81,0.11,0.65
2023-08-29,688553,13.67,14.38,14.45,13.67,22941,32585015.0,5.67,4.51,0.62,0.79
2023-08-30,688553,14.26,14.72,14.87,14.26,33347,48970511.0,4.24,2.36,0.34,1.15
2023-08-31,688553,14.64,14.67,14.75,14.55,13710,20055726.0,1.36,-0.34,-0.05,0.47
2023-09-01,688553,14.66,14.5,14.75,14.43,12018,17463103.0,2.18,-1.16,-0.17,0.42
2023-09-04,688553,14.63,14.41,14.67,14.32,13056,18787546.0,2.41,-0.62,-0.09,0.45
2023-09-05,688553,14.39,14.27,14.47,14.25,7971,11426926.0,1.53,-0.97,-0.14,0.28
2023-09-06,688553,14.3,14.25,14.33,14.14,7900,11228499.0,1.33,-0.14,-0.02,0.27
2023-09-07,688553,14.21,13.91,14.24,13.9,12363,17367320.0,2.39,-2.39,-0.34,0.43
2023-09-08,688553,14.04,13.93,14.07,13.88,5868,8196839.0,1.37,0.14,0.02,0.2
2023-09-11,688553,14.08,14.64,14.7,13.94,34100,49493018.0,5.46,5.1,0.71,1.18
2023-09-12,688553,14.56,14.52,14.68,14.47,16972,24746030.0,1.43,-0.82,-0.12,0.59
2023-09-13,688553,14.48,14.44,14.61,14.3,16506,23807720.0,2.13,-0.55,-0.08,0.57
2023-09-14,688553,14.4,14.35,14.54,14.3,12007,17288615.0,1.66,-0.62,-0.09,0.42
2023-09-15,688553,14.33,14.62,14.8,14.25,22023,32184636.0,3.83,1.88,0.27,0.76
2023-09-18,688553,14.6,14.62,14.76,14.55,11882,17397640.0,1.44,0.0,0.0,0.41
2023-09-19,688553,14.67,14.66,14.74,14.56,12641,18517156.0,1.23,0.27,0.04,0.44
2023-09-20,688553,14.59,14.58,14.84,14.5,15709,23087418.0,2.32,-0.55,-0.08,0.54
2023-09-21,688553,14.5,14.39,14.57,14.33,11742,16925379.0,1.65,-1.3,-0.19,0.41
2023-09-22,688553,14.43,14.65,14.65,14.04,22259,31956192.0,4.24,1.81,0.26,0.77
2023-09-25,688553,14.65,14.87,14.95,14.55,26071,38541569.0,2.73,1.5,0.22,0.9
2023-09-26,688553,14.88,14.59,14.88,14.55,17802,26127718.0,2.22,-1.88,-0.28,0.62
2023-09-27,688553,14.63,15.02,15.14,14.55,32574,48593626.0,4.04,2.95,0.43,1.13
2023-09-28,688553,15.07,14.87,15.07,14.81,19570,29166919.0,1.73,-1.0,-0.15,0.68
2023-10-09,688553,14.87,15.2,15.3,14.6,48376,72588568.0,4.71,2.22,0.33,1.67
2023-10-10,688553,15.3,15.63,16.38,14.95,98586,156099845.0,9.41,2.83,0.43,3.41
2023-10-11,688553,16.19,15.63,16.43,15.59,85901,137334677.0,5.37,0.0,0.0,2.97
2023-10-12,688553,15.75,15.2,15.91,15.0,56810,87129320.0,5.82,-2.75,-0.43,1.96
2023-10-13,688553,15.31,15.42,15.88,15.28,48240,75035616.0,3.95,1.45,0.22,1.67
2023-10-16,688553,15.46,15.04,15.63,14.88,40813,61985462.0,4.86,-2.46,-0.38,1.41
2023-10-17,688553,15.12,14.91,15.15,14.68,32938,48818701.0,3.13,-0.86,-0.13,1.14
2023-10-18,688553,14.76,14.39,14.86,14.35,29731,43036657.0,3.42,-3.49,-0.52,1.03
2023-10-19,688553,14.38,14.27,14.52,14.13,30270,43228832.0,2.71,-0.83,-0.12,1.05
2023-10-20,688553,14.21,14.11,14.39,14.01,19760,28086076.0,2.66,-1.12,-0.16,0.68
2023-10-23,688553,14.09,13.66,14.1,13.52,23557,32490828.0,4.11,-3.19,-0.45,0.81
2023-10-24,688553,13.69,13.91,13.93,13.53,17978,24736608.0,2.93,1.83,0.25,0.62
2023-10-25,688553,14.0,14.17,14.26,13.91,16776,23678689.0,2.52,1.87,0.26,0.58
2023-10-26,688553,14.08,14.1,14.11,13.86,12796,17911938.0,1.76,-0.49,-0.07,0.44
2023-10-27,688553,14.05,14.75,14.85,13.88,55679,80744832.0,6.88,4.61,0.65,1.91
2023-10-30,688553,14.66,14.97,15.08,14.64,31617,47347088.0,2.98,1.49,0.22,1.09
2023-10-31,688553,14.88,15.14,15.19,14.84,30517,45994867.0,2.34,1.14,0.17,1.05
2023-11-01,688553,15.2,15.03,15.2,14.88,20831,31303038.0,2.11,-0.73,-0.11,0.72
2023-11-02,688553,15.07,14.75,15.14,14.68,27302,40429164.0,3.06,-1.86,-0.28,0.94
2023-11-03,688553,14.8,14.85,14.99,14.66,18538,27519287.0,2.24,0.68,0.1,0.64
2023-11-06,688553,15.07,15.27,15.4,14.97,24670,37613791.0,2.9,2.83,0.42,0.85
2023-11-07,688553,15.27,15.11,15.38,15.09,17412,26495318.0,1.9,-1.05,-0.16,0.6
2023-11-08,688553,15.11,15.12,15.32,15.03,20574,31227826.0,1.92,0.07,0.01,0.71
2023-11-09,688553,15.17,15.03,15.37,14.98,21881,33133273.0,2.58,-0.6,-0.09,0.75
2023-11-10,688553,15.0,15.08,15.22,14.84,23385,35212487.0,2.53,0.33,0.05,0.8
2023-11-13,688553,15.12,15.09,15.16,14.99,16748,25208472.0,1.13,0.07,0.01,0.58
2023-11-14,688553,15.03,15.14,15.23,15.01,13997,21183204.0,1.46,0.33,0.05,0.48
2023-11-15,688553,15.23,15.19,15.29,15.15,11475,17450569.0,0.92,0.33,0.05,0.39
2023-11-16,688553,15.12,15.01,15.21,14.98,12728,19150714.0,1.51,-1.18,-0.18,0.44
2023-11-17,688553,14.93,15.25,15.3,14.93,18067,27366257.0,2.47,1.6,0.24,0.62
2023-11-20,688553,15.32,15.38,15.48,15.24,23498,36157612.0,1.57,0.85,0.13,0.81
2023-11-21,688553,15.37,15.37,15.57,15.29,19484,30015821.0,1.82,-0.07,-0.01,0.67
2023-11-22,688553,15.31,15.15,15.36,15.14,16279,24800149.0,1.43,-1.43,-0.22,0.56
2023-11-23,688553,15.18,15.4,15.4,15.12,19862,30406601.0,1.85,1.65,0.25,0.68
2023-11-24,688553,15.36,15.29,15.47,15.21,15922,24386035.0,1.69,-0.71,-0.11,0.55
2023-11-27,688553,15.25,15.04,15.32,15.04,24481,37103886.0,1.83,-1.64,-0.25,0.84
2023-11-28,688553,15.08,15.16,15.2,14.81,25449,38341637.0,2.59,0.8,0.12,0.87
2023-11-29,688553,15.16,14.94,15.16,14.91,16992,25548779.0,1.65,-1.45,-0.22,0.58
2023-11-30,688553,15.09,14.88,15.09,14.68,22002,32615994.0,2.74,-0.4,-0.06,0.76
2023-12-01,688553,14.84,15.08,15.13,14.84,23564,35371496.0,1.95,1.34,0.2,0.81
2023-12-04,688553,15.15,14.93,15.15,14.78,25515,38113940.0,2.45,-0.99,-0.15,0.88
2023-12-05,688553,14.91,14.65,15.0,14.63,15560,22954837.0,2.48,-1.88,-0.28,0.53
2023-12-06,688553,14.66,16.65,17.12,14.66,180542,292383091.0,16.79,13.65,2.0,6.2
2023-12-07,688553,16.51,16.57,16.88,16.3,112342,186076647.0,3.48,-0.48,-0.08,3.86
2023-12-08,688553,16.4,15.98,16.69,15.92,88419,144341894.0,4.65,-3.56,-0.59,3.04
2023-12-11,688553,15.91,16.31,16.45,15.74,73507,118046798.0,4.44,2.07,0.33,2.52
2023-12-12,688553,16.27,16.31,16.86,16.22,39833,65772429.0,3.92,0.0,0.0,1.37
2023-12-13,688553,16.23,16.11,16.61,16.02,34903,56885020.0,3.62,-1.23,-0.2,1.2
2023-12-14,688553,16.12,15.93,16.28,15.91,29309,47035298.0,2.3,-1.12,-0.18,1.01
2023-12-15,688553,15.86,15.48,15.99,15.45,33152,51840999.0,3.39,-2.82,-0.45,1.14
2023-12-18,688553,15.53,15.25,15.61,15.07,22367,34329791.0,3.49,-1.49,-0.23,0.77
2023-12-19,688553,15.34,15.22,15.4,15.05,26061,39515055.0,2.3,-0.2,-0.03,0.9
2023-12-20,688553,15.29,14.79,15.29,14.76,29980,44810965.0,3.48,-2.83,-0.43,1.03
2023-12-21,688553,14.72,14.87,14.89,14.45,24071,35310282.0,2.97,0.54,0.08,0.83
2023-12-22,688553,14.88,14.78,14.92,14.69,18875,27937350.0,1.55,-0.61,-0.09,0.65
2023-12-25,688553,14.72,14.64,14.81,14.51,19514,28534699.0,2.03,-0.95,-0.14,0.67
2023-12-26,688553,14.64,14.53,14.69,14.33,19679,28461304.0,2.46,-0.75,-0.11,0.68
2023-12-27,688553,14.5,14.63,14.68,14.38,12691,18442298.0,2.06,0.69,0.1,0.44
2023-12-28,688553,14.57,14.86,14.9,14.4,20397,30114876.0,3.42,1.57,0.23,0.7
2023-12-29,688553,14.9,15.13,15.15,14.82,20418,30742816.0,2.22,1.82,0.27,0.7
2024-01-02,688553,15.09,15.23,15.33,15.08,16317,24872741.0,1.65,0.66,0.1,0.56
2024-01-03,688553,15.17,15.25,15.42,15.11,15830,24185195.0,2.04,0.13,0.02,0.54
2024-01-04,688553,15.23,15.11,15.23,14.97,14012,21095035.0,1.7,-0.92,-0.14,0.48
2024-01-05,688553,15.08,14.81,15.11,14.72,14591,21752049.0,2.58,-1.99,-0.3,0.5
2024-01-08,688553,14.84,14.28,14.84,14.25,24264,35072408.0,3.98,-3.58,-0.53,0.83
2024-01-09,688553,14.3,14.26,14.45,14.15,14160,20263645.0,2.1,-0.14,-0.02,0.49
2024-01-10,688553,14.24,14.18,14.45,14.06,16365,23348965.0,2.73,-0.56,-0.08,0.56
2024-01-11,688553,14.18,14.33,14.42,14.12,16644,23794837.0,2.12,1.06,0.15,0.57
2024-01-12,688553,14.29,14.04,14.4,14.04,17000,24172942.0,2.51,-2.02,-0.29,0.58
2024-01-15,688553,14.04,14.0,14.24,13.95,13636,19185810.0,2.07,-0.28,-0.04,0.47
2024-01-16,688553,13.99,13.81,14.05,13.57,35082,48260693.0,3.43,-1.36,-0.19,1.21
2024-01-17,688553,13.81,13.47,13.81,13.41,25635,34737737.0,2.9,-2.46,-0.34,0.88
2024-01-18,688553,13.38,13.2,13.4,12.82,34143,44730167.0,4.31,-2.0,-0.27,1.17
2024-01-19,688553,13.18,13.0,13.3,12.93,16584,21714170.0,2.8,-1.52,-0.2,0.57
2024-01-22,688553,13.0,12.11,13.02,11.97,32343,40450182.0,8.08,-6.85,-0.89,1.11
2024-01-23,688553,12.02,12.05,12.15,11.8,20638,24746330.0,2.89,-0.5,-0.06,0.71
2024-01-24,688553,12.07,12.1,12.19,11.67,19842,23683143.0,4.32,0.41,0.05,0.68
2024-01-25,688553,12.15,12.45,12.48,12.04,25255,31028979.0,3.64,2.89,0.35,0.87
2024-01-26,688553,12.43,12.23,12.58,12.19,22038,27290299.0,3.13,-1.77,-0.22,0.76
2024-01-29,688553,12.3,11.98,12.42,11.91,21842,26474131.0,4.17,-2.04,-0.25,0.75
2024-01-30,688553,11.91,11.55,11.98,11.53,18332,21558358.0,3.76,-3.59,-0.43,0.63
2024-01-31,688553,11.51,11.13,11.68,11.01,29452,33407888.0,5.8,-3.64,-0.42,1.01
2024-02-01,688553,11.15,10.87,11.16,10.65,30519,33352962.0,4.58,-2.34,-0.26,1.05
2024-02-02,688553,10.9,10.67,11.35,10.39,39593,43303565.0,8.83,-1.84,-0.2,1.36
2024-02-05,688553,10.55,9.91,10.61,9.5,48186,48073773.0,10.4,-7.12,-0.76,1.66
2024-02-06,688553,9.9,10.46,10.64,9.45,43557,43682518.0,12.01,5.55,0.55,1.5
2024-02-07,688553,10.57,10.89,11.23,10.39,51993,56519335.0,8.03,4.11,0.43,1.79
2024-02-08,688553,10.87,11.89,12.25,10.82,42220,48694665.0,13.13,9.18,1.0,1.45
2024-02-19,688553,12.03,11.95,12.62,11.89,52101,63632107.0,6.14,0.5,0.06,1.79
2024-02-20,688553,11.91,12.08,12.21,11.75,16903,20389698.0,3.85,1.09,0.13,0.58
2024-02-21,688553,12.0,12.23,12.35,11.96,24318,29692184.0,3.23,1.24,0.15,0.84
2024-02-22,688553,12.21,12.24,12.26,12.05,18606,22642958.0,1.72,0.08,0.01,0.64
2024-02-23,688553,12.31,12.27,12.31,12.06,24110,29409436.0,2.04,0.25,0.03,0.83
2024-02-26,688553,12.32,12.63,12.82,12.26,30945,38950899.0,4.56,2.93,0.36,1.06
2024-02-27,688553,12.58,12.81,12.84,12.5,26132,33201865.0,2.69,1.43,0.18,0.9
2024-02-28,688553,12.82,12.16,13.25,12.15,39089,49862788.0,8.59,-5.07,-0.65,1.34
2024-02-29,688553,12.07,12.54,12.72,12.04,27763,34624330.0,5.59,3.13,0.38,0.95
2024-03-01,688553,12.57,12.84,12.88,12.4,31138,39321961.0,3.83,2.39,0.3,1.07
2024-03-04,688553,12.76,13.48,13.53,12.71,52259,68984739.0,6.39,4.98,0.64,1.8
2024-03-05,688553,13.45,13.07,13.45,13.04,23231,30716713.0,3.04,-3.04,-0.41,0.8
2024-03-06,688553,13.06,13.18,13.45,13.02,17216,22735590.0,3.29,0.84,0.11,0.59
2024-03-07,688553,13.13,12.8,13.24,12.8,16521,21470881.0,3.34,-2.88,-0.38,0.57
2024-03-08,688553,12.74,12.85,12.94,12.74,8840,11344528.0,1.56,0.39,0.05,0.3
2024-03-11,688553,12.96,13.09,13.15,12.78,22654,29439385.0,2.88,1.87,0.24,0.78
2024-03-12,688553,13.11,13.28,13.33,13.1,21501,28467011.0,1.76,1.45,0.19,0.74
2024-03-13,688553,13.2,13.42,13.45,13.2,18361,24544024.0,1.88,1.05,0.14,0.63
2024-03-14,688553,13.62,13.75,13.99,13.54,43634,60142071.0,3.35,2.46,0.33,1.5
2024-03-15,688553,13.73,13.97,13.98,13.66,21463,29791769.0,2.33,1.6,0.22,0.74
2024-03-18,688553,14.11,14.42,14.44,13.96,26943,38447619.0,3.44,3.22,0.45,0.93
2024-03-19,688553,14.37,14.44,14.55,14.27,21369,30809578.0,1.94,0.14,0.02,0.73
2024-03-20,688553,14.38,14.4,14.54,14.34,13888,20041153.0,1.39,-0.28,-0.04,0.48
2024-03-21,688553,14.4,14.41,14.47,14.22,18087,25978552.0,1.74,0.07,0.01,0.62
2024-03-22,688553,14.37,14.41,14.46,14.01,23791,33861731.0,3.12,0.0,0.0,0.82
2024-03-25,688553,14.35,13.98,14.39,13.98,20704,29331070.0,2.85,-2.98,-0.43,0.71
2024-03-26,688553,13.98,13.6,14.04,13.58,22819,31300912.0,3.29,-2.72,-0.38,0.78
2024-03-27,688553,13.68,13.52,13.83,13.5,15041,20551236.0,2.43,-0.59,-0.08,0.52
2024-03-28,688553,13.44,13.67,13.87,13.39,13035,17846651.0,3.55,1.11,0.15,0.45
2024-03-29,688553,13.6,13.73,13.73,13.49,6456,8789819.0,1.76,0.44,0.06,0.22
2024-04-01,688553,13.75,13.92,13.97,13.71,9990,13874013.0,1.89,1.38,0.19,0.34
2024-04-02,688553,13.98,13.92,13.98,13.73,8811,12229700.0,1.8,0.0,0.0,0.3
2024-04-03,688553,13.92,13.7,13.96,13.67,8399,11555277.0,2.08,-1.58,-0.22,0.29
2024-04-08,688553,13.71,13.42,13.74,13.4,10972,14854618.0,2.48,-2.04,-0.28,0.38
2024-04-09,688553,13.45,13.71,13.74,13.33,11552,15634879.0,3.06,2.16,0.29,0.4
2024-04-10,688553,13.71,13.6,13.92,13.51,13443,18459706.0,2.99,-0.8,-0.11,0.46
2024-04-11,688553,13.56,13.35,13.69,13.32,13720,18504190.0,2.72,-1.84,-0.25,0.47
2024-04-12,688553,13.79,13.2,13.79,13.13,10292,13760866.0,4.94,-1.12,-0.15,0.35
2024-04-15,688553,13.14,12.59,13.32,12.52,20428,26205502.0,6.06,-4.62,-0.61,0.7
2024-04-16,688553,12.54,12.06,12.56,11.92,23026,27999866.0,5.08,-4.21,-0.53,0.79
2024-04-17,688553,12.29,12.71,12.85,12.2,24253,30606683.0,5.39,5.39,0.65,0.83
2024-04-18,688553,12.7,12.47,12.77,12.45,19114,24033798.0,2.52,-1.89,-0.24,0.66
2024-04-19,688553,12.57,12.16,12.57,12.14,14654,17956635.0,3.45,-2.49,-0.31,0.5
2024-04-22,688553,12.16,12.32,12.67,12.09,16712,20746079.0,4.77,1.32,0.16,0.57
2024-04-23,688553,12.32,12.49,12.58,12.22,11921,14773052.0,2.92,1.38,0.17,0.41
2024-04-24,688553,12.46,12.54,12.56,12.41,8574,10701777.0,1.2,0.4,0.05,0.29
2024-04-25,688553,12.54,12.76,12.95,12.53,17089,21839611.0,3.35,1.75,0.22,0.59
2024-04-26,688553,12.79,13.05,13.05,12.74,12233,15831412.0,2.43,2.27,0.29,0.42
2024-04-29,688553,13.38,14.09,14.2,13.3,35600,49706121.0,6.9,7.97,1.04,1.22
2024-04-30,688553,14.2,14.35,14.44,13.97,29701,42366528.0,3.34,1.85,0.26,1.02
2024-05-06,688553,14.38,14.62,14.7,14.32,30676,44630176.0,2.65,1.88,0.27,1.05
2024-05-07,688553,14.68,14.71,14.76,14.55,17513,25705993.0,1.44,0.62,0.09,0.6
2024-05-08,688553,14.75,14.66,14.81,14.51,17465,25582669.0,2.04,-0.34,-0.05,0.6
2024-05-09,688553,14.6,14.5,14.69,14.46,18494,26896556.0,1.57,-1.09,-0.16,0.64
2024-05-10,688553,14.5,14.38,14.55,14.3,19219,27667882.0,1.72,-0.83,-0.12,0.66
2024-05-13,688553,14.23,14.58,14.67,14.13,28936,41825943.0,3.76,1.39,0.2,0.99
2024-05-14,688553,14.41,14.25,14.63,14.22,17212,24788528.0,2.81,-2.26,-0.33,0.59
2024-05-15,688553,14.19,14.05,14.25,13.99,13370,18855697.0,1.82,-1.4,-0.2,0.46
2024-05-16,688553,14.04,13.96,14.19,13.95,9171,12909103.0,1.71,-0.64,-0.09,0.32
2024-05-17,688553,13.96,14.11,14.16,13.93,7997,11217629.0,1.65,1.07,0.15,0.27
2024-05-20,688553,14.06,14.19,14.32,14.04,9271,13170570.0,1.98,0.57,0.08,0.32
2024-05-21,688553,14.18,14.04,14.18,13.98,7747,10885953.0,1.41,-1.06,-0.15,0.27
2024-05-22,688553,14.09,14.13,14.15,13.98,6715,9451587.0,1.21,0.64,0.09,0.23
2024-05-23,688553,14.03,13.95,14.09,13.86,11783,16467304.0,1.63,-1.27,-0.18,0.4
2024-05-24,688553,14.0,13.86,14.04,13.8,9007,12506611.0,1.72,-0.65,-0.09,0.31
2024-05-27,688553,13.88,14.05,14.08,13.79,12428,17378728.0,2.09,1.37,0.19,0.43
2024-05-28,688553,14.05,13.97,14.09,13.85,13457,18798291.0,1.71,-0.57,-0.08,0.46
2024-05-29,688553,13.91,13.98,14.02,13.87,7787,10863001.0,1.07,0.07,0.01,0.27
2024-05-30,688553,13.88,13.9,13.98,13.84,7598,10558977.0,1.0,-0.57,-0.08,0.26
2024-05-31,688553,13.88,14.24,14.29,13.88,11899,16831145.0,2.95,2.45,0.34,0.41
2024-06-03,688553,14.24,13.8,14.26,13.7,25662,35765544.0,3.93,-3.09,-0.44,0.88
2024-06-04,688553,13.78,13.54,13.8,13.38,13299,18027090.0,3.04,-1.88,-0.26,0.46
2024-06-05,688553,13.54,13.51,13.78,13.5,11714,15963261.0,2.07,-0.22,-0.03,0.4
2024-06-06,688553,13.51,13.14,13.7,13.03,17184,22792815.0,4.96,-2.74,-0.37,0.59
2024-06-07,688553,13.19,13.19,13.41,13.09,8028,10617916.0,2.44,0.38,0.05,0.28
2024-06-11,688553,13.08,13.4,13.44,13.04,10005,13214563.0,3.03,1.59,0.21,0.34
2024-06-12,688553,13.39,13.82,13.93,13.36,19793,27160785.0,4.25,3.13,0.42,0.68
2024-06-13,688553,13.81,13.77,13.93,13.63,9656,13294549.0,2.17,-0.36,-0.05,0.33
2024-06-14,688553,13.77,13.48,13.77,13.42,10480,14189553.0,2.54,-2.11,-0.29,0.36
2024-06-17,688553,13.45,13.38,13.57,13.3,13451,18033615.0,2.0,-0.74,-0.1,0.46
2024-06-18,688553,13.46,13.41,13.47,13.32,8807,11795340.0,1.12,0.22,0.03,0.3
2024-06-19,688553,13.46,13.29,13.46,13.28,7431,9910645.0,1.34,-0.89,-0.12,0.26
2024-06-20,688553,13.37,13.2,13.56,13.15,14652,19545380.0,3.09,-0.68,-0.09,0.5
2024-06-21,688553,13.2,13.27,13.38,13.11,9370,12424722.0,2.05,0.53,0.07,0.32
2024-06-24,688553,12.88,12.72,13.07,12.68,15082,19314666.0,2.94,-4.14,-0.55,0.52
2024-06-25,688553,12.69,12.27,12.78,12.26,12193,15173607.0,4.09,-3.54,-0.45,0.42
2024-06-26,688553,12.26,12.65,12.65,12.22,7485,9323540.0,3.5,3.1,0.38,0.26
2024-06-27,688553,12.66,12.41,12.75,12.34,6589,8243032.0,3.24,-1.9,-0.24,0.23
2024-06-28,688553,12.49,12.42,12.61,12.33,7483,9348761.0,2.26,0.08,0.01,0.26
2024-07-01,688553,12.4,12.49,12.63,12.11,10177,12626603.0,4.19,0.56,0.07,0.35
2024-07-02,688553,12.52,12.49,12.59,12.42,6170,7713987.0,1.36,0.0,0.0,0.21
2024-07-03,688553,12.49,12.46,12.65,12.41,8281,10352149.0,1.92,-0.24,-0.03,0.28
2024-07-04,688553,12.45,12.1,12.51,12.06,9983,12231676.0,3.61,-2.89,-0.36,0.34
2024-07-05,688553,12.06,12.26,12.28,12.01,17962,21921365.0,2.23,1.32,0.16,0.62
2024-07-08,688553,12.25,11.9,12.34,11.84,13079,15764633.0,4.08,-2.94,-0.36,0.45
2024-07-09,688553,11.82,11.66,12.0,11.45,13596,15906543.0,4.62,-2.02,-0.24,0.47
2024-07-10,688553,11.64,11.64,11.75,11.51,8289,9645719.0,2.06,-0.17,-0.02,0.28
2024-07-11,688553,11.82,12.08,12.16,11.78,10314,12392918.0,3.26,3.78,0.44,0.35
2024-07-12,688553,12.16,12.25,12.37,12.08,8172,9981125.0,2.4,1.41,0.17,0.28
2024-07-15,688553,12.33,11.95,12.33,11.95,6556,7893365.0,3.1,-2.45,-0.3,0.23
2024-07-16,688553,12.01,11.93,12.18,11.89,7602,9109731.0,2.43,-0.17,-0.02,0.26
2024-07-17,688553,11.98,12.0,12.09,11.92,5350,6420642.0,1.42,0.59,0.07,0.18
2024-07-18,688553,12.05,11.85,12.05,11.79,10408,12352962.0,2.17,-1.25,-0.15,0.36
2024-07-19,688553,11.82,12.0,12.09,11.77,8290,9931489.0,2.7,1.27,0.15,0.28
2024-07-22,688553,12.04,12.3,12.38,11.95,11293,13772033.0,3.58,2.5,0.3,0.39
2024-07-23,688553,12.3,11.94,12.38,11.94,7191,8692037.0,3.58,-2.93,-0.36,0.25
2024-07-24,688553,11.94,11.58,11.96,11.55,10590,12387215.0,3.43,-3.02,-0.36,0.36
2024-07-25,688553,11.63,11.67,11.83,11.51,7063,8254976.0,2.76,0.78,0.09,0.24
2024-07-26,688553,11.45,11.68,11.83,11.45,6145,7189767.0,3.26,0.09,0.01,0.21
2024-07-29,688553,11.71,11.51,11.77,11.49,6781,7837222.0,2.4,-1.46,-0.17,0.23
2024-07-30,688553,11.51,11.59,11.64,11.46,6330,7310962.0,1.56,0.7,0.08,0.22
2024-07-31,688553,11.59,12.0,12.0,11.49,12962,15367232.0,4.4,3.54,0.41,0.45
2024-08-01,688553,12.0,11.85,12.16,11.78,12634,15072579.0,3.17,-1.25,-0.15,0.43
2024-08-02,688553,11.79,11.94,12.15,11.79,12594,15133281.0,3.04,0.76,0.09,0.43
2024-08-05,688553,11.91,11.62,12.11,11.62,16520,19576691.0,4.1,-2.68,-0.32,0.57
2024-08-06,688553,11.64,11.85,11.85,11.52,20913,24476359.0,2.84,1.98,0.23,0.72
2024-08-07,688553,11.9,11.81,11.94,11.72,13510,15968772.0,1.86,-0.34,-0.04,0.46
2024-08-08,688553,11.8,11.82,11.88,11.65,11466,13529502.0,1.95,0.08,0.01,0.39
2024-08-09,688553,11.84,11.73,11.9,11.7,8907,10495198.0,1.69,-0.76,-0.09,0.31
2024-08-12,688553,11.7,11.9,11.96,11.63,12304,14587209.0,2.81,1.45,0.17,0.42
2024-08-13,688553,11.88,11.83,11.9,11.72,8028,9465044.0,1.51,-0.59,-0.07,0.28
2024-08-14,688553,11.88,11.69,11.88,11.65,6980,8170092.0,1.94,-1.18,-0.14,0.24
2024-08-15,688553,11.72,11.7,11.82,11.6,8041,9414316.0,1.88,0.09,0.01,0.28
2024-08-16,688553,11.66,11.69,11.78,11.58,5757,6738356.0,1.71,-0.09,-0.01,0.2
2024-08-19,688553,11.79,11.5,11.81,11.49,9110,10575807.0,2.74,-1.63,-0.19,0.31
2024-08-20,688553,11.51,11.34,11.59,11.26,6764,7688700.0,2.87,-1.39,-0.16,0.23
2024-08-21,688553,11.33,11.28,11.38,11.21,4845,5479253.0,1.5,-0.53,-0.06,0.17
2024-08-22,688553,11.26,11.12,11.36,11.09,6344,7084698.0,2.39,-1.42,-0.16,0.22
2024-08-23,688553,11.1,10.99,11.1,10.89,9227,10115704.0,1.89,-1.17,-0.13,0.32
2024-08-26,688553,10.97,11.1,11.15,10.91,7560,8335664.0,2.18,1.0,0.11,0.26
2024-08-27,688553,10.9,10.73,11.1,10.71,13455,14631541.0,3.51,-3.33,-0.37,0.46
2024-08-28,688553,10.74,10.56,10.8,10.33,15499,16315525.0,4.38,-1.58,-0.17,0.53
2024-08-29,688553,10.55,10.78,10.86,10.48,9703,10413791.0,3.6,2.08,0.22,0.33
2024-08-30,688553,10.78,11.06,11.22,10.72,11897,13126568.0,4.64,2.6,0.28,0.41
2024-09-02,688553,11.07,10.67,11.08,10.67,9138,9900581.0,3.71,-3.53,-0.39,0.31
2024-09-03,688553,10.67,10.54,10.88,10.43,11747,12470363.0,4.22,-1.22,-0.13,0.4
2024-09-04,688553,10.51,10.37,10.59,10.36,9414,9840580.0,2.18,-1.61,-0.17,0.32
2024-09-05,688553,10.4,10.55,10.63,10.33,7147,7522957.0,2.89,1.74,0.18,0.25
2024-09-06,688553,10.54,10.34,10.63,10.32,6044,6306460.0,2.94,-1.99,-0.21,0.21
2024-09-09,688553,10.38,10.31,10.52,10.29,5760,5979266.0,2.22,-0.29,-0.03,0.2
2024-09-10,688553,10.36,10.38,10.43,10.18,7136,7341038.0,2.42,0.68,0.07,0.25
2024-09-11,688553,10.41,10.38,10.45,10.3,5686,5902974.0,1.45,0.0,0.0,0.2
2024-09-12,688553,10.32,10.33,10.56,10.32,5394,5635522.0,2.31,-0.48,-0.05,0.19
2024-09-13,688553,10.34,10.21,10.46,10.2,6049,6230591.0,2.52,-1.16,-0.12,0.21
2024-09-18,688553,10.22,9.97,10.24,9.79,16786,16658135.0,4.41,-2.35,-0.24,0.58
2024-09-19,688553,10.02,10.13,10.27,9.97,12391,12560033.0,3.01,1.6,0.16,0.43
2024-09-20,688553,10.17,10.07,10.18,10.01,7973,8031079.0,1.68,-0.59,-0.06,0.27
2024-09-23,688553,10.11,10.05,10.22,10.04,7091,7157406.0,1.79,-0.2,-0.02,0.24
2024-09-24,688553,10.06,10.32,10.38,10.06,20912,21457900.0,3.18,2.69,0.27,0.72
2024-09-25,688553,10.36,10.42,10.64,10.35,28730,30188963.0,2.81,0.97,0.1,0.99
2024-09-26,688553,10.42,10.75,10.78,10.33,23906,25187265.0,4.32,3.17,0.33,0.82
2024-09-27,688553,10.93,11.49,11.53,10.85,18329,20474806.0,6.33,6.88,0.74,0.63
2024-09-30,688553,12.5,12.97,13.08,11.92,81328,101573451.0,10.1,12.88,1.48,2.79
2024-10-08,688553,15.1,14.27,15.19,13.54,95469,136469760.0,12.72,10.02,1.3,3.28
2024-10-09,688553,13.98,13.18,14.1,13.06,56253,76974025.0,7.29,-7.64,-1.09,1.93
2024-10-10,688553,13.5,12.93,13.68,12.88,41534,55014024.0,6.07,-1.9,-0.25,1.43
2024-10-11,688553,12.93,12.33,12.93,12.23,28384,35437219.0,5.41,-4.64,-0.6,0.97
2024-10-14,688553,12.4,12.27,12.54,12.03,36232,44458122.0,4.14,-0.49,-0.06,1.24
2024-10-15,688553,12.22,11.84,12.3,11.8,36980,44709067.0,4.07,-3.5,-0.43,1.27
2024-10-16,688553,11.84,11.95,12.03,11.72,17728,21100733.0,2.62,0.93,0.11,0.61
2024-10-17,688553,11.98,11.95,12.18,11.92,17512,21068889.0,2.18,0.0,0.0,0.6
2024-10-18,688553,11.96,12.33,12.53,11.75,40424,49093427.0,6.53,3.18,0.38,1.39
2024-10-21,688553,12.4,12.41,12.64,12.33,41132,51366453.0,2.51,0.65,0.08,1.41
2024-10-22,688553,12.46,12.54,12.75,12.36,35681,44753104.0,3.14,1.05,0.13,1.23
2024-10-23,688553,12.56,12.62,12.74,12.54,27906,35253309.0,1.59,0.64,0.08,0.96
2024-10-24,688553,12.64,12.72,12.84,12.57,27371,34777059.0,2.14,0.79,0.1,0.94
2024-10-25,688553,12.89,13.18,13.28,12.77,31914,41465231.0,4.01,3.62,0.46,1.1
2024-10-28,688553,14.49,15.82,15.82,14.25,200557,305672001.0,11.91,20.03,2.64,6.48
2024-10-29,688553,16.25,15.74,16.55,15.6,208184,334357135.0,6.01,-0.51,-0.08,6.73
2024-10-30,688553,15.75,15.25,15.75,15.04,128008,195999820.0,4.51,-3.11,-0.49,4.14
2024-10-31,688553,15.1,15.56,15.76,15.08,100385,154864443.0,4.46,2.03,0.31,3.24
2024-11-01,688553,15.49,16.48,16.98,15.49,190129,310021192.0,9.58,5.91,0.92,6.14
2024-11-04,688553,16.67,16.1,17.31,15.93,148209,245769909.0,8.37,-2.31,-0.38,4.79
2024-11-05,688553,15.99,16.44,16.56,15.98,79350,129354754.0,3.6,2.11,0.34,2.56
2024-11-06,688553,16.5,15.93,16.75,15.8,88418,142929948.0,5.78,-3.1,-0.51,2.86
2024-11-07,688553,15.88,15.94,16.1,15.68,63216,100846368.0,2.64,0.06,0.01,2.04
2024-11-08,688553,16.22,16.47,16.76,15.99,127301,208151639.0,4.83,3.32,0.53,4.11
2024-11-11,688553,16.31,17.29,17.38,16.16,113554,190778863.0,7.41,4.98,0.82,3.67
2024-11-12,688553,17.28,17.95,18.64,17.01,172776,310219905.0,9.43,3.82,0.66,5.58
2024-11-13,688553,17.71,17.53,17.95,17.15,76386,133499272.0,4.46,-2.34,-0.42,2.47
2024-11-14,688553,17.33,16.84,17.81,16.8,63181,109304109.0,5.76,-3.94,-0.69,2.04
2024-11-15,688553,16.71,16.57,17.19,16.5,45892,77506905.0,4.1,-1.6,-0.27,1.48
2024-11-18,688553,16.58,15.58,16.65,15.45,83872,133575799.0,7.24,-5.97,-0.99,2.71
2024-11-19,688553,15.61,15.93,16.05,15.55,44853,70775271.0,3.21,2.25,0.35,1.45
2024-11-20,688553,15.88,16.4,16.43,15.8,62206,100536188.0,3.95,2.95,0.47,2.01
2024-11-21,688553,16.38,16.18,16.57,16.01,34769,56590998.0,3.41,-1.34,-0.22,1.12
2024-11-22,688553,16.03,15.58,16.25,15.56,37794,60048930.0,4.26,-3.71,-0.6,1.22
2024-11-25,688553,15.6,15.97,15.98,15.49,33622,53039809.0,3.15,2.5,0.39,1.09
2024-11-26,688553,15.91,16.58,17.2,15.83,78048,130686297.0,8.58,3.82,0.61,2.52
2024-11-27,688553,16.58,16.62,16.66,15.93,39725,64915430.0,4.4,0.24,0.04,1.28
2024-11-28,688553,16.91,16.65,17.17,16.61,37967,63914837.0,3.37,0.18,0.03,1.23
2024-11-29,688553,16.64,16.68,16.82,16.33,34793,57845555.0,2.94,0.18,0.03,1.12
2024-12-02,688553,16.78,17.25,17.31,16.66,50693,86181907.0,3.9,3.42,0.57,1.64
2024-12-03,688553,17.24,16.92,17.75,16.88,41652,71826687.0,5.04,-1.91,-0.33,1.35
2024-12-04,688553,16.92,16.69,17.05,16.56,28418,47725232.0,2.9,-1.36,-0.23,0.92
2024-12-05,688553,16.71,16.85,17.02,16.62,23338,39269718.0,2.4,0.96,0.16,0.75
2024-12-06,688553,16.8,16.97,17.04,16.66,26789,45217819.0,2.26,0.71,0.12,0.87
2024-12-09,688553,17.24,16.89,17.36,16.88,28878,49430305.0,2.83,-0.47,-0.08,0.93
2024-12-10,688553,17.25,16.7,17.38,16.7,39985,68042444.0,4.03,-1.12,-0.19,1.29
2024-12-11,688553,16.71,16.41,16.97,16.28,68918,114268424.0,4.13,-1.74,-0.29,2.23
2024-12-12,688553,16.44,16.88,17.05,16.38,49870,83629071.0,4.08,2.86,0.47,1.61
2024-12-13,688553,16.8,16.72,17.06,16.66,39415,66538187.0,2.37,-0.95,-0.16,1.27
2024-12-16,688553,16.68,16.3,16.93,16.0,32925,54267726.0,5.56,-2.51,-0.42,1.06
2024-12-17,688553,16.35,15.75,16.48,15.69,36495,58152090.0,4.85,-3.37,-0.55,1.18
2024-12-18,688553,15.81,15.52,15.81,15.28,48104,74676659.0,3.37,-1.46,-0.23,1.55
2024-12-19,688553,15.42,15.58,15.72,15.41,22481,35019932.0,2.0,0.39,0.06,0.73
2024-12-20,688553,15.67,15.8,15.83,15.54,23104,36309381.0,1.86,1.41,0.22,0.75
2024-12-23,688553,15.88,15.31,16.2,15.23,38394,59900173.0,6.14,-3.1,-0.49,1.24
2024-12-24,688553,15.35,15.63,15.67,15.2,28725,44328788.0,3.07,2.09,0.32,0.93
2024-12-25,688553,15.76,15.43,15.78,15.31,19617,30354153.0,3.01,-1.28,-0.2,0.63
2024-12-26,688553,15.43,15.56,15.65,15.37,18574,28844974.0,1.81,0.84,0.13,0.6
2024-12-27,688553,15.55,15.73,15.91,15.4,27024,42494947.0,3.28,1.09,0.17,0.87
2024-12-30,688553,15.67,15.37,16.09,15.25,47265,74075726.0,5.34,-2.29,-0.36,1.53
2024-12-31,688553,15.38,15.2,15.49,14.92,35862,54178991.0,3.71,-1.11,-0.17,1.16
2025-01-02,688553,15.09,14.59,15.09,14.48,34528,51177385.0,4.01,-4.01,-0.61,1.12
2025-01-03,688553,14.56,14.39,14.88,14.28,32677,47756511.0,4.11,-1.37,-0.2,1.06
2025-01-06,688553,14.46,14.28,14.55,14.1,37023,52717419.0,3.13,-0.76,-0.11,1.2
2025-01-07,688553,14.33,14.2,14.35,13.79,34485,48505503.0,3.92,-0.56,-0.08,1.11
2025-01-08,688553,14.12,14.15,14.31,13.71,23096,32497990.0,4.23,-0.35,-0.05,0.75
2025-01-09,688553,14.15,14.15,14.35,14.02,27420,38899456.0,2.33,0.0,0.0,0.89
2025-01-10,688553,14.16,13.62,14.29,13.62,29926,41525594.0,4.73,-3.75,-0.53,0.97
2025-01-13,688553,13.52,13.78,13.84,13.4,20112,27442573.0,3.23,1.17,0.16,0.65
2025-01-14,688553,13.74,14.35,14.44,13.74,33094,47021331.0,5.08,4.14,0.57,1.07
2025-01-15,688553,14.34,14.09,14.37,14.05,20818,29474053.0,2.23,-1.81,-0.26,0.67
2025-01-16,688553,14.12,14.0,14.35,13.91,17454,24635802.0,3.12,-0.64,-0.09,0.56
2025-01-17,688553,14.0,14.04,14.19,13.88,17085,23948477.0,2.21,0.29,0.04,0.55
2025-01-20,688553,14.1,14.51,14.56,14.08,31855,45919782.0,3.42,3.35,0.47,1.03
2025-01-21,688553,14.49,14.52,14.58,14.32,22118,31937822.0,1.79,0.07,0.01,0.71
2025-01-22,688553,14.48,14.35,14.52,14.3,18306,26331544.0,1.52,-1.17,-0.17,0.59
2025-01-23,688553,14.41,14.28,14.67,14.28,31136,45127318.0,2.72,-0.49,-0.07,1.01
2025-01-24,688553,14.27,14.52,14.54,14.2,20506,29544527.0,2.38,1.68,0.24,0.66
2025-01-27,688553,14.41,14.45,14.7,14.4,30659,44593507.0,2.07,-0.48,-0.07,0.99
2025-02-05,688553,14.43,14.64,14.76,14.36,38021,55465646.0,2.77,1.31,0.19,1.23
2025-02-06,688553,14.58,14.95,15.0,14.5,32525,48054032.0,3.42,2.12,0.31,1.05
2025-02-07,688553,14.88,14.96,15.09,14.83,36599,54831155.0,1.74,0.07,0.01,1.18
2025-02-10,688553,14.93,15.28,15.3,14.87,34389,52114350.0,2.87,2.14,0.32,1.11
2025-02-11,688553,15.3,15.07,15.36,15.02,27096,40962495.0,2.23,-1.37,-0.21,0.88
2025-02-12,688553,15.08,15.18,15.21,15.04,23915,36175890.0,1.13,0.73,0.11,0.77
2025-02-13,688553,15.15,14.83,15.18,14.8,31210,46654603.0,2.5,-2.31,-0.35,1.01
2025-02-14,688553,14.79,15.3,15.34,14.79,50141,76237206.0,3.71,3.17,0.47,1.62
2025-02-17,688553,15.25,15.56,15.66,15.15,61303,94501318.0,3.33,1.7,0.26,1.98
2025-02-18,688553,15.48,15.05,15.48,15.01,35023,53358457.0,3.02,-3.28,-0.51,1.13
2025-02-19,688553,15.04,15.25,15.25,15.02,25036,37921201.0,1.53,1.33,0.2,0.81
2025-02-20,688553,15.29,15.46,15.7,15.19,40644,63046860.0,3.34,1.38,0.21,1.31
2025-02-21,688553,15.41,15.66,15.84,15.25,47314,73654102.0,3.82,1.29,0.2,1.53
2025-02-24,688553,15.79,15.55,15.79,15.44,37341,58255660.0,2.23,-0.7,-0.11,1.21
2025-02-25,688553,15.41,15.55,15.64,15.28,29731,46016734.0,2.32,0.0,0.0,0.96
2025-02-26,688553,15.5,16.02,16.12,15.5,55932,88570548.0,3.99,3.02,0.47,1.81
2025-02-27,688553,16.21,17.59,18.1,16.21,176965,307445450.0,11.8,9.8,1.57,5.72
2025-02-28,688553,17.68,16.78,17.76,16.68,106024,182184810.0,6.14,-4.6,-0.81,3.43
2025-03-03,688553,16.82,16.89,17.67,16.78,105638,181467332.0,5.3,0.66,0.11,3.41
2025-03-04,688553,16.89,16.63,16.94,16.52,60251,100530805.0,2.49,-1.54,-0.26,1.95
2025-03-05,688553,16.63,16.54,16.63,16.3,43011,70713947.0,1.98,-0.54,-0.09,1.39
2025-03-06,688553,16.7,16.57,16.73,16.42,63015,104477680.0,1.87,0.18,0.03,2.04
2025-03-07,688553,16.47,16.39,16.57,16.24,39235,64247797.0,1.99,-1.09,-0.18,1.27
2025-03-10,688553,16.56,17.05,17.67,16.56,119578,206138402.0,6.77,4.03,0.66,3.86
2025-03-11,688553,16.92,16.41,16.98,16.24,76643,126598230.0,4.34,-3.75,-0.64,2.48
2025-03-12,688553,16.49,16.31,16.52,16.28,39838,65170111.0,1.46,-0.61,-0.1,1.29
2025-03-13,688553,16.32,16.06,16.39,15.93,38681,62307733.0,2.82,-1.53,-0.25,1.25
2025-03-14,688553,16.15,16.32,16.35,16.02,32852,53252671.0,2.05,1.62,0.26,1.06
2025-03-17,688553,16.45,16.38,16.46,16.24,33829,55253462.0,1.35,0.37,0.06,1.09
2025-03-18,688553,16.54,16.56,16.78,16.39,45285,75247318.0,2.38,1.1,0.18,1.46
2025-03-19,688553,16.53,16.39,16.7,16.31,35964,59488644.0,2.36,-1.03,-0.17,1.16
2025-03-20,688553,16.45,16.21,16.45,16.19,32924,53603172.0,1.59,-1.1,-0.18,1.06
2025-03-21,688553,16.26,15.85,16.34,15.8,45112,72220402.0,3.33,-2.22,-0.36,1.46
2025-03-24,688553,15.84,15.6,15.99,15.31,40445,63180545.0,4.29,-1.58,-0.25,1.31
2025-03-25,688553,15.63,15.73,15.84,15.43,26276,41021573.0,2.63,0.83,0.13,0.85
2025-03-26,688553,15.65,15.73,15.89,15.65,24210,38164083.0,1.53,0.0,0.0,0.78
2025-03-27,688553,15.68,16.23,16.33,15.39,57599,92266350.0,5.98,3.18,0.5,1.86
2025-03-28,688553,16.35,16.34,16.8,16.26,68803,113937349.0,3.33,0.68,0.11,2.22
2025-03-31,688553,16.18,16.03,16.43,15.8,48072,77212884.0,3.86,-1.9,-0.31,1.55
2025-04-01,688553,15.76,16.49,16.8,15.72,92080,151311553.0,6.74,2.87,0.46,2.97
2025-04-02,688553,16.6,17.07,17.29,16.45,123875,211546777.0,5.09,3.52,0.58,4.0
2025-04-03,688553,16.9,16.45,17.2,16.35,91379,152685803.0,4.98,-3.63,-0.62,2.95
2025-04-07,688553,15.6,13.72,15.98,13.17,108420,158428052.0,17.08,-16.6,-2.73,3.5
2025-04-08,688553,13.85,14.08,14.5,13.73,74219,104197783.0,5.61,2.62,0.36,2.4
2025-04-09,688553,13.83,14.33,14.36,13.02,66396,91338184.0,9.52,1.78,0.25,2.15
2025-04-10,688553,14.69,14.51,14.95,14.37,50371,74028196.0,4.05,1.26,0.18,1.63
2025-04-11,688553,14.44,14.81,15.02,14.41,51009,75152108.0,4.2,2.07,0.3,1.65
2025-04-14,688553,15.13,15.66,15.94,14.97,74629,116227353.0,6.55,5.74,0.85,2.41
2025-04-15,688553,15.6,15.95,16.06,15.57,52204,82526541.0,3.13,1.85,0.29,1.69
2025-04-16,688553,15.9,15.19,15.93,15.05,44412,68140492.0,5.52,-4.76,-0.76,1.43
2025-04-17,688553,15.07,15.24,15.45,15.07,21313,32646955.0,2.5,0.33,0.05,0.69
2025-04-18,688553,15.27,15.15,15.5,15.09,21408,32585726.0,2.69,-0.59,-0.09,0.69
2025-04-21,688553,15.2,15.95,16.04,15.08,51319,80548908.0,6.34,5.28,0.8,1.66
2025-04-22,688553,15.9,16.08,16.15,15.74,44274,70913165.0,2.57,0.82,0.13,1.43
2025-04-23,688553,16.13,15.9,16.29,15.85,39454,63336729.0,2.74,-1.12,-0.18,1.27
2025-04-24,688553,15.9,16.03,16.33,15.87,34228,55021412.0,2.89,0.82,0.13,1.11
2025-04-25,688553,16.1,15.7,16.1,15.44,49150,76998907.0,4.12,-2.06,-0.33,1.59
2025-04-28,688553,14.7,14.1,14.7,13.8,109457,153490698.0,5.73,-10.19,-1.6,3.19
2025-04-29,688553,14.01,14.08,14.26,13.91,41698,58476562.0,2.48,-0.14,-0.02,1.21
2025-04-30,688553,14.05,13.93,14.17,13.89,36293,50693376.0,1.99,-1.07,-0.15,1.06
2025-05-06,688553,14.04,14.08,14.26,14.04,42352,59862522.0,1.58,1.08,0.15,1.23
2025-05-07,688553,14.19,14.22,14.58,14.12,53604,76951467.0,3.27,0.99,0.14,1.56
2025-05-08,688553,14.2,14.45,14.5,14.1,31953,45866051.0,2.81,1.62,0.23,0.93
2025-05-09,688553,14.43,14.08,14.45,14.06,34600,49059319.0,2.7,-2.56,-0.37,1.01
2025-05-12,688553,14.07,13.73,14.18,13.56,58922,81019249.0,4.4,-2.49,-0.35,1.72
2025-05-13,688553,13.91,13.64,13.96,13.59,33423,45911250.0,2.69,-0.66,-0.09,0.97
2025-05-14,688553,13.61,13.71,13.82,13.53,21970,30029019.0,2.13,0.51,0.07,0.64
2025-05-15,688553,13.77,13.59,13.77,13.57,17501,23887339.0,1.46,-0.88,-0.12,0.51
2025-05-16,688553,13.61,13.59,13.7,13.55,18425,25115291.0,1.1,0.0,0.0,0.54
2025-05-19,688553,13.62,13.59,13.7,13.48,20223,27463261.0,1.62,0.0,0.0,0.59
2025-05-20,688553,13.59,13.86,13.96,13.58,34968,48438655.0,2.8,1.99,0.27,1.02
2025-05-21,688553,13.89,14.11,14.29,13.81,39777,56104930.0,3.46,1.8,0.25,1.16
2025-05-22,688553,14.07,14.51,15.09,14.0,93448,136408318.0,7.73,2.83,0.4,2.72
2025-05-23,688553,14.65,14.79,15.0,14.52,64679,95752553.0,3.31,1.93,0.28,1.88
2025-05-26,688553,14.7,14.67,14.77,14.32,58657,85544447.0,3.04,-0.81,-0.12,1.71
2025-05-27,688553,14.75,14.8,14.81,14.46,28057,41053986.0,2.39,0.89,0.13,0.82
2025-05-28,688553,14.65,14.85,14.99,14.54,41820,61889330.0,3.04,0.34,0.05,1.22
2025-05-29,688553,14.86,15.43,15.54,14.75,86027,131688147.0,5.32,3.91,0.58,2.5
2025-05-30,688553,15.56,16.09,16.6,15.56,135896,219957280.0,6.74,4.28,0.66,3.96
2025-06-03,688553,16.1,16.38,16.52,15.96,88357,144530095.0,3.48,1.8,0.29,2.57
2025-06-04,688553,16.48,16.63,16.86,16.32,66512,111081609.0,3.3,1.53,0.25,1.94
2025-06-05,688553,16.78,16.35,16.8,16.19,72135,117945944.0,3.67,-1.68,-0.28,2.1
2025-06-06,688553,16.27,16.09,16.55,15.94,62046,100324899.0,3.73,-1.59,-0.26,1.81
2025-06-09,688553,16.35,17.46,17.98,16.33,161004,281900964.0,10.25,8.51,1.37,4.69
2025-06-10,688553,17.31,17.23,17.71,17.01,88258,153026225.0,4.01,-1.32,-0.23,2.57
2025-06-11,688553,17.13,17.5,17.79,16.84,95711,166323778.0,5.51,1.57,0.27,2.79
2025-06-12,688553,17.5,17.77,18.1,17.3,126202,223258308.0,4.57,1.54,0.27,3.67
2025-06-13,688553,17.33,16.65,17.69,16.58,97476,165852878.0,6.25,-6.3,-1.12,2.84
2025-06-16,688553,16.8,16.67,17.09,16.55,59014,98951851.0,3.24,0.12,0.02,1.72
2025-06-17,688553,16.68,16.18,16.99,16.09,83332,136653584.0,5.4,-2.94,-0.49,2.43
2025-06-18,688553,16.1,16.38,16.44,16.02,46468,75601405.0,2.6,1.24,0.2,1.35
2025-06-19,688553,16.3,15.92,16.67,15.84,32874,53317591.0,5.07,-2.81,-0.46,0.96
2025-06-20,688553,15.91,15.56,16.05,15.5,39326,61593196.0,3.45,-2.26,-0.36,1.14
2025-06-23,688553,15.7,16.19,16.4,15.27,91509,145041569.0,7.26,4.05,0.63,2.66
2025-06-24,688553,16.47,17.03,17.58,16.21,139168,237450216.0,8.46,5.19,0.84,4.05
2025-06-25,688553,17.04,16.51,17.62,16.5,120387,204612444.0,6.58,-3.05,-0.52,3.5
2025-06-26,688553,16.43,16.1,16.58,15.43,103522,165022383.0,6.97,-2.48,-0.41,3.01
2025-06-27,688553,16.09,15.87,16.18,15.86,39830,63683389.0,1.99,-1.43,-0.23,1.16
2025-06-30,688553,15.94,16.29,16.44,15.82,63833,103218237.0,3.91,2.65,0.42,1.86
2025-07-01,688553,16.4,16.85,17.28,16.24,105771,177004649.0,6.38,3.44,0.56,3.08
2025-07-02,688553,16.81,16.25,17.25,16.16,75249,124107955.0,6.47,-3.56,-0.6,2.19
2025-07-03,688553,16.26,17.62,18.35,16.0,271212,476312946.0,14.46,8.43,1.37,7.89
2025-07-04,688553,17.69,20.93,21.14,17.66,487672,951574582.0,19.75,18.79,3.31,14.2
2025-07-07,688553,20.83,20.04,21.9,19.89,371217,769229550.0,9.6,-4.25,-0.89,10.81
2025-07-08,688553,19.81,19.45,21.35,19.26,247648,495256352.0,10.43,-2.94,-0.59,7.21
2025-07-09,688553,19.28,20.02,21.13,19.03,290912,586318959.0,10.8,2.93,0.57,8.47
2025-07-10,688553,20.15,20.33,21.45,19.73,274070,564107422.0,8.59,1.55,0.31,7.98
2025-07-11,688553,20.22,20.07,20.95,19.88,184373,374252298.0,5.26,-1.28,-0.26,5.37
2025-07-14,688553,19.91,19.73,20.14,19.31,164220,323466653.0,4.14,-1.69,-0.34,4.78
2025-07-15,688553,19.73,19.13,19.77,18.91,172138,330485295.0,4.36,-3.04,-0.6,5.01
2025-07-16,688553,19.1,19.31,19.45,18.66,130861,249033057.0,4.13,0.94,0.18,3.81
2025-07-17,688553,19.2,20.51,20.55,19.12,260948,520625105.0,7.41,6.21,1.2,7.6
2025-07-18,688553,20.31,22.35,22.58,19.6,331369,692474766.0,14.53,8.97,1.84,9.65
2025-07-21,688553,21.85,22.61,22.72,21.7,226091,503272352.0,4.56,1.16,0.26,6.58
2025-07-22,688553,22.58,21.78,23.62,21.63,208896,469080460.0,8.8,-3.67,-0.83,6.08
2025-07-23,688553,21.42,21.51,22.15,21.03,111489,240097472.0,5.14,-1.24,-0.27,3.25
2025-07-24,688553,21.46,21.7,23.09,20.88,181329,396095560.0,10.27,0.88,0.19,5.28
2025-07-25,688553,21.67,20.73,21.76,20.63,130802,275337731.0,5.21,-4.47,-0.97,3.81
2025-07-28,688553,20.84,21.01,21.6,20.8,102615,216556245.0,3.86,1.35,0.28,2.99
2025-07-29,688553,21.26,22.59,22.7,20.55,182769,398740339.0,10.23,7.52,1.58,5.32
2025-07-30,688553,22.26,22.68,24.15,22.05,239529,552540251.0,9.3,0.4,0.09,6.97
2025-07-31,688553,22.71,22.47,23.99,22.22,198843,458647268.0,7.8,-0.93,-0.21,5.79
2025-08-01,688553,22.24,22.39,23.31,21.95,133452,303681800.0,6.05,-0.36,-0.08,3.88
2025-08-04,688553,22.01,23.09,23.18,21.21,143061,320094452.0,8.8,3.13,0.7,4.16
2025-08-05,688553,23.5,24.03,24.36,22.76,206133,489807673.0,6.93,4.07,0.94,6.0
2025-08-06,688553,23.88,23.03,24.28,23.0,123491,288594790.0,5.33,-4.16,-1.0,3.59
2025-08-07,688553,23.3,22.6,23.3,22.2,97065,220517735.0,4.78,-1.87,-0.43,2.83
2025-08-08,688553,22.71,22.28,22.71,21.96,67055,149299092.0,3.32,-1.42,-0.32,1.95
2025-08-11,688553,22.3,22.49,22.73,21.99,68669,153300805.0,3.32,0.94,0.21,2.0
2025-08-12,688553,22.44,21.31,22.67,20.98,129897,280487332.0,7.51,-5.25,-1.18,3.78
2025-08-13,688553,21.4,22.3,22.39,21.21,100885,221480125.0,5.54,4.65,0.99,2.94
2025-08-14,688553,22.5,22.54,23.75,22.24,129346,295320390.0,6.77,1.08,0.24,3.77
2025-08-15,688553,23.0,24.74,24.98,23.0,265134,636874811.0,8.78,9.76,2.2,7.72
2025-08-18,688553,24.89,25.72,25.98,24.72,185356,469611480.0,5.09,3.96,0.98,5.4
2025-08-19,688553,25.5,25.52,26.59,25.41,130605,336985840.0,4.59,-0.78,-0.2,3.8
2025-08-20,688553,25.4,24.64,26.18,24.1,136316,339847026.0,8.15,-3.45,-0.88,3.97
2025-08-21,688553,24.8,24.25,25.15,24.07,80986,198363744.0,4.38,-1.58,-0.39,2.36
2025-08-22,688553,24.39,25.35,26.19,24.15,142021,356251719.0,8.41,4.54,1.1,4.13
2025-08-25,688553,25.7,27.61,28.13,25.58,190982,514859458.0,10.06,8.92,2.26,5.56
2025-08-26,688553,27.65,27.05,28.28,26.5,130820,355958751.0,6.45,-2.03,-0.56,3.81
2025-08-27,688553,26.6,24.89,26.65,24.03,232568,580341803.0,9.69,-7.99,-2.16,6.77
2025-08-28,688553,24.35,24.09,24.84,23.35,150174,360621932.0,5.99,-3.21,-0.8,4.37
2025-08-29,688553,24.07,24.76,25.29,23.76,117885,289831412.0,6.35,2.78,0.67,3.43
2025-09-01,688553,24.1,24.42,24.98,22.81,138983,334466299.0,8.76,-1.37,-0.34,4.05
2025-09-02,688553,24.3,24.48,25.75,24.18,130252,325220009.0,6.43,0.25,0.06,3.79
2025-09-03,688553,24.48,23.67,25.24,23.08,115590,277034165.0,8.82,-3.31,-0.81,3.36
2025-09-04,688553,23.93,23.05,24.5,22.84,92476,220307881.0,7.01,-2.62,-0.62,2.69
2025-09-05,688553,23.28,24.43,24.45,22.35,102801,244193909.0,9.11,5.99,1.38,2.99
2025-09-08,688553,24.52,23.73,24.58,23.33,99559,236243364.0,5.12,-2.87,-0.7,2.9
2025-09-09,688553,23.73,23.37,24.02,23.3,66610,157572604.0,3.03,-1.52,-0.36,1.94
2025-09-10,688553,23.28,23.93,24.39,23.26,87353,209489713.0,4.84,2.4,0.56,2.54
2025-09-11,688553,23.2,22.91,23.2,21.77,144840,326919533.0,5.98,-4.26,-1.02,4.22
2025-09-12,688553,22.91,22.74,23.66,22.14,99969,227654965.0,6.63,-0.74,-0.17,2.91
2025-09-15,688553,22.85,22.93,23.91,22.78,80308,187120408.0,4.97,0.84,0.19,2.34
2025-09-16,688553,23.0,23.68,23.95,22.87,77297,181344596.0,4.71,3.27,0.75,2.25
2025-09-17,688553,23.65,24.52,25.72,23.45,161633,399121530.0,9.59,3.55,0.84,4.7
2025-09-18,688553,24.78,25.71,26.68,24.78,183327,476426998.0,7.75,4.85,1.19,5.34
2025-09-19,688553,25.8,24.56,26.1,24.39,73745,184829163.0,6.65,-4.47,-1.15,2.15
2025-09-22,688553,24.8,24.82,25.77,24.3,70543,175952891.0,5.99,1.06,0.26,2.05
2025-09-23,688553,24.82,25.1,25.28,23.81,73314,180074892.0,5.92,1.13,0.28,2.13
2025-09-24,688553,25.0,25.01,25.96,24.68,59287,149214593.0,5.1,-0.36,-0.09,1.73
2025-09-25,688553,24.0,23.76,24.68,23.5,102692,246639614.0,4.72,-5.0,-1.25,2.99
2025-09-26,688553,23.6,22.3,23.6,22.22,95159,214643399.0,5.81,-6.14,-1.46,2.77
2025-09-29,688553,22.48,21.45,22.48,21.13,83246,178830631.0,6.05,-3.81,-0.85,2.42
2025-09-30,688553,21.46,21.46,21.87,21.21,51219,110174377.0,3.08,0.05,0.01,1.49
2025-10-09,688553,21.83,21.33,21.83,21.12,34936,74554416.0,3.31,-0.61,-0.13,1.02
2025-10-10,688553,21.68,21.33,22.14,21.17,55071,119045947.0,4.55,0.0,0.0,1.6
2025-10-13,688553,20.0,21.0,21.59,19.9,59264,124056681.0,7.92,-1.55,-0.33,1.73
2025-10-14,688553,21.01,20.01,21.5,19.9,54037,111597793.0,7.62,-4.71,-0.99,1.57
2025-10-15,688553,20.08,21.09,21.2,19.92,61334,127654194.0,6.4,5.4,1.08,1.79
2025-10-16,688553,21.0,20.91,21.59,20.74,41804,88392536.0,4.03,-0.85,-0.18,1.22
2025-10-17,688553,21.58,20.93,22.23,20.8,50941,109256043.0,6.84,0.1,0.02,1.48
2025-10-20,688553,21.4,21.2,21.5,20.62,31206,65876274.0,4.2,1.29,0.27,0.91
2025-10-21,688553,21.2,21.65,21.94,21.01,35198,75822920.0,4.39,2.12,0.45,1.02
2025-10-22,688553,21.61,21.93,22.55,21.61,54813,121565563.0,4.34,1.29,0.28,1.6
2025-10-23,688553,21.79,21.28,21.92,20.71,56759,119633994.0,5.52,-2.96,-0.65,1.65
2025-10-24,688553,21.35,20.95,21.35,20.85,32376,68023502.0,2.35,-1.55,-0.33,0.94
2025-10-27,688553,21.0,20.63,21.22,20.4,64883,134064015.0,3.91,-1.53,-0.32,1.89
2025-10-28,688553,20.69,20.57,20.76,20.49,23684,48839558.0,1.31,-0.29,-0.06,0.69
2025-10-29,688553,20.6,20.5,20.68,20.18,26813,54675175.0,2.43,-0.34,-0.07,0.78
2025-10-30,688553,20.54,20.28,20.74,20.21,22665,46178708.0,2.59,-1.07,-0.22,0.66
2025-10-31,688553,20.02,21.85,22.05,20.02,110792,236220873.0,10.01,7.74,1.57,3.23
2025-11-03,688553,22.08,22.28,22.55,21.61,74012,164063954.0,4.3,1.97,0.43,2.15
2025-11-04,688553,22.18,21.38,22.35,21.15,45640,98191098.0,5.39,-4.04,-0.9,1.33
2025-11-05,688553,21.2,21.18,21.34,20.75,27557,57942879.0,2.76,-0.94,-0.2,0.8
2025-11-06,688553,21.18,21.07,21.24,20.76,24576,51596994.0,2.27,-0.52,-0.11,0.72
2025-11-07,688553,21.07,20.77,21.13,20.67,31391,65332066.0,2.18,-1.42,-0.3,0.91
2025-11-10,688553,20.58,21.04,21.07,20.58,26595,55447881.0,2.36,1.3,0.27,0.77
2025-11-11,688553,21.04,20.82,21.04,20.68,16010,33380237.0,1.71,-1.05,-0.22,0.47
2025-11-12,688553,20.85,21.05,21.1,20.67,26749,56153982.0,2.07,1.1,0.23,0.78
2025-11-13,688553,21.01,21.65,22.0,20.87,69670,149461054.0,5.37,2.85,0.6,2.03
2025-11-14,688553,21.59,21.46,22.0,21.36,46826,101545610.0,2.96,-0.88,-0.19,1.36
2025-11-17,688553,21.49,21.44,21.53,21.0,24484,51878739.0,2.47,-0.09,-0.02,0.71
2025-11-18,688553,21.38,21.74,22.11,21.22,60354,131423882.0,4.15,1.4,0.3,1.76
2025-11-19,688553,21.61,20.6,21.88,20.26,60022,124979306.0,7.45,-5.24,-1.14,1.75
2025-11-20,688553,20.79,20.19,20.86,20.11,36135,73865328.0,3.64,-1.99,-0.41,1.05
2025-11-21,688553,20.1,18.98,20.1,18.88,52028,100532418.0,6.04,-5.99,-1.21,1.51
2025-11-24,688553,19.36,20.0,20.15,19.2,68294,135215589.0,5.01,5.37,1.02,1.99
2025-11-25,688553,20.0,20.14,20.53,19.93,34880,70585985.0,3.0,0.7,0.14,1.02
2025-11-26,688553,20.13,20.14,21.15,20.13,67800,139616599.0,5.06,0.0,0.0,1.97
2025-11-27,688553,20.34,20.33,20.61,19.92,32273,65503845.0,3.43,0.94,0.19,0.94
2025-11-28,688553,20.4,20.24,20.43,19.91,28865,58107977.0,2.56,-0.44,-0.09,0.84
2025-12-01,688553,20.12,19.87,20.37,19.81,51563,102706829.0,2.77,-1.83,-0.37,1.5
2025-12-02,688553,19.86,19.45,19.87,19.42,23787,46540382.0,2.26,-2.11,-0.42,0.69
2025-12-03,688553,19.43,19.11,19.69,18.9,28752,55039901.0,4.06,-1.75,-0.34,0.84
2025-12-04,688553,19.2,19.09,19.25,18.71,30195,57210374.0,2.83,-0.1,-0.02,0.88
2025-12-05,688553,19.29,19.5,19.69,19.04,41107,79635332.0,3.4,2.15,0.41,1.2
2025-12-08,688553,19.51,19.32,19.98,19.2,48121,93299472.0,4.0,-0.92,-0.18,1.4
2025-12-09,688553,19.32,18.77,19.37,18.69,56274,106494714.0,3.52,-2.85,-0.55,1.64
2025-12-10,688553,18.94,18.87,19.19,18.57,30949,58753433.0,3.3,0.53,0.1,0.9
2025-12-11,688553,18.91,18.65,19.13,18.53,27808,51999768.0,3.18,-1.17,-0.22,0.81
2025-12-12,688553,18.68,18.7,18.79,18.2,41002,76264072.0,3.16,0.27,0.05,1.19
2025-12-15,688553,18.46,18.42,18.73,18.25,27850,51258517.0,2.57,-1.5,-0.28,0.81
2025-12-16,688553,18.5,18.13,18.5,17.93,31364,56799754.0,3.09,-1.57,-0.29,0.91
2025-12-17,688553,18.11,18.14,18.24,17.92,22878,41328508.0,1.77,0.06,0.01,0.67
2025-12-18,688553,18.19,18.6,18.85,18.09,46928,86903913.0,4.19,2.54,0.46,1.37
2025-12-19,688553,18.76,18.64,18.9,18.5,32813,61373865.0,2.15,0.22,0.04,0.96
2025-12-22,688553,18.7,18.34,18.7,18.1,47902,87963761.0,3.22,-1.61,-0.3,1.39
2025-12-23,688553,18.27,18.07,18.41,18.0,25670,46703013.0,2.24,-1.47,-0.27,0.75
2025-12-24,688553,18.06,18.12,18.31,17.82,25251,45679051.0,2.71,0.28,0.05,0.74
2025-12-25,688553,18.09,18.14,18.31,17.99,35753,64858974.0,1.77,0.11,0.02,1.04
2025-12-26,688553,18.16,17.88,18.18,17.76,45879,82587429.0,2.32,-1.43,-0.26,1.34
2025-12-29,688553,17.89,17.68,17.95,17.5,42516,75008205.0,2.52,-1.12,-0.2,1.24
