code,name
000089,深圳机场
000425,徐工机械
000528,柳    工
002020,京新药业
002037,保利联合
002317,众生药业
002354,天娱数科
002930,宏川智慧
600129,太极集团
600419,天润乳业
600463,空港股份
600720,中交设计
600926,杭州银行
601288,农业银行
603000,人民网
603279,景津装备
603328,依顿电子
605007,五洲特纸
