code,name
000783,长江证券
002342,巨力索具
002550,千红制药
603137,恒尚节能
603725,天安新材
